lat,lon,beam_id,SNR_dB,throughput_Mbps,availability_pct,FSPL_dB,Pr_dBm,Gt_dBi,G_rx_dBi,L_atm_dB,L_rain_dB
7.553306039000036,111.54208323299952,SAT_10043,19.368230846479122,187.69629851144504,98.89540734990013,170.65895084295093,-65.62146919688107,29.65183092235655,35.0,0.12329843347517024,12.491050842811525
7.653306039000036,113.84208323299939,SAT_10044,20.03658173168978,191.45577224075498,98.9772024896469,170.48337352661787,-64.95311831167041,29.946340005261714,35.0,0.12051167352122352,12.295573116793037
7.653306039000036,113.94208323299938,SAT_10044,20.035496234142116,191.4496663170494,98.97707704100522,170.48366649864482,-64.95420380921807,29.94586841141072,35.0,0.12051616430912032,12.295889557674844
7.7533060390000355,114.14208323299937,SAT_10044,19.949719395384435,190.96717159903747,98.96709704172032,170.5067821981501,-65.03998064797575,29.908558818660048,35.0,0.12087111442299313,12.32088615406272
8.153306039000034,114.74208323299933,SAT_10098,20.110245971369565,191.87013358895382,98.98558805854624,170.461076374762,-64.87945407199062,29.976896310981186,35.0,0.12022060847617833,12.27505339973363
8.353306039000033,115.2420832329993,SAT_10098,20.005863834257767,191.28298406769994,98.9735786155158,170.48927548006856,-64.98383620910242,29.931586757946945,35.0,0.12065251167953456,12.305494975301281
8.653306039000032,104.8420832329999,SAT_10097,19.985694388309355,191.16953093424013,98.97136219165516,170.4980399566291,-65.00400565505083,29.924771877581883,35.0,0.12071677621804501,12.310020799785583
8.653306039000032,104.94208323299989,SAT_10097,19.9339720373531,190.8785927101112,98.9653167957846,170.51196147395558,-65.05572800600709,29.902252344415484,35.0,0.1209308217806789,12.325088054686315
8.653306039000032,105.04208323299989,SAT_10097,19.872638314410864,190.53359051856108,98.95808124662095,170.52843736162487,-65.11706172894932,29.875507363791684,35.0,0.12118472097425288,12.342947010141888
8.653306039000032,106.5420832329998,SAT_10097,19.74130556223922,189.7948437875956,98.9423391931098,170.5635983165212,-65.24839448112097,29.81809067990981,35.0,0.1217286748918176,12.381158169617773
8.753306039000032,104.94208323299989,SAT_10097,19.894713118945745,190.65776129406981,98.96069805796527,170.52251154561245,-65.09498692441444,29.885138314314187,35.0,0.12109332958126949,12.336520363534914
8.753306039000032,105.04208323299989,SAT_10097,19.833460308417983,190.31321423485116,98.95342604372146,170.53894315103744,-65.1562397349422,29.858400448013693,35.0,0.12134694793713324,12.354350083981322
8.753306039000032,105.14208323299988,SAT_10097,19.762655613730132,189.91493782723197,98.94492768685093,170.55789336350526,-65.22704442963006,29.827438317243224,35.0,0.1216402209746873,12.374949162393328
8.853306039000032,104.8420832329999,SAT_10097,19.897176032716075,190.6716151840279,98.9609931288635,170.52185011117746,-65.09252401064411,29.88621249722656,35.0,0.12108313360918052,12.335803263084028
8.853306039000032,104.94208323299989,SAT_10097,19.845604328147232,190.38152434582818,98.95487851976496,170.53568820623823,-65.14409571521296,29.863705006843173,35.0,0.12129665870140584,12.3508158571165
8.853306039000032,105.04208323299989,SAT_10097,19.784448445215574,190.0375225043376,98.94755970829804,170.5520657078574,-65.20525159814461,29.836974328675964,35.0,0.12154994311120387,12.368610275851982
8.853306039000032,105.14208323299988,SAT_10043,19.78884636367779,190.0622607956876,98.94795256779415,170.54720389024308,-65.2008536796824,29.836759823405107,35.0,0.12155344459324115,12.368856168251178
8.853306039000032,105.24208323299987,SAT_10043,19.854082040723384,190.42921147906907,98.95575252217995,170.5297251133049,-65.1356180026368,29.8652571480469,35.0,0.12128315692699522,12.34986688045182
8.853306039000032,114.64208323299934,SAT_10098,20.091543006774216,191.764929413105,98.98346248774882,170.466136617193,-64.89815703658597,29.968787306233853,35.0,0.1202979776490706,12.280509747977755
8.953306039000031,104.8420832329999,SAT_10097,19.83816079402669,190.33965446640013,98.95399664301576,170.53768345023798,-65.1515392493335,29.860453844657663,35.0,0.12132748250432725,12.352982161248844
8.953306039000031,104.94208323299989,SAT_10097,19.78668452497807,190.05010045300165,98.9478342717323,170.55146750331915,-65.20301551838212,29.837952468876313,35.0,0.12154068064303925,12.367959803296246
8.953306039000031,105.04208323299989,SAT_10043,19.757704751439306,189.8870892268461,98.94420528814983,170.55553371533875,-65.23199529192088,29.823138486237227,35.0,0.1216825057334798,12.377917557085878
8.953306039000031,105.14208323299988,SAT_10043,19.832508459444924,190.3078600843777,98.95318743345082,170.53550979273038,-65.15719158391526,29.85583853173561,35.0,0.12137253106246876,12.356147791858026
8.953306039000031,105.24208323299987,SAT_10043,19.897802693745902,190.67514015232072,98.96093738604664,170.51798859353713,-65.09189734961429,29.88432802978095,35.0,0.121102064988471,12.337134720869635
8.953306039000031,105.34208323299987,SAT_10043,19.95353744938295,190.9886481527791,98.96748718274023,170.5030009243368,-65.03616259397724,29.90860691747729,35.0,0.12087127298768038,12.320897314130054
9.05330603900003,104.8420832329999,SAT_10097,19.76936770543304,189.95269334306084,98.94575525219213,170.55609894495745,-65.22033233792715,29.830375955790867,35.0,0.1216124146769823,12.372996934083586
9.05330603900003,104.94208323299989,SAT_10097,19.71799990636032,189.66374947327682,98.93953591442482,170.5698209758258,-65.27170013699987,29.80788075673657,35.0,0.12182524254879938,12.38793467536185
9.05330603900003,105.04208323299989,SAT_10043,19.791469349974932,190.077015093609,98.94827902259048,170.54650187454519,-65.19823069338526,29.83790659998044,35.0,0.12154257506303602,12.368092843757484
9.05330603900003,105.14208323299988,SAT_10043,19.86631996898973,190.49804982556725,98.95721564580326,170.52644173020275,-65.12338007437046,29.87059757193776,35.0,0.121232462805613,12.346303453299866
9.05330603900003,105.24208323299987,SAT_10043,19.93165549661572,190.86556216846344,98.96492658105642,170.5088886989692,-65.05804454674447,29.89907916478937,35.0,0.1209618755634489,12.327273137001193
9.05330603900003,105.34208323299987,SAT_10043,19.987425756930534,191.17926988273425,98.97144359065089,170.49387369829375,-65.00227428642965,29.923351315651264,35.0,0.1207309793392309,12.311020924447925
9.05330603900003,105.44208323299986,SAT_10043,20.03358747489547,191.438929546287,98.9767931281759,170.48142340804986,-64.95611256846472,29.94341397093655,35.0,0.12053991719882512,12.297563214152582
9.15330603900003,104.8420832329999,SAT_10097,19.690850370931926,189.5110333364921,98.93623413047537,170.57706358089152,-65.29884967242826,29.795978896411054,35.0,0.12193775269025298,12.395827235257551
9.15330603900003,104.94208323299989,SAT_10043,19.731037344400008,189.73708506225006,98.94098888935824,170.5626595759261,-65.25866269896018,29.811465168329516,35.0,0.12179304154075409,12.385675249822851
9.15330603900003,105.04208323299989,SAT_10043,19.815376365874073,190.21149205804167,98.95115067112091,170.5401004385766,-65.17432367748611,29.848355103527343,35.0,0.12144351264522157,12.361134829791645
9.15330603900003,105.14208323299988,SAT_10043,19.89025402202057,190.6326788738657,98.9600542786601,170.52001626606705,-65.09944602133962,29.881036911750538,35.0,0.12113332867785082,12.33933333834526
9.15330603900003,105.24208323299987,SAT_10043,19.955613385186595,191.0003252916746,98.9677369170004,170.5024421183525,-65.03408665817359,29.90951052082981,35.0,0.12086267810582743,12.32029238254509
9.15330603900003,105.34208323299987,SAT_10043,20.011404166303905,191.31414843545946,98.97423014888744,170.48740898653932,-64.97829587705628,29.933775867892884,35.0,0.12063172727808956,12.30403103113175
9.15330603900003,105.44208323299986,SAT_10043,20.057582992140595,191.57390433079084,98.97956026278786,170.4749436144657,-64.93211705121959,29.953832899362876,35.0,0.12044061956016688,12.290565716556607
9.15330603900003,105.54208323299986,SAT_10043,20.09411364768755,191.77938926824248,98.98374857407596,170.46506834256687,-64.89558639567264,29.96968157095688,35.0,0.12028947458040534,12.27991014948225
9.25330603900003,104.8420832329999,SAT_10043,19.65131461212833,189.28864469322187,98.93125846273666,170.58392297707576,-65.33838543123186,29.776518140614595,35.0,0.12212358512679586,12.408857009643905
9.25330603900003,104.94208323299989,SAT_10043,19.745060097601836,189.81596304901035,98.94269457176253,170.55891334997318,-65.24463994575835,29.817604484307154,35.0,0.1217349155590493,12.381596164533278
9.25330603900003,105.04208323299989,SAT_10043,19.829406836652467,190.2904134561701,98.95283250810502,170.53634109463687,-65.16029320670772,29.85448397403864,35.0,0.12138538119742656,12.35705070491207
9.25330603900003,105.14208323299988,SAT_10043,19.904291504266595,190.7116397114996,98.96171538552859,170.51624518580712,-65.08540853909359,29.887156528355796,35.0,0.12107519186453551,12.335244689777738
9.25330603900003,105.24208323299987,SAT_10043,19.96965711133778,191.07932125127502,98.9693802589724,170.498660723877,-65.0200429320224,29.915622075102547,35.0,0.12080453621289546,12.316199747035045
9.25330603900003,105.34208323299987,SAT_10043,20.02545331411578,191.39317489190125,98.97585856484851,170.48361873596107,-64.96424672924441,29.939880551418142,35.0,0.12057358075575049,12.299934963945727
9.25330603900003,105.44208323299986,SAT_10043,20.071636691909745,191.65295639199232,98.98117648710544,170.47114599716875,-64.91806335145044,29.9599319037355,35.0,0.12038246900078071,12.28646678901642
9.25330603900003,105.54208323299986,SAT_10043,20.10817098987569,191.85846181805076,98.98535525684757,170.4612648741964,-64.8815290534845,29.97577608777983,35.0,0.12023132069533417,12.275808946372617
9.25330603900003,105.64208323299985,SAT_10043,20.13502732405449,192.0095286978065,98.98841139173048,170.45399319313185,-64.8546727193057,29.987413068567463,35.0,0.12012023119083184,12.267972363550482
9.25330603900003,105.74208323299985,SAT_10043,20.15218434623978,192.10603694759877,98.99035687999755,170.44934413308755,-64.83751569712041,29.994842820404948,35.0,0.12004927093288834,12.26296511350492
9.25330603900003,105.84208323299984,SAT_10043,20.159628366692516,192.1479095626454,98.99119931283309,170.44732614699063,-64.83007167666767,29.998065326888387,35.0,0.12001848508246346,12.260792371482964
9.35330603900003,104.8420832329999,SAT_10043,19.655488576052846,189.31212324029727,98.93177891934309,170.58281117641215,-65.33421146730734,29.778349662301743,35.0,0.12210627567376975,12.407643677523158
9.35330603900003,104.94208323299989,SAT_10043,19.749217626874085,189.83934915116674,98.94320378060287,170.55780229950796,-65.2404824164861,29.819424255612702,35.0,0.12171768295012797,12.380386689640725
9.35330603900003,105.04208323299989,SAT_10043,19.833549597751798,190.31371648735387,98.95333184090956,170.5352307249766,-65.15615044560839,29.856293198117537,35.0,0.12136821763746124,12.355844701111872
9.35330603900003,105.14208323299988,SAT_10043,19.908421168786788,190.7348690744257,98.96220613832404,170.51513542524702,-65.0812788745734,29.88895640837763,35.0,0.12105808953566448,12.334041768168332
9.35330603900003,105.24208323299987,SAT_10043,19.97377535550845,191.10248637473507,98.96986366336151,170.49755149861284,-65.01592468785174,29.917413814249883,35.0,0.12078748727653939,12.314999516212238
9.35330603900003,105.34208323299987,SAT_10043,20.029561818286794,191.41628522786323,98.97633579825204,170.48250997031946,-64.9601382250734,29.94166535288484,35.0,0.12055657735481527,12.298737030283966
9.35330603900003,105.44208323299986,SAT_10043,20.075737140003923,191.6760214125221,98.98164868215245,170.4700376138528,-64.91396290335626,29.961710970725047,35.0,0.12036550326204698,12.285270756966463
9.35330603900003,105.54208323299986,SAT_10043,20.11226506881205,191.88149101206778,98.98582351007656,170.46015679454626,-64.87743497454814,29.97755062350366,35.0,0.12021438473200957,12.274614418773524
9.35330603900003,105.64208323299985,SAT_10043,20.139116723148476,192.03253156771015,98.9888767717448,170.45288533739594,-64.85058332021171,29.989184276243297,35.0,0.12010331710524073,12.266778941953826
9.35330603900003,105.74208323299985,SAT_10043,20.156270756582302,192.12902300577545,98.99082043520498,170.4482364207051,-64.83342928677789,29.996611903255125,35.0,0.120032370819272,12.261772398508658
9.35330603900003,105.84208323299984,SAT_10043,20.16371348051547,192.17088832789952,98.99166207888784,170.4462184968804,-64.82598656284472,29.999833488138187,35.0,0.12000159102986244,12.259599963072661
9.35330603900003,105.94208323299983,SAT_10043,20.161438943251284,192.1580940557885,98.99140497469784,170.44683524137568,-64.8282611001089,29.998849023778984,35.0,0.12001099736721925,12.260263885144992
9.35330603900003,106.04208323299983,SAT_10043,20.149448964467766,192.09065042513117,98.99004812375958,170.45008553042717,-64.84025107889242,29.993658512351278,35.0,0.1200605838297873,12.26376347698673
9.35330603900003,106.14208323299982,SAT_10043,20.127753124670562,191.9686113262719,98.98758624551274,170.45596344786605,-64.86194691868963,29.984261965316165,35.0,0.12015031881673599,12.270095117323004
9.45330603900003,104.8420832329999,SAT_10043,19.649818833779705,189.28023094001085,98.93108956690789,170.58432136168636,-65.33988120958048,29.77586174868283,35.0,0.12212978822268561,12.409291808354256
9.45330603900003,104.94208323299989,SAT_10043,19.743506644242828,189.80722487386592,98.94251900051218,170.55932845061028,-65.24619339911736,29.81692447826823,35.0,0.12174135459168005,12.382048072183627
9.45330603900003,105.04208323299989,SAT_10043,19.827801347531803,190.2813825798664,98.95265109396541,170.5367713650153,-65.16189869582838,29.853782771809374,35.0,0.12139203288165896,12.357518069740788
9.45330603900003,105.14208323299988,SAT_10043,19.902639701739673,190.70234832228567,98.96152890949811,170.51668902815092,-65.08706034162051,29.886436547882003,35.0,0.12108203264192854,12.335725828709657
9.45330603900003,105.24208323299987,SAT_10043,19.96796479315377,191.06980196148996,98.96918945834129,170.4991164936493,-65.02173525020642,29.91488573435574,35.0,0.12081154227747756,12.31669294863538
9.45330603900003,105.34208323299987,SAT_10043,20.02372634509669,191.3834606911689,98.97566414025995,170.48408474698687,-64.9659736982635,29.939130268392205,35.0,0.12058072808166148,12.300438491587173
9.45330603900003,105.44208323299986,SAT_10043,20.06988099508048,191.6430805973277,98.98097910898927,170.47162052711252,-64.9198190482797,29.959170096443387,35.0,0.12038973337160098,12.286978884238968
9.45330603900003,105.54208323299986,SAT_10043,20.106392537107354,191.84845802122888,98.98515557134647,170.46174617035516,-64.88330750625283,29.975005174250242,35.0,0.12023867773489552,12.276327832413022
9.45330603900003,105.64208323299985,SAT_10043,20.133232126295468,191.99943071041199,98.98821002622473,170.45447947849524,-64.85646791706472,29.986635466841552,35.0,0.12012765639528375,12.268496249015747
9.45330603900003,105.74208323299985,SAT_10043,20.15037844341211,192.0958787441931,98.99015444832372,170.44983361261524,-64.83932159994808,29.994060948533004,35.0,0.12005673970377702,12.263492196162069
9.45330603900003,105.84208323299984,SAT_10043,20.15781781733901,192.13772522253194,98.99099642028393,170.44781701405142,-64.83188222602118,29.997281602926538,35.0,0.12002597276056617,12.261320842135724
9.45330603900003,105.94208323299983,SAT_10043,20.15554430398899,192.12493670993808,98.99073921582684,170.4484333534376,-64.8341557393712,29.996297422909898,35.0,0.12003537517167688,12.261984433671811
9.45330603900003,106.04208323299983,SAT_10043,20.143559720712744,192.05752342900917,98.98938183552232,170.45168150848428,-64.84614032264744,29.991108410656473,35.0,0.12008494094294864,12.26548228387667
9.45330603900003,106.14208323299982,SAT_10043,20.12187363577263,191.93553920122105,98.98691899587736,170.4575555707773,-64.86782640758756,29.981714577625333,35.0,0.12017463851246367,12.271810775923134
9.553306039000029,104.8420832329999,SAT_10043,19.634309830493493,189.19299279652589,98.92918789908481,170.58845079511823,-65.3553902128667,29.76905440519665,35.0,0.12219410805771665,12.413799714887388
9.553306039000029,104.94208323299989,SAT_10043,19.727931665633193,189.7196156191867,98.94063776548647,170.56348902054452,-65.261768377727,29.810105157738136,35.0,0.12180591554341755,12.386578599377188
9.553306039000029,105.04208323299989,SAT_10043,19.81216666652847,190.19343749922263,98.95078783669412,170.5409601909306,-65.17753337683172,29.846952700601523,35.0,0.12145681178508139,12.362069074717551
9.553306039000029,105.14208323299988,SAT_10043,19.886951741800303,190.6141035476267,98.95968129925318,170.5209031337037,-65.10274830155988,29.87959695237663,35.0,0.12114700585452914,12.340295114378279
9.553306039000029,105.24208323299987,SAT_10043,19.952230114302864,190.9812943929536,98.96735527048105,170.50335281547902,-65.03746992905732,29.90803784094556,35.0,0.12087668572473625,12.321278268799126
9.553306039000029,105.34208323299987,SAT_10043,20.007951628863168,191.29472791235534,98.97384123958788,170.48834014424898,-64.98174841449702,29.932275303480793,35.0,0.12064601730562527,12.305037556423208
9.553306039000029,105.44208323299986,SAT_10043,20.05407302843409,191.55416078494176,98.97916543441626,170.47589179167437,-64.9356270149261,29.952309286443565,35.0,0.12045514358227155,12.291589366113017
9.553306039000029,105.54208323299986,SAT_10043,20.09055819551314,191.7593898497614,98.98334912160885,170.46603003757622,-64.89914184784705,29.968139745582487,35.0,0.120304183864084,12.280947371989237
9.553306039000029,105.64208323299985,SAT_10043,20.117378356018136,191.91025325260205,98.98640884643802,170.4587726385044,-64.87232168734205,29.97976664593238,35.0,0.12019323315255828,12.273122461617483
9.553306039000029,105.74208323299985,SAT_10043,20.134512243212285,192.00663136806912,98.98835661717406,170.45413272199187,-64.8551878001479,29.987189961813367,35.0,0.12012236163409912,12.268122678335308
9.553306039000029,105.84208323299984,SAT_10043,20.141946219715848,192.04844748590165,98.98920003767557,170.45211870780747,-64.84775382364434,29.990409676830218,35.0,0.12009161430318745,12.265953178363896
9.553306039000029,105.94208323299983,SAT_10043,20.139674356129362,192.03566825322764,98.98894239081513,170.45273425719446,-64.85002568723083,29.989425783871916,35.0,0.12010101071984963,12.266616203188436
9.553306039000029,106.04208323299983,SAT_10043,20.127698465311738,191.96830386737852,98.98758267436948,170.4559782507352,-64.86200157804845,29.98423828511146,35.0,0.12015054490399141,12.270111067520713
9.553306039000029,106.14208323299982,SAT_10043,20.106028091893194,191.84640801689923,98.9851155900708,170.46184479512394,-64.883671951467,29.97484719200595,35.0,0.12024018536771837,12.276434162981289
9.553306039000029,106.24208323299982,SAT_10043,20.074680457154955,191.67007757149665,98.9815314856071,170.47032325875762,-64.91501958620523,29.961252525296857,35.0,0.1203698752852989,12.285578977459172
9.553306039000029,106.4420832329998,SAT_10043,19.983060034818564,191.1547126958544,98.97095114937767,170.495050137215,-65.00664000854162,29.92145260045921,35.0,0.1207490514573605,12.31229342032848
9.653306039000029,104.94208323299989,SAT_10043,19.702504984666746,189.57659053875048,98.9375526306689,170.57027643463596,-65.28719505869344,29.7989663089293,35.0,0.12191132512859691,12.393973607858177
9.653306039000029,105.04208323299989,SAT_10043,19.786657990740366,190.04995119791457,98.94773475586052,170.54778953687358,-65.20304205261982,29.83580299942353,35.0,0.1215625132244641,12.369493001945312
9.653306039000029,105.14208323299988,SAT_10043,19.861369852984836,190.47020542303974,98.95665610838591,170.52776999403267,-65.12833019037535,29.86843763681115,35.0,0.12125296764941014,12.347744865504431
9.653306039000029,105.24208323299987,SAT_10043,19.926583995973886,190.8370349773531,98.9643539980074,170.5102526437912,-65.0631160473863,29.896870148986476,35.0,0.12098287574102072,12.328750676840556
9.653306039000029,105.34208323299987,SAT_10043,19.982250444001025,191.15015874750577,98.97086007611571,170.49526827933445,-65.00744959935916,29.921100473132633,35.0,0.1207524028453576,12.31252939031199
9.653306039000029,105.44208323299986,SAT_10043,20.02832609575694,191.40933428863278,98.97620070486828,170.4828434726254,-64.96137394760325,29.941128555719935,35.0,0.12056169145926139,12.299097339238516
9.653306039000029,105.54208323299986,SAT_10043,20.064774964445633,191.61435917500668,98.98039725929887,170.47300041976226,-64.92492507891455,29.956954352504486,35.0,0.12041086048313308,12.288468151173642
9.653306039000029,105.64208323299985,SAT_10043,20.091568380553568,191.76507214061382,98.98346636868474,170.46575681028233,-64.89813166280662,29.968577828527017,35.0,0.12030000459174242,12.280652676459571
9.653306039000029,105.74208323299985,SAT_10043,20.108685154878103,191.86135399618934,98.98542010208774,170.46112572201292,-64.88101488848208,29.975998958112015,35.0,0.1202291937295151,12.275658930851668
9.653306039000029,105.84208323299984,SAT_10043,20.116111699869606,191.90312831176652,98.98626610178309,170.45911554276958,-64.87358834349058,29.97921772486702,35.0,0.12019847273554024,12.27349205285248
9.653306039000029,105.94208323299983,SAT_10043,20.113842107821398,191.8903618564954,98.98600766721066,170.45972991988316,-64.87585793553879,29.97823412168221,35.0,0.12020786110222728,12.274154276235617
9.653306039000029,106.04208323299983,SAT_10043,20.101878184957684,191.82306479038698,98.98464379109058,170.46296773819148,-64.8878218584025,29.973048150730232,35.0,0.12025735287015869,12.277644918071104
9.653306039000029,106.14208323299982,SAT_10043,20.080229441006864,191.70129060566362,98.98216914840583,170.46882312677096,-64.90947060235332,29.963659823466234,35.0,0.12034691666025164,12.28396038238834
9.653306039000029,106.24208323299982,SAT_10043,20.048913034382082,191.5251358183992,98.97857403803772,170.47728549432838,-64.9407870089781,29.95006916062818,35.0,0.1204764958428875,12.29309417943501
9.653306039000029,106.34208323299981,SAT_10043,20.007953673641637,191.29473941423421,98.97384427591658,170.48833959280063,-64.98174636971855,29.93227619223738,35.0,0.12064600884222149,12.305036960313087
9.653306039000029,106.4420832329998,SAT_10043,19.957383476420034,191.0102820548627,98.96796103758948,170.5019656083665,-65.03231656694015,29.910280957599277,35.0,0.12085534957247071,12.319776566600442
9.653306039000029,106.5420832329998,SAT_10043,19.897241787525843,190.67198505483287,98.96090064707833,170.5181392787357,-65.09245825583434,29.884083505304456,35.0,0.12110438800162665,12.337298094401483
9.653306039000029,112.94208323299944,SAT_10081,19.969859895631487,191.08046191292712,98.96950075761191,170.50094256564495,-65.0198401477287,29.917081412968386,35.0,0.120790176203104,12.315188818849032
9.753306039000028,104.94208323299989,SAT_10043,19.667246601497965,189.37826213342606,98.93325108656907,170.57967837209742,-65.32245344186222,29.7835079561915,35.0,0.1220575171555592,12.40422550880074
9.753306039000028,105.04208323299989,SAT_10043,19.751295539274395,189.85103740841848,98.94347957177636,170.5572469415884,-65.23840450408579,29.820333692647548,35.0,0.12170907032301703,12.379782184821925
9.753306039000028,105.14208323299988,SAT_10043,19.825914451219916,190.27076878811204,98.95244125619833,170.53727702154433,-65.16378559214027,29.852958625577518,35.0,0.12139985053499885,12.358067345638466
9.753306039000028,105.24208323299987,SAT_10043,19.891047027788346,190.63713953130946,98.96017373016569,170.51980327944523,-65.09865301557184,29.8813826828877,35.0,0.12113004429305961,12.339102374721257
9.753306039000028,105.34208323299987,SAT_10043,19.94664352981181,190.94986985519142,98.96670888145866,170.5048563569382,-65.04305651354838,29.90560580177166,35.0,0.12089981620141826,12.322906142180411
9.753306039000028,105.44208323299986,SAT_10043,19.99266106123757,191.20871846946133,98.97207326796733,170.4924626943971,-64.99703898212262,29.925627928708586,35.0,0.12070930811462241,12.309494908319502
9.753306039000028,105.54208323299986,SAT_10043,20.0290638075315,191.4134839173647,98.9762884226525,170.48264437741904,-64.96063623582869,29.941449019461924,35.0,0.12055863839504317,12.29888223947654
9.753306039000028,105.64208323299985,SAT_10043,20.055823236990562,191.5640057080719,98.9793710971697,170.475419007098,-64.93387680636963,29.953069039078215,35.0,0.12044790128768136,12.29107893706216
9.753306039000028,105.74208323299985,SAT_10043,20.072918262592424,191.6601652270824,98.98133344913182,170.47079959566076,-64.91678178076776,29.9604879618862,35.0,0.12037716641868175,12.28609298057452
9.753306039000028,105.84208323299984,SAT_10043,20.080335362455685,191.70188641381324,98.98218317676883,170.46879448875296,-64.9093646809045,29.96370577149614,35.0,0.12034647842274834,12.28392948522493
9.753306039000028,105.94208323299983,SAT_10043,20.078068657461003,191.68913619821816,98.98192360365012,170.46940731534502,-64.91163138589918,29.962722460799394,35.0,0.12035585670335644,12.284590674650202
9.753306039000028,106.04208323299983,SAT_10043,20.066119945090463,191.6219246911339,98.98055371513117,170.47263696588945,-64.92358009826972,29.957538031968244,35.0,0.12040529532828376,12.288075869020238
9.753306039000028,106.14208323299982,SAT_10043,20.04449868907554,191.5003051260499,98.97806814723518,170.4784775990032,-64.94520135428465,29.948152496455943,35.0,0.12049476306156455,12.294381488675825
9.753306039000028,106.24208323299982,SAT_10043,20.013221964978996,191.32437355300686,98.97445712775318,170.48691867659136,-64.97647807838119,29.93456587499701,35.0,0.12062420353152822,12.30350107325531
9.753306039000028,106.34208323299981,SAT_10043,19.972314362371577,191.09426828834012,98.96970636841155,170.4979450269698,-65.01738568098861,29.91677819760778,35.0,0.12079353553315116,12.315425316093439
9.753306039000028,106.4420832329998,SAT_10043,19.921807844786343,190.81016912692317,98.96379690598391,170.51153693519507,-65.06789219857384,29.894789503587166,35.0,0.1210026534615482,12.330142113504385
9.753306039000028,106.5420832329998,SAT_10043,19.86174156912631,190.47229632633548,98.95670488918314,170.52767025948174,-65.12795847423388,29.86859984151769,35.0,0.12125142787209096,12.347636628397739
9.753306039000028,116.44208323299924,SAT_10081,20.022064407609875,191.37411229280556,98.97556300503277,170.48687207160594,-64.96763563575031,29.939785230696938,35.0,0.12057414408431694,12.299974650756996
9.853306039000028,105.04208323299989,SAT_10043,19.706107197236534,189.5968529844555,98.93800489662118,170.56931522384502,-65.28359284612365,29.800544814088987,35.0,0.12189639081468301,12.392926045552938
9.853306039000028,105.14208323299988,SAT_10043,19.780613685561605,190.01595198128402,98.94701964178887,170.54940686547178,-65.20908635779858,29.833159952510698,35.0,0.12158756142101794,12.371251883416479
9.853306039000028,105.24208323299987,SAT_10043,19.845647591707404,190.38176770335414,98.9547976110329,170.53198722200722,-65.14405245165278,29.861575476501233,35.0,0.1213180975644466,12.352322608582345
9.853306039000028,105.34208323299987,SAT_10043,19.90115946893647,190.69402201276768,98.9613710048822,170.51708674761497,-65.08854057442372,29.88579132326437,35.0,0.12108816293259841,12.336156987140521
9.853306039000028,105.44208323299986,SAT_10043,19.947106674940102,190.95247504653807,98.96676664014332,170.50473171987534,-65.04259336842009,29.905807439288008,35.0,0.1208978985864889,12.322771189246279
9.853306039000028,105.54208323299986,SAT_10043,19.983453608131086,191.15692654573735,98.9710062586551,170.4949440876864,-65.0062464352291,29.921623780342777,35.0,0.12074742222381105,12.312178705661653
9.853306039000028,105.64208323299985,SAT_10043,20.010171907158735,191.30721697776792,98.97410677391495,170.48774134273503,-64.97952813620145,29.933240311480905,35.0,0.1206368275586587,12.304390277388666
9.853306039000028,105.74208323299985,SAT_10043,20.027240611306297,191.40322843859792,98.97608046063212,170.48313641610014,-64.96245943205389,29.9406570070353,35.0,0.12056618382400866,12.29941383916505
9.853306039000028,105.84208323299984,SAT_10043,20.03464627986446,191.4448853242376,98.97693509102419,170.48113760126355,-64.95505376349573,29.943873850618882,35.0,0.12053553540209758,12.297254477448956
9.853306039000028,105.94208323299983,SAT_10043,20.03238306905,191.43215476340626,98.97667402056544,170.48174850448444,-64.95731697431019,29.942890835124178,35.0,0.1205449015865461,12.297914403363375
9.853306039000028,106.04208323299983,SAT_10043,20.02045276553835,191.3650468061532,98.97529622487362,170.48496802316123,-64.96924727782184,29.937707962723106,35.0,0.12059427647872445,12.301392940904984
9.853306039000028,106.14208323299982,SAT_10043,19.998864776205977,191.24361436615862,98.97279628845736,170.4907903524509,-64.99083526715421,29.928325244867064,35.0,0.12068362901945105,12.307686530550948
9.853306039000028,106.24208323299982,SAT_10043,19.96763607420462,191.067952917401,98.96916434510429,170.49920502006427,-65.02206396915557,29.9147427022872,35.0,0.12081290315569009,12.316788748222805
9.853306039000028,106.34208323299981,SAT_10043,19.92679110202225,190.83819994887517,98.9643859687407,170.5101969487992,-65.06290894133794,29.89696036499497,35.0,0.12098201814049517,12.328690339393201
9.853306039000028,106.4420832329998,SAT_10043,19.87636163269741,190.55453418392295,98.95844201260668,170.52374654603057,-65.11333841066278,29.8749782722829,35.0,0.12119086896306211,12.343379267952045
9.853306039000028,106.5420832329998,SAT_10043,19.816386590845582,190.21717457350638,98.95130839353318,170.53982981904858,-65.1733134525146,29.84879647272561,35.0,0.121439326904427,12.360840779287203
9.853306039000028,106.6420832329998,SAT_10043,19.746911835611172,189.82637907531284,98.94295581694273,170.55841851483305,-65.24278820774902,29.818415024181093,35.0,0.12172724021310236,12.381057476883953
9.953306039000028,105.14208323299988,SAT_10043,19.7255032755195,189.70595592479717,98.94036894585476,170.56413751665974,-65.26419676784069,29.809041660889598,35.0,0.12181598212444178,12.3872849299461
9.953306039000028,105.24208323299987,SAT_10043,19.790421697369553,190.07112204770374,98.94820364498057,170.54678227586032,-65.19927834599063,29.837448573122778,35.0,0.12154691646699368,12.368397726786094
9.953306039000028,105.34208323299987,SAT_10043,19.84583452097509,190.3828191804849,98.95482472181556,170.53193709503603,-65.1438655223851,29.86165708092079,35.0,0.12131732317193523,12.35226818509793
9.953306039000028,105.44208323299986,SAT_10043,19.891699404985374,190.64080915304274,98.96025931762226,170.51962805861794,-65.09800063837481,29.881667130780052,35.0,0.12112734235898844,12.338912368177924
9.953306039000028,105.54208323299986,SAT_10043,19.927981000370025,190.8448931270814,98.96452943595561,170.50987695332407,-65.06171904299016,29.89747867847824,35.0,0.12097709093744848,12.328343677206881
9.953306039000028,105.64208323299985,SAT_10043,19.954651147809642,190.99491270642923,98.96765219307281,170.50270114104558,-65.03504889555055,29.90909168907314,35.0,0.12086666199171311,12.320572781586387
9.953306039000028,105.74208323299985,SAT_10043,19.971689036375864,191.09075082961425,98.96964001037185,170.4981134565951,-65.01801100698432,29.916506136901745,35.0,0.12079612428844966,12.315607563002533
9.953306039000028,105.84208323299984,SAT_10043,19.979081321621408,191.13233243412043,98.97050075275084,170.49612213157297,-65.01061872173878,29.91972200557959,35.0,0.12076552191046852,12.313453073834928
9.953306039000028,105.94208323299983,SAT_10043,19.976822201667233,191.1196248843782,98.97023781564825,170.496730745297,-65.01287784169295,29.91873928800032,35.0,0.12077487402110443,12.314111510375188
9.953306039000028,106.04208323299983,SAT_10043,19.9649134503736,191.0526381583515,98.96885016248433,170.49993820340507,-65.02478659298659,29.91355798633552,35.0,0.12082417476156763,12.317582201155469
9.953306039000028,106.14208323299982,SAT_10043,19.94336440719313,190.93142479046136,98.96633231323958,170.50573874440084,-65.04633563616706,29.904178112034757,35.0,0.12091339328234087,12.323861610518632
9.953306039000028,106.24208323299982,SAT_10043,19.912191923827464,190.75607957152948,98.96267428394565,170.5141219740605,-65.07750811953272,29.89059968582588,35.0,0.12104247390829315,12.332943357389821
9.953306039000028,106.34208323299981,SAT_10043,19.87142026833382,190.52673900937774,98.95786147589763,170.52507292726807,-65.11827977502637,29.872822737715573,35.0,0.12121133643578087,12.344818249038093
9.953306039000028,106.4420832329998,SAT_10043,19.8210809878277,190.24358055653082,98.95187451238918,170.53857215651385,-65.16861905553249,29.850847306990104,35.0,0.12141987655864049,12.3594743294501
9.953306039000028,106.5420832329998,SAT_10043,19.761212731422816,189.90682161425335,98.94468901969462,170.55459584595673,-65.22848731193737,29.82467344221637,35.0,0.12166796641866719,12.376896941778348
9.953306039000028,106.6420832329998,SAT_10043,19.691861035483896,189.51671832459692,98.93627534783327,170.57311594966671,-65.29783900787629,29.79430120124314,35.0,0.12195545527494826,12.397068804177774
10.053306039000027,105.04208323299989,SAT_10043,19.5864017078771,188.9235096068087,98.92330070099862,170.60119274249132,-65.40329833548309,29.748008524108062,35.0,0.12239282909628192,12.427721288003536
10.053306039000027,105.14208323299988,SAT_10043,19.660626306461538,189.34102297384618,98.93246136885628,170.58144243926756,-65.32907373689865,29.78060380343828,35.0,0.1220849700072601,12.40615013106211
10.053306039000027,105.24208323299987,SAT_10043,19.725412775036446,189.70544685958,98.94036443973687,170.5641616835479,-65.26428726832374,29.809002025492955,35.0,0.12181635728517971,12.38731125298362
10.053306039000027,105.34208323299987,SAT_10043,19.780712413305878,190.01650732484558,98.94704298099478,170.5493804507518,-65.20898763005431,29.83320312749565,35.0,0.1215871522769335,12.37122315452122
10.053306039000027,105.44208323299986,SAT_10043,19.8264832265902,190.27396814956987,98.9525245268793,170.53712460280522,-65.16321681676999,29.853207055951124,35.0,0.12139749401728916,12.357901775898595
10.053306039000027,105.54208323299986,SAT_10043,19.86269015675896,190.47763213176916,98.95683139789584,170.52741573960947,-65.12700988660123,29.86901376664394,35.0,0.12124749850687715,12.347360415128827
10.053306039000027,105.64208323299985,SAT_10043,19.889305277185244,190.627342184167,98.95998095582483,170.52027107355045,-65.10039476617494,29.880623224637322,35.0,0.1211372581043794,12.33960965915743
10.053306039000027,105.74208323299985,SAT_10043,19.906307949455737,190.72298221568852,98.96198579967519,170.5157033285601,-65.08339209390445,29.888035404272266,35.0,0.12106684103906969,12.334657328577547
10.053306039000027,105.84208323299984,SAT_10043,19.913684939986254,190.7644777874227,98.96285390655561,170.51372066496634,-65.07601510337393,29.89125028916686,35.0,0.12103629104869713,12.332508436525751
10.053306039000027,105.94208323299983,SAT_10043,19.91143049515813,190.7517965352645,98.9625887202886,170.51432663105658,-65.07826954820206,29.890267872215848,35.0,0.12104562714645657,12.333165162214868
10.053306039000027,106.04208323299983,SAT_10043,19.899546374073154,190.6849483541615,98.9611891895273,170.51752014195827,-65.09015366928703,29.885088155590484,35.0,0.12109484351946917,12.33662683939977
10.053306039000027,106.14208323299982,SAT_10043,19.878041838532866,190.56398534174738,98.9586497561279,170.52329548610047,-65.11165820482732,29.875711150738546,35.0,0.1211839095598341,12.342889959905566
10.053306039000027,106.24208323299982,SAT_10043,19.846933600364707,190.3890015020515,98.95496029354825,170.53164235917365,-65.14276644299548,29.862136878384664,35.0,0.1213127700279258,12.351948192178565
10.053306039000027,106.34208323299981,SAT_10043,19.806245726726303,190.16013221283546,98.95010599405354,170.54254592516642,-65.18345431663388,29.844365368530838,35.0,0.12148134534623527,12.363792414652073
10.053306039000027,106.4420832329998,SAT_10043,19.756009504518516,189.87755346291667,98.94406720247963,170.55598690372307,-65.23369053884167,29.822396660457226,35.0,0.12168953202070568,12.378410763555133
10.053306039000027,106.5420832329998,SAT_10043,19.696263265516848,189.54148086853226,98.93681919320102,170.571941682746,-65.29343677784334,29.796230802723144,35.0,0.1219372031852255,12.395788694635264
10.053306039000027,106.6420832329998,SAT_10043,19.627052174267845,189.15216848025665,98.92833188573404,170.59038245487716,-65.36264786909234,29.76586785316836,35.0,0.12222420926373116,12.415909058119812
10.153306039000027,104.64208323299991,SAT_10043,19.122760017450304,186.31552509815796,98.863385912899,170.7234150595612,-65.86694002590988,29.542964335497032,35.0,0.12431859860434923,12.562170703241367
10.153306039000027,104.8420832329999,SAT_10043,19.33583711148691,187.5140837521139,98.89152136312275,170.66748939608016,-65.65386293187328,29.637503811509358,35.0,0.12343298540623654,12.500444361896248
10.153306039000027,104.94208323299989,SAT_10043,19.428558144304844,188.03563956171473,98.90344345425245,170.64302373887773,-65.56114189905534,29.67848032349281,35.0,0.12304791664798008,12.473550567022446
10.153306039000027,105.04208323299989,SAT_10043,19.51197701234068,188.50487069441633,98.91400871042276,170.62094507735964,-65.47772303101951,29.715261227542676,35.0,0.12270164055168828,12.44933754065086
10.153306039000027,105.14208323299988,SAT_10043,19.586032985554382,188.9214355437434,98.92326329996958,170.60129072775086,-65.4036670578058,29.747846442327422,35.0,0.12239435873940017,12.42782841364295
10.153306039000027,105.24208323299987,SAT_10043,19.650671428640422,189.28502678610238,98.93124688160864,170.58409428468434,-65.33902861471977,29.776235895798784,35.0,0.12212625244694968,12.40904397338725
10.153306039000027,105.34208323299987,SAT_10043,19.70584409163243,189.59537301543241,98.93799308490708,170.56938543477014,-65.28385595172776,29.80042952518989,35.0,0.12189748160716607,12.393002560540342
10.153306039000027,105.44208323299986,SAT_10043,19.75150937052223,189.85224020918753,98.94352990931861,170.55718978921414,-65.23819067283796,29.82042727701366,35.0,0.12170818403088458,12.379719976606607
10.153306039000027,105.54208323299986,SAT_10043,19.787632534978442,190.05543300925373,98.94788005048581,170.54752873742655,-65.20206750838175,29.836229107061392,35.0,0.12155847469374559,12.369209403322852
10.153306039000027,105.64208323299985,SAT_10043,19.814185920567766,190.2047958031937,98.95106116074973,170.54041932335184,-65.17551412279242,29.847834980401647,35.0,0.12144844513585694,12.361481334706367
10.153306039000027,105.74208323299985,SAT_10043,19.831149083254246,190.30021359330513,98.95308604928991,170.5358741460037,-65.15855096010594,29.85524487137932,35.0,0.12137816298036322,12.356543522501191
10.153306039000027,105.84208323299984,SAT_10043,19.838508914363885,190.34161264329686,98.95396282598725,170.5339012854156,-65.1511911289963,29.85845876361499,35.0,0.12134767157582882,12.354400935619873
10.153306039000027,105.94208323299983,SAT_10043,19.83625971465186,190.32896089491672,98.95369499191217,170.5345042549177,-65.15344032870833,29.8574766500045,35.0,0.12135698976611262,12.355055734029017
10.153306039000027,106.04208323299983,SAT_10043,19.82440322659113,190.2622681495751,98.95228147824544,170.5376819803287,-65.16529681676906,29.85229853271876,35.0,0.1214061117901166,12.358507257369007
10.153306039000027,106.14208323299982,SAT_10043,19.8029486244956,190.14158601278774,98.94971663440558,170.54342880632083,-65.18675141886459,29.842924423203808,35.0,0.12149500731244925,12.364752028435115
10.153306039000027,106.24208323299982,SAT_10043,19.77191246259467,189.96700760209504,98.94599016514658,170.551734529881,-65.21778758076552,29.82935434218112,35.0,0.12162362158468548,12.37378377148095
10.153306039000027,106.34208323299981,SAT_10043,19.731318581681734,189.73866702195974,98.94108701537404,170.56258446045075,-65.25838146167845,29.811588319648116,35.0,0.12179187573554989,12.385593445140268
10.153306039000027,106.4420832329998,SAT_10043,19.681197975445215,189.45673861187933,98.93498720036902,170.57595950600503,-65.30850206791497,29.789626394878972,35.0,0.12199966718702764,12.400169289601891
10.153306039000027,106.5420832329998,SAT_10043,19.621588618059306,189.1214359765836,98.92766557797484,170.59183628401593,-65.36811142530088,29.7634686164256,35.0,0.12224687019214037,12.417496887518407
10.153306039000027,106.6420832329998,SAT_10043,19.55253525504432,188.7330108096243,98.91909155805104,170.61018725596045,-65.43716478831587,29.73311504211895,35.0,0.12253333648893489,12.43755923798543
10.153306039000027,106.74208323299979,SAT_10043,19.47408915980367,188.2917515238956,98.90922874308863,170.6309808837659,-65.51561088355652,29.698565739070453,35.0,0.12285889606414463,12.460336842796945
10.253306039000027,103.94208323299995,SAT_10097,19.40264245109688,187.88986378741998,98.90028446065988,170.65352704554437,-65.5870575922633,29.669106577451924,35.0,0.12313311754130983,12.47950400662956
10.253306039000027,104.04208323299994,SAT_10097,19.296223959848902,187.29125977415006,98.88652726835642,170.68156735679224,-65.69347608351129,29.622017674473536,35.0,0.12357495676831569,12.510351444424266
10.253306039000027,104.64208323299991,SAT_10043,19.039655175447166,185.84806036189028,98.85214048037192,170.7451156196264,-65.95004486791302,29.50595139019785,35.0,0.12466427287816836,12.586216365606298
10.253306039000027,104.7420832329999,SAT_10043,19.15050423057167,186.47158629696565,98.86712392283273,170.7161565000626,-65.83919581278852,29.555303452316778,35.0,0.12420322967493926,12.554139535367757
10.253306039000027,104.8420832329999,SAT_10043,19.252209773231684,187.04367997442822,98.88061673839451,170.68948808844527,-65.7374902701285,29.600461404520832,35.0,0.1237804488718093,12.524683137332255
10.253306039000027,104.94208323299989,SAT_10043,19.344700578986703,187.5639407568002,98.89268117038239,170.66515405989162,-65.64499946437348,29.641425146920316,35.0,0.12339616747476326,12.497874383927407
10.253306039000027,105.04208323299989,SAT_10043,19.427910812063374,188.03199831785648,98.90337153345381,170.6431948194097,-65.56178923129681,29.67819458891185,35.0,0.12305060435528999,12.473738396443679
10.253306039000027,105.14208323299988,SAT_10043,19.501780361117554,188.44751453128623,98.91273490963236,170.6236472872034,-65.48791968224263,29.710769649176047,35.0,0.12274395917897295,12.452298085036302
10.253306039000027,105.24208323299987,SAT_10043,19.566255151859437,188.81018522920934,98.92081173584296,170.60654469848146,-65.42344489150075,29.739150255675384,35.0,0.12247641141291737,12.433574037281758
10.253306039000027,105.34208323299987,SAT_10043,19.621287433223273,189.1197418118809,98.92763629666209,170.59191641997245,-65.36841261013691,29.763336345652352,35.0,0.12224811942120925,12.4175844163956
10.253306039000027,105.44208323299986,SAT_10043,19.666836033968096,189.37595269107055,98.93323713342251,170.57978778521533,-65.32286400939209,29.783327865627843,35.0,0.1220592196569903,12.404344870147607
10.253306039000027,105.54208323299986,SAT_10043,19.702866586854142,189.57862455105456,98.93763737865912,170.57017995052522,-65.28683345650605,29.799124771399754,35.0,0.12190982595897736,12.393868451421612
10.253306039000027,105.64208323299985,SAT_10043,19.729351717852722,189.72760341292155,98.94085502305893,170.5631097733285,-65.26034832550747,29.810727028041843,35.0,0.12180002895936726,12.386165551261438
10.253306039000027,105.74208323299985,SAT_10043,19.746271198209897,189.82277548993065,98.94290312051042,170.558589714321,-65.24342884515029,29.818134609902835,35.0,0.12172989560905571,12.381243845123088
10.253306039000027,105.84208323299984,SAT_10043,19.75361205758898,189.86406782393803,98.94378993547438,170.55662776463356,-65.2360879857712,29.821347500605743,35.0,0.12169946882498198,12.379108252918403
10.253306039000027,105.94208323299983,SAT_10043,19.751368656963834,189.85144869542157,98.94351903566923,170.55722739889134,-65.23833138639635,29.820365693047474,35.0,0.12170876726320659,12.379760913289289
10.253306039000027,106.04208323299983,SAT_10043,19.739542720391697,189.7849278022033,98.94208933193465,170.5603875547498,-65.25015732296849,29.815189189398613,35.0,0.12175778522005759,12.383201172397236
10.253306039000027,106.14208323299982,SAT_10043,19.71814332529422,189.66455620478,98.93949506607147,170.56610263915468,-65.27155671806597,29.80581800110349,35.0,0.12184649266236636,12.389425587352408
10.253306039000027,106.24208323299982,SAT_10043,19.687186851357694,189.49042603888702,98.93572574641442,170.57436256125212,-65.3025131920025,29.792252148880493,35.0,0.12197483538648059,12.398427944244391
10.253306039000027,106.34208323299981,SAT_10043,19.64669688866293,189.262669998729,98.93076602984654,170.5851527915409,-65.34300315469726,29.77449166272258,35.0,0.12214273530441393,12.410199290574521
10.253306039000027,106.4420832329998,SAT_10043,19.596704106127973,188.98146059696984,98.92459554787256,170.598454446544,-65.39299593723221,29.752536581898063,35.0,0.12235009085419479,12.424727981732078
10.253306039000027,106.5420832329998,SAT_10043,19.53724608181058,188.6470092101845,98.91718867319818,170.61424439796542,-65.45245396154961,29.72638695495162,35.0,0.12259677753023393,12.441999741005578
10.253306039000027,106.6420832329998,SAT_10043,19.46836709703416,188.25956492081713,98.90851422197089,170.6324954050241,-65.52133294632603,29.696042839705576,35.0,0.12288264852836324,12.461997732479146
10.253306039000027,106.74208323299979,SAT_10043,19.390117896697546,187.81941316892372,98.89853508538107,170.65317626838947,-65.59958214666264,29.661504303261356,35.0,0.12320753549913001,12.484702646035393
10.353306039000026,103.94208323299995,SAT_10097,19.460471923931664,188.21515457211564,98.90766553413151,170.63824595905157,-65.52922811942852,29.694640781905754,35.0,0.12289311877700053,12.462729823505695
10.353306039000026,104.04208323299994,SAT_10097,19.353927387905728,187.6158415569697,98.8940299350766,170.6663758894813,-65.63577265545446,29.647566896802815,35.0,0.12333534715969685,12.493628315616295
10.353306039000026,104.54208323299991,SAT_10043,18.92726768735409,185.21588074136673,98.83666317123495,170.77436347683783,-66.0624323560061,29.45577195116027,35.0,0.12513198303461714,12.618708847293915
10.353306039000026,104.64208323299991,SAT_10043,18.947060762568412,185.3272167894473,98.83941453119927,170.76922074360894,-66.04263928079178,29.464619659557382,35.0,0.12504959293783457,12.612988603802386
10.353306039000026,104.7420832329999,SAT_10043,19.05761337361868,185.9490752266051,98.85460424263877,170.7404316125486,-65.93208666974151,29.51395620078734,35.0,0.12458956328410664,12.581021694696137
10.353306039000026,104.8420832329999,SAT_10043,19.159044540566697,186.51962554068768,98.86828093667248,170.71392074288372,-65.83065550279349,29.559099951184802,35.0,0.12416771978733993,12.551666991307235
10.353306039000026,104.94208323299989,SAT_10043,19.251283825439273,187.03847151809592,98.88050827736225,170.68973130756984,-65.73841621792091,29.60005081087465,35.0,0.12378429694466252,12.524951424281053
10.353306039000026,105.04208323299989,SAT_10043,19.334266126529258,187.5052469617271,98.89134180574311,170.667903242386,-65.65543391683093,29.636808689266733,35.0,0.12343951129457792,12.500899852417092
10.353306039000026,105.14208323299988,SAT_10043,19.407932008642675,187.91961754861504,98.90082965660572,170.64847303489245,-65.58176803471751,29.669373505053514,35.0,0.12313356036096448,12.479534944517615
10.353306039000026,105.24208323299987,SAT_10043,19.472228010520638,188.28128255917858,98.90901316327555,170.6314735276904,-65.51747203283955,29.697745186207985,35.0,0.12286662167496828,12.460877069682168
10.353306039000026,105.34208323299987,SAT_10043,19.52710692618909,188.58997645981364,98.91592736462187,170.6169337381377,-65.4625931171711,29.721923669981795,35.0,0.12263885188380096,12.444944197131385
10.353306039000026,105.44208323299986,SAT_10043,19.572528057194972,188.84547032172173,98.92160142585197,170.60487869653974,-65.41717198616522,29.741908902903617,35.0,0.12245038595485089,12.431751806574244
10.353306039000026,105.54208323299986,SAT_10043,19.608457432932568,189.0475730602457,98.92605898240689,170.59532930467728,-65.38124261042762,29.757700840777794,35.0,0.1223013364827759,12.421312810045372
10.353306039000026,105.64208323299985,SAT_10043,19.634867996583168,189.1961324807803,98.92931841438322,170.58830221631814,-65.35483204677702,29.76929944868317,35.0,0.12219179310637227,12.413637486035672
10.353306039000026,105.74208323299985,SAT_10043,19.651739754532173,189.2910361192435,98.93139305727708,170.58380974113885,-65.33796028882801,29.776704700972207,35.0,0.12212182204102433,12.40873342662035
10.353306039000026,105.84208323299984,SAT_10043,19.65905988753707,189.33221186739604,98.9322913534232,170.5818597732054,-65.33064015582312,29.779916581270314,35.0,0.12209146573144447,12.406605498156596
10.353306039000026,105.94208323299983,SAT_10043,19.656822822340004,189.31962837566252,98.93201694722771,170.58245574488708,-65.33287722102018,29.778935082475417,35.0,0.1221007426282332,12.407255815980282
10.353306039000026,106.04208323299983,SAT_10043,19.645030262885626,189.25329522873167,98.93056872612532,170.58559660676195,-65.34466978047456,29.77376020675779,35.0,0.1221496470905451,12.410683733379852
10.353306039000026,106.14208323299982,SAT_10043,19.62369118077089,189.13326289183627,98.92794080808561,170.59127683376454,-65.3660088625893,29.764391965560105,35.0,0.1222381494158596,12.416885844969
10.353306039000026,106.24208323299982,SAT_10043,19.59282176504267,188.959622428365,98.92412247541759,170.59948645749768,-65.39687827831752,29.75083037959772,35.0,0.12236619599655106,12.425856004421005
10.353306039000026,106.34208323299981,SAT_10043,19.552445331935672,188.7325049921382,98.91909805353511,170.61021112431288,-65.43725471142452,29.733075478859227,35.0,0.1225337096016527,12.437585356369217
10.353306039000026,106.4420832329998,SAT_10043,19.50259219561009,188.45208110030674,98.9128467322167,170.62343217845245,-65.4871078477501,29.71112730260722,35.0,0.12274058978093984,12.452062382123938
10.353306039000026,106.5420832329998,SAT_10043,19.44329950139648,188.1185596953552,98.90534232567978,170.63912676924744,-65.5464005419637,29.684985899379303,35.0,0.12298671338724082,12.46927295870832
10.353306039000026,106.6420832329998,SAT_10043,19.374611023471928,187.73218700702958,98.89655296645218,170.65726798108824,-65.61508901988826,29.654651326989367,35.0,0.12327193521174183,12.489200430577645
10.353306039000026,106.74208323299979,SAT_10043,19.296576929266735,187.29324522712537,98.88644072651135,170.67782498463595,-65.69312311409345,29.620123652529056,35.0,0.12359608872600387,12.511825693260565
10.353306039000026,106.84208323299978,SAT_10097,19.269929186726642,187.14335167533739,98.8831018073635,170.68847984249462,-65.71977085663355,29.610362527201406,35.0,0.12368416801365213,12.517969373326677
10.453306039000026,104.54208323299991,SAT_10043,19.07505212975728,186.0471682298847,98.85698919472006,170.7358803037545,-65.9146479136029,29.521725964748743,35.0,0.12451702127837375,12.575976553318778
10.453306039000026,104.64208323299991,SAT_10043,19.052996671485346,185.9231062771051,98.85399230837604,170.74163605730723,-65.93670337187484,29.51189867010586,35.0,0.12460876900298438,12.582357215670491
10.453306039000026,104.7420832329999,SAT_10043,19.02163371101453,185.74668962445674,98.84971046331052,170.74981320334666,-65.96806633234566,29.497914697600365,35.0,0.12473925260645365,12.591428573992912
10.453306039000026,104.8420832329999,SAT_10043,19.0564091623078,185.9423015379814,98.85445676306792,170.74074579605167,-65.93329088105239,29.513419541962413,35.0,0.12459457282125036,12.581370054141873
10.453306039000026,104.94208323299989,SAT_10043,19.14837636883223,186.45961707468132,98.86686885602926,170.71671344740125,-65.84132367452796,29.554357405839543,35.0,0.12421207738876741,12.554755555577474
10.453306039000026,105.04208323299989,SAT_10043,19.231112111977325,186.92500562987243,98.87786472189408,170.69502788213686,-65.75858793138286,29.591103619111312,35.0,0.12386813157469269,12.530795536782627
10.453306039000026,105.14208323299988,SAT_10043,19.304557687034205,187.33813698956743,98.88749369825449,170.67572512062196,-65.68514235632598,29.62365810048178,35.0,0.12356293058461014,12.50951240560119
10.453306039000026,105.24208323299987,SAT_10043,19.36866029494027,187.698714159039,98.89579814225019,170.65883758155906,-65.62103974841992,29.652020777934197,35.0,0.12329664985436525,12.490926294940687
10.453306039000026,105.34208323299987,SAT_10043,19.42337331845448,188.00647491630647,98.90281395400928,170.64439390513945,-65.56632672490571,29.676191588729143,35.0,0.12306944417320756,12.475054964322194
10.453306039000026,105.44208323299986,SAT_10043,19.468656569704905,188.26119320459009,98.90857101090725,170.63241879434975,-65.52104347365528,29.696170479402923,35.0,0.12288144690084356,12.46191371180761
10.453306039000026,105.54208323299986,SAT_10043,19.504476506386723,188.46268034842532,98.91309352234485,170.62293287624436,-65.48522353697346,29.711957405766157,35.0,0.12273276928589524,12.45151529720936
10.453306039000026,105.64208323299985,SAT_10043,19.5308064141895,188.61078607981597,98.91640031277088,170.61595258479502,-65.45889362917069,29.72355233290267,35.0,0.12262349989240423,12.443869877385923
10.453306039000026,105.74208323299985,SAT_10043,19.547626553377114,188.70539936274628,98.9185050389799,170.61149006670115,-65.44207348998307,29.73095523516857,35.0,0.12255370414005247,12.438984954310435
10.453306039000026,105.84208323299984,SAT_10043,19.554924267833854,188.74644900656543,98.91941634623224,170.60955311128455,-65.43477577552633,29.734166096191593,35.0,0.12252342396269968,12.43686533647066
10.453306039000026,105.94208323299983,SAT_10043,19.552694055308166,188.73390406110843,98.91913796641823,170.61014510531476,-65.43700598805202,29.73318490887068,35.0,0.12253267758868533,12.437513114019259
10.453306039000026,106.04208323299983,SAT_10043,19.540937598029444,188.66777398891563,98.91766876027272,170.61326501331578,-65.44876244533074,29.728011675375797,35.0,0.12258145944512774,12.440927647945626
10.453306039000026,106.14208323299982,SAT_10043,19.519663753343693,188.54810861255828,98.91500270449816,170.61890738358926,-65.4700362900165,29.718646407147986,35.0,0.12266974018719501,12.44710557338802
10.453306039000026,106.24208323299982,SAT_10043,19.488888504471646,188.374997837653,98.9111288235347,170.6270623798865,-65.50081153888854,29.705089124899658,35.0,0.1227974668520502,12.45604081704965
10.453306039000026,106.34208323299981,SAT_10043,19.44863487197142,188.14857115483926,98.90603106458745,170.6377158383399,-65.54106517138877,29.687339858615132,35.0,0.12296456313590265,12.467724628528103
10.453306039000026,106.4420832329998,SAT_10043,19.398932786938587,187.86899692652955,98.89968811334698,170.65084934896478,-65.5907672564216,29.665398647551417,35.0,0.12317092979135776,12.482145625216871
10.453306039000026,106.5420832329998,SAT_10043,19.339818927409567,187.53648146667882,98.89207314657662,170.66644036075508,-65.64988111595062,29.639265540239208,35.0,0.12341644514106936,12.49928985029369
10.453306039000026,106.6420832329998,SAT_10043,19.271336519846372,187.15126792413585,98.88315351634812,170.6844623091198,-65.71836352351382,29.608940594484157,35.0,0.12370096570258103,12.519140843175599
10.453306039000026,106.74208323299979,SAT_10043,19.19353510794204,186.71363498217397,98.87289035913196,170.704884764171,-65.79616493541815,29.574423877368346,35.0,0.12402432691821924,12.541679721697271
10.453306039000026,106.84208323299978,SAT_10097,19.143873023336567,186.4342857562682,98.8664140089643,170.7215306231414,-65.84582702002362,29.554378339659177,35.0,0.12420793013959858,12.55446680640179
10.453306039000026,106.94208323299978,SAT_10097,19.187042112432266,186.67711188243152,98.87217488723283,170.71022833970017,-65.80265793092792,29.573571075296563,35.0,0.12402852442653031,12.54197214209779
10.453306039000026,107.14208323299977,SAT_10097,19.24515338198991,187.00398777369324,98.87986131205251,170.69498724630927,-65.74454666137028,29.599373415392353,35.0,0.12378708415900955,12.525145746294358
10.453306039000026,107.24208323299976,SAT_10097,19.26005321991603,187.08779936202768,98.88181960027045,170.69107445110598,-65.72964682344416,29.60598296276271,35.0,0.12372519017241203,12.520830144928482
10.553306039000026,104.94208323299989,SAT_10043,19.069231333572972,186.014426251348,98.85621556544884,170.7373997680752,-65.92046870978722,29.519132918005894,35.0,0.12454123399134887,12.577660625726564
10.553306039000026,105.04208323299989,SAT_10043,19.118523696316203,186.29169579177866,98.86287731843301,170.72452277019346,-65.87117634704398,29.541079478404964,35.0,0.12433621598109501,12.563396839274397
10.553306039000026,105.14208323299988,SAT_10043,19.191732968863846,186.70349794985916,98.87266519009492,170.70535716340498,-65.79796707449634,29.573623535437907,35.0,0.12403181858897351,12.542201627940294
10.553306039000026,105.24208323299987,SAT_10043,19.25562814605442,187.0629083215561,98.88110578221328,170.6885901152421,-65.73407189730577,29.601977130846485,35.0,0.12376624288873618,12.523692670021404
10.553306039000026,105.34208323299987,SAT_10043,19.31016324032241,187.36966822681356,98.88823597219061,170.67424986272567,-65.67953680303778,29.626140201900014,35.0,0.12353964167805628,12.507887500534059
10.553306039000026,105.44208323299986,SAT_10043,19.355298609819172,187.62355468023284,98.89408644528103,170.66236075899923,-65.63440143354102,29.64611269514223,35.0,0.12335214659353334,12.494801223090475
10.553306039000026,105.54208323299986,SAT_10043,19.391001170223632,187.82438158250793,98.89868206183066,170.65294313751752,-65.59869887313656,29.661894566389893,35.0,0.12320386744124788,12.48444643456768
10.553306039000026,105.64208323299985,SAT_10043,19.417244573440556,187.97200072560312,98.9020421501475,170.6460131973763,-65.57245546991963,29.67348578073169,35.0,0.12309489163351826,12.476833161641492
10.553306039000026,105.74208323299985,SAT_10043,19.434009351166992,188.06630260031434,98.90418073130009,170.64158291112815,-65.5556906921932,29.680886312527285,35.0,0.12302528373738918,12.471968809854944
10.553306039000026,105.84208323299984,SAT_10043,19.44128302168643,188.10721699698618,98.90510668059402,170.63965995617644,-65.54841702167376,29.684096145406695,35.0,0.12299508513933673,12.469858125764675
10.553306039000026,105.94208323299983,SAT_10043,19.439060158657327,188.09471339244746,98.90482382908986,170.64024767056995,-65.55063988470286,29.683115272269845,35.0,0.1230043138295511,12.470503172573203
10.553306039000026,106.04208323299983,SAT_10043,19.42734242109529,188.02880111866102,98.90333100725648,170.64334503373217,-65.5623576222649,29.6779436952864,35.0,0.12305296430797227,12.473903319511157
10.553306039000026,106.14208323299982,SAT_10043,19.406138544202037,187.90952931113645,98.90062203165547,170.6489466723559,-65.58356149915815,29.668581425895816,35.0,0.12314100761302983,12.480055245085044
10.553306039000026,106.24208323299982,SAT_10043,19.375464291145306,187.73698663769235,98.8966856343836,170.65704289139458,-65.61423575221488,29.65502848480762,35.0,0.12326839147279568,12.488952954155128
10.553306039000026,106.34208323299981,SAT_10043,19.335342366353302,187.51130081073734,98.8915053338232,170.6676197297739,-65.65435767700689,29.637284902001966,35.0,0.12343504057702209,12.500587808657942
10.553306039000026,106.4420832329998,SAT_10043,19.28580229132733,187.23263788871623,98.88505924402318,170.68065904015475,-65.70389775203286,29.615350716730404,35.0,0.12364085696732835,12.51494857164118
10.553306039000026,106.5420832329998,SAT_10043,19.226880244402082,186.90120137476174,98.87731981871626,170.69613859179486,-65.7628197989581,29.58922597751688,35.0,0.12388572054163974,12.532021464138479
10.553306039000026,106.6420832329998,SAT_10043,19.158618866273073,186.51723112278606,98.86825352452124,170.714032195298,-65.83108117708711,29.558910742159007,35.0,0.1241694896678946,12.551790234280242
10.553306039000026,106.74208323299979,SAT_10043,19.08106703347599,186.08100206330246,98.85782043623198,170.73430984779634,-65.9086330098842,29.524405077729536,35.0,0.12449200190103275,12.574236237916365
10.553306039000026,106.84208323299978,SAT_10043,19.093821080699826,186.1527435789365,98.85954607165894,170.73097875904597,-65.89587896266036,29.530084527742655,35.0,0.12443895319138254,12.570545778165672
10.553306039000026,106.94208323299978,SAT_10043,19.13954247552178,186.40992642481,98.8657003771523,170.7190251949533,-65.85015756783841,29.550429308365928,35.0,0.12424881002815877,12.557312871222868
10.553306039000026,107.04208323299977,SAT_10043,19.17596394292083,186.61479717892968,98.87056753914801,170.70948947903497,-65.81373610043936,29.56661882420821,35.0,0.12409737498268918,12.546768070629906
10.553306039000026,107.14208323299977,SAT_10043,19.20305934776175,186.76720883115985,98.87416829261187,170.7023876610691,-65.78664069559844,29.57865303933834,35.0,0.1239847348741107,12.538921338993571
10.553306039000026,107.24208323299976,SAT_10043,19.220809143758615,186.86705143364222,98.87651785191983,170.69773174784686,-65.76889089960157,29.586531927048313,35.0,0.12391095461384707,12.533780124189182
10.553306039000026,107.34208323299976,SAT_10043,19.229200478411258,186.91425269106335,98.87762608737616,170.69552963585704,-65.76049956494893,29.59025546985258,35.0,0.12387607687447635,12.531349322069994
10.553306039000026,107.44208323299975,SAT_10043,19.228227262336787,186.90877835064444,98.8774976388933,170.69578506679593,-65.7614727810234,29.58982365948762,35.0,0.123880121871212,12.531631251843873
10.553306039000026,107.54208323299974,SAT_10043,19.21789020221172,186.85063238744092,98.87613196920366,170.69849760642353,-65.77180984114847,29.585236496911733,35.0,0.12392308725815335,12.53462564437851
10.553306039000026,108.94208323299966,SAT_10043,19.44055298439754,188.10311053723615,98.90501379778391,170.6398529795673,-65.54914705896265,29.683774011299274,35.0,0.12299811603298029,12.470069974661639
10.553306039000026,116.94208323299921,SAT_10081,19.933472532742115,190.8757829966744,98.96528002959101,170.5107347255118,-65.05622751061807,29.901237529835857,35.0,0.12094079052894702,12.325789524413171
10.653306039000025,105.04208323299989,SAT_10043,19.138652795990268,186.40492197744524,98.86559614255069,170.71925797658108,-65.85104724736992,29.550033652294754,35.0,0.12425250954078122,12.557570413542823
10.653306039000025,105.14208323299988,SAT_10097,19.12378550599979,186.3212934712488,98.86374893695631,170.72678406103898,-65.8659145373604,29.545440297799644,35.0,0.12429142518101677,12.560279348940034
10.653306039000025,105.24208323299987,SAT_10097,19.179784019707427,186.63628511085426,98.87123812119792,170.71212979464363,-65.80991602365276,29.57034565484343,35.0,0.12405868541130272,12.544073198441266
10.653306039000025,105.34208323299987,SAT_10097,19.22650633863458,186.89909815481948,98.87743066842441,170.6998812338254,-65.76319370472561,29.591098033954612,35.0,0.12386455081323422,12.530545954041573
10.653306039000025,105.44208323299986,SAT_10097,19.26391897037223,187.1095442083438,98.88235301476018,170.69005894915446,-65.72578107298796,29.607697389046077,35.0,0.12370913261417339,12.519710380265408
10.653306039000025,105.54208323299986,SAT_10097,19.291994906862712,187.26747135110276,98.88602594789816,170.68267953461967,-65.69770513649748,29.620143683255296,35.0,0.1235925204700514,12.511576764663054
10.653306039000025,105.64208323299985,SAT_10097,19.310713768886245,187.37276494998514,98.88846484925946,170.67775551493378,-65.67898627447394,29.62843688894342,35.0,0.12351478200958173,12.506152866473988
10.653306039000025,105.74208323299985,SAT_10097,19.320061915856314,187.42534827669178,98.88967987129217,170.67529527505877,-65.66963812750387,29.63257698769457,35.0,0.12347596248852086,12.503443877651144
10.653306039000025,105.84208323299984,SAT_10097,19.32003251968169,187.4251829232095,98.8896760536161,170.6753030127785,-65.6696675236785,29.632563970315378,35.0,0.12347608455737819,12.503452396657996
10.653306039000025,105.94208323299983,SAT_10043,19.31600448473816,187.40252522665216,98.88900800165362,170.67271227061917,-65.67369555862203,29.6287262821665,35.0,0.12351537429307566,12.506194195876285
10.653306039000025,106.04208323299983,SAT_10043,19.304327970791803,187.3368448357039,98.88748874509317,170.675785570743,-65.68537207256838,29.623556375980424,35.0,0.12356388498135118,12.509578992824478
10.653306039000025,106.14208323299982,SAT_10043,19.283198586907602,187.21799205135528,98.88473172475352,170.68134373413852,-65.70650145645259,29.6141971312894,35.0,0.12365167564579682,12.51570317795767
10.653306039000025,106.24208323299982,SAT_10043,19.252631862976102,187.0460542292406,98.88072534282846,170.68937721534883,-65.73706818038409,29.600648568800157,35.0,0.12377869474874573,12.524560839086659
10.653306039000025,106.34208323299981,SAT_10043,19.21265016827779,186.82115719656255,98.87545263371928,170.6998722681521,-65.7770498750824,29.58291071848878,35.0,0.1239448680358895,12.53614345738319
10.653306039000025,106.4420832329998,SAT_10043,19.163282590047075,186.5434645690148,98.8688910661887,170.71281102349383,-65.82641745331311,29.560983619601483,35.0,0.12415009891891013,12.550439950501865
10.653306039000025,106.5420832329998,SAT_10043,19.104564776761208,186.2131768692818,98.86101227760442,170.72817159000277,-65.88513526659898,29.534867320655636,35.0,0.12439426897020195,12.56743672828164
10.653306039000025,106.6420832329998,SAT_10043,19.103246250674587,186.20576016004455,98.8608344191551,170.72851615761007,-65.8864537926856,29.53428042045182,35.0,0.12439975273275342,12.567818302794597
10.653306039000025,106.74208323299979,SAT_10043,19.16765347888193,186.56805081871087,98.86947430621495,170.71166634981253,-65.82204656447826,29.56292611591968,35.0,0.12413192613941623,12.549174404445985
10.653306039000025,106.84208323299978,SAT_10043,19.22280586699577,186.8782830018512,98.87679543584088,170.697207812049,-65.76689417636442,29.587418019357287,35.0,0.12390265529622896,12.533201728376493
10.653306039000025,106.94208323299978,SAT_10043,19.26866400110572,187.1362350062197,98.88282933152198,170.68516474557435,-65.72103604225447,29.60775607639924,35.0,0.12371207115317813,12.519915301926178
10.653306039000025,107.04208323299977,SAT_10043,19.30519483141859,187.34172092672958,98.88760163985638,170.67555745274495,-65.6845052119416,29.623940241902794,35.0,0.12356028346162652,12.509327717637815
10.653306039000025,107.14208323299977,SAT_10043,19.332371848176976,187.49459164599548,98.89113243226956,170.6684022242021,-65.65732819518321,29.635970479946703,35.0,0.12344738021862985,12.501449070709173
10.653306039000025,107.24208323299976,SAT_10043,19.35017522403129,187.594735635176,98.89343643804726,170.66371124750964,-65.6395248193289,29.643846763830314,35.0,0.12337342721823712,12.496286908431328
10.653306039000025,107.34208323299976,SAT_10043,19.358591921256547,187.6420795570681,98.89452321360595,170.66149253831767,-65.63110812210364,29.647569076072905,35.0,0.12333846771416507,12.493846192144705
10.653306039000025,107.44208323299975,SAT_10043,19.357615762598655,187.63658866461745,98.89439725152548,170.66174989486083,-65.63208428076153,29.647137408413236,35.0,0.12334252219717924,12.494129272116759
10.653306039000025,107.54208323299974,SAT_10043,19.34724746493535,187.57826699026134,98.89305803159094,170.66448287633517,-65.64245257842484,29.642551761809344,35.0,0.12338558828939408,12.49713587560962
10.653306039000025,107.64208323299974,SAT_10043,19.327494635366378,187.46715732393588,98.89050001488937,170.66968680540995,-65.66220540799381,29.63381214643855,35.0,0.12346764075654658,12.502863108265853
10.653306039000025,107.74208323299973,SAT_10043,19.29837172977858,187.30334098000452,98.88671258084062,170.67735279484393,-65.69132831358161,29.620918581697747,35.0,0.12358863163812187,12.511305468797314
10.753306039000025,105.14208323299988,SAT_10097,19.245682993924788,187.00696684082695,98.87997109186162,170.69484820140534,-65.7440170494354,29.59960839406307,35.0,0.12378488406661331,12.524992358026527
10.753306039000025,105.24208323299987,SAT_10097,19.301838854099458,187.32284355430946,98.88732201643819,170.68009047108166,-65.68786118926073,29.624505447142305,35.0,0.12355163812146691,12.508724527199902
10.753306039000025,105.34208323299987,SAT_10097,19.348693117749903,187.5863987873432,98.89340080072738,170.6677551612518,-65.64100692561028,29.645250906983257,35.0,0.12335707912994388,12.495145592211806
10.753306039000025,105.44208323299986,SAT_10097,19.38621184050166,187.79744160282183,98.89823308043587,170.65786313315047,-65.60348820285853,29.661844727511436,35.0,0.12320131973969002,12.484268477479798
10.753306039000025,105.54208323299986,SAT_10097,19.414367648300825,187.95581802169212,98.9018390168858,170.65043121625268,-65.57533239505936,29.674286871874422,35.0,0.12308445075482193,12.47610359992627
10.753306039000025,105.64208323299985,SAT_10097,19.433139884857397,188.06141185232286,98.90423352975965,170.64547211360534,-65.55656015850279,29.682577312440934,35.0,0.1230065406721235,12.470658816666266
10.753306039000025,105.74208323299985,SAT_10097,19.442514723697457,188.1141453207982,98.90542646754903,170.64299432984623,-65.54718531966273,29.68671603080015,35.0,0.12296763532919598,12.46793938528744
10.753306039000025,105.84208323299984,SAT_10097,19.442485243549086,188.11397949496362,98.90542271923239,170.64300212275913,-65.5472147998111,29.68670301776121,35.0,0.12296775766804802,12.467947937145123
10.753306039000025,105.94208323299983,SAT_10097,19.4330514661941,188.0609144973418,98.90422226946637,170.64549547894387,-65.55664857716609,29.682538273353018,35.0,0.12300690761648296,12.470684463958754
10.753306039000025,106.04208323299983,SAT_10097,19.414220356348437,187.95498950445997,98.90182019841274,170.65047011389336,-65.57547968701175,29.67422180682422,35.0,0.12308506208847267,12.476146317854136
10.753306039000025,106.14208323299982,SAT_10097,19.38600578357415,187.79628253260458,98.8982066261978,170.65791749647505,-65.60369425978604,29.661753636643446,35.0,0.12320217510351324,12.484328224850929
10.753306039000025,106.24208323299982,SAT_10097,19.348428446659696,187.58491001246077,98.89336660087454,170.66782489752626,-65.64127159670049,29.645133790499774,35.0,0.12335817802376729,12.49522231165024
10.753306039000025,106.34208323299981,SAT_10097,19.301515761342145,187.32102615754957,98.88727992759573,170.68017546197981,-65.68818428201804,29.62436230530343,35.0,0.12355297990662777,12.50881814543504
10.753306039000025,106.4420832329998,SAT_10097,19.245301712645897,187.00482213363316,98.87992093546441,170.6949483036721,-65.74439833071429,29.599439227186714,35.0,0.1237864679692097,12.525102786259687
10.753306039000025,106.5420832329998,SAT_10097,19.17982667351363,186.6365250385142,98.8712581771685,170.71211862171543,-65.80987336984656,29.57036461150517,35.0,0.12405850816021213,12.544060851476086
10.753306039000025,106.6420832329998,SAT_10043,19.222568118018188,186.8769456638523,98.87677775950299,170.69727019876214,-65.767131925342,29.587312515118054,35.0,0.12390364348788745,12.533270598210034
10.753306039000025,106.74208323299979,SAT_10043,19.287151954002553,187.2402297412644,98.88526108232847,170.68030409613368,-65.70254808935763,29.615948661556047,35.0,0.1236352490282787,12.514557405751725
10.753306039000025,106.84208323299978,SAT_10043,19.34245646320265,187.55131760551492,98.89245030091305,170.6657454048999,-65.64724358015754,29.64043240063557,35.0,0.12340548913884986,12.498525086754372
10.753306039000025,106.94208323299978,SAT_10043,19.3884417125376,187.80998463302402,98.89837600070615,170.6536186601108,-65.60125833082259,29.660763678006045,35.0,0.1232144964028027,12.485188852315034
10.753306039000025,107.04208323299977,SAT_10043,19.42507421466661,188.01604245749968,98.90306306953674,170.64394444559696,-65.56462582869358,29.676942448537023,35.0,0.1230623819451391,12.474561449688494
10.753306039000025,107.14208323299977,SAT_10043,19.452327107420146,188.1693399792383,98.90653098778635,170.63673927880913,-65.53737293594004,29.688968676317035,35.0,0.12294923486744781,12.46665309858049
10.753306039000025,107.24208323299976,SAT_10043,19.47018029902904,188.26976418203836,98.90879405257414,170.63201551754915,-65.51951974433115,29.696842334652715,35.0,0.1228751217914619,12.461471439643248
10.753306039000025,107.34208323299976,SAT_10043,19.478620577504685,188.31724074846386,98.90986154063947,170.62978128968882,-65.5110794658555,29.700563406068095,35.0,0.12284008651588481,12.459021495718899
10.753306039000025,107.44208323299975,SAT_10043,19.477641682918645,188.31173446641736,98.90973781327791,170.63004044671086,-65.51205836044154,29.700131882304188,35.0,0.1228441497898985,12.459305646244973
10.753306039000025,107.54208323299974,SAT_10043,19.467244341746678,188.25324942232507,98.90842236547017,170.63279254162927,-65.52245570161351,29.695547764318764,35.0,0.12288730920562108,12.462323615097379
10.753306039000025,107.64208323299974,SAT_10043,19.44743626287955,188.14182897869745,98.90590982019975,170.6380328315542,-65.54226378048064,29.68681106228638,35.0,0.12296953921059489,12.468072472002223
10.753306039000025,107.74208323299973,SAT_10043,19.418232095347562,187.97755553633004,98.90218986784475,170.64575230486983,-65.57146794801263,29.673921795598645,35.0,0.12309079124017923,12.47654664750126
10.753306039000025,107.84208323299973,SAT_10043,19.379653348247956,187.76055008389477,98.89724714941383,170.65593773269913,-65.61004669511223,29.65687999286469,35.0,0.12325099396851795,12.48773796130927
10.753306039000025,107.94208323299972,SAT_10043,19.33172827379667,187.4909715401063,98.8910610812411,170.66857174404117,-65.65797176956352,29.635685691911906,35.0,0.12345005367557242,12.501635663758666
10.853306039000024,105.04208323299989,SAT_10043,19.3680890067687,187.69550066307391,98.89577064798377,170.65898825094058,-65.62161103659149,29.6517682157394,35.0,0.12329902257645034,12.491091978813849
10.853306039000024,105.14208323299988,SAT_10097,19.35820157045069,187.63988383378512,98.89464006809592,170.6652494224056,-65.6314984729095,29.649457846400253,35.0,0.1233176017835332,12.492389295120628
10.853306039000024,105.24208323299987,SAT_10097,19.414502693596205,187.95657765147865,98.90186709271082,170.65039555259915,-65.57519734976398,29.67434652684155,35.0,0.12308389025120499,12.476064433755168
10.853306039000024,105.34208323299987,SAT_10097,19.46147877876244,188.22081813053873,98.90784391915764,170.63797963151103,-65.52822126459775,29.69508501019071,35.0,0.12288894086540063,12.462437702412023
10.853306039000024,105.44208323299986,SAT_10097,19.49909545918716,188.43241195792777,98.91259547173534,170.6280227922841,-65.49060458417303,29.711673250385722,35.0,0.12273286759702208,12.45152217467763
10.853306039000024,105.54208323299986,SAT_10097,19.527325018743028,188.59120323042953,98.91614135493015,170.6205420847022,-65.46237502461716,29.724111210584148,35.0,0.12261576232000826,12.443328388179077
10.853306039000024,105.64208323299985,SAT_10097,19.546146542161267,188.69707429965715,98.9184960778756,170.6155503786657,-65.44355350119892,29.732398863162185,35.0,0.12253769434001308,12.437864291355412
10.853306039000024,105.74208323299985,SAT_10097,19.555546029210902,188.74994641431132,98.91966921877209,170.6130562907881,-65.43415401414929,29.73653618971399,35.0,0.12249871003682374,12.435135203038346
10.853306039000024,105.84208323299984,SAT_10097,19.555516471517706,188.7497801522871,98.91966553263164,170.61306413499403,-65.43418357184248,29.7365231810512,35.0,0.1224988326240857,12.435143785275555
10.853306039000024,105.94208323299983,SAT_10097,19.54605789113768,188.69657563764946,98.91848500453109,170.6155738977066,-65.44364215222251,29.732359837202704,35.0,0.12253806202874731,12.437890029689862
10.853306039000024,106.24208323299982,SAT_10097,19.461213417935454,188.2193254758869,98.90781029166226,170.63804982416013,-65.52848662542473,29.694967933092318,35.0,0.12289004196942525,12.462514692387492
10.853306039000024,106.34208323299981,SAT_10097,19.41417876275611,187.9547555405031,98.90182571139252,170.65048109811391,-65.57552128060408,29.674203433139866,35.0,0.12308523472231259,12.476158380907723
10.853306039000024,106.4420832329998,SAT_10097,19.357819305637477,187.63773359421083,98.89459075935808,170.6653501756681,-65.63188073772271,29.64928873641311,35.0,0.12331918883874603,12.492500109628978
10.853306039000024,106.5420832329998,SAT_10097,19.29217591929614,187.2684895460408,98.88607486606405,170.6826319343952,-65.69752412406405,29.620223898252593,35.0,0.12359176869843753,12.511524319222996
10.853306039000024,106.6420832329998,SAT_10043,19.33249625352613,187.4952914260845,98.89117266953897,170.66836945494245,-65.65720378983406,29.636025529996772,35.0,0.12344686343038415,12.501413001457998
10.853306039000024,106.74208323299979,SAT_10043,19.39724269489642,187.85949015879237,98.89951585682795,170.6512955479349,-65.59245734846377,29.66465204842753,35.0,0.12317794812661607,12.482635900829788
10.853306039000024,106.84208323299978,SAT_10043,19.452687277189767,188.1713659341924,98.90658699245148,170.63664401077605,-65.53701276617042,29.689127555624506,35.0,0.12294773964324832,12.466548571375625
10.853306039000024,106.94208323299978,SAT_10043,19.49878958337267,188.43069140647128,98.91241582903868,170.6244396899696,-65.49091045998752,29.709451997251733,35.0,0.12275637208130825,12.453166395188346
10.853306039000024,107.04208323299977,SAT_10043,19.53551571819773,188.63727591486222,98.91702658059,170.61470343200668,-65.45418432516246,29.725625328190915,35.0,0.12260395784249287,12.442502263504206
10.853306039000024,107.14208323299977,SAT_10043,19.562838490928968,188.79096651147543,98.92043820249971,170.6074519660062,-65.42686155243122,29.737647512540253,35.0,0.12249058705504186,12.434566511910216
10.853306039000024,107.24208323299976,SAT_10043,19.580737563253663,188.89164879330187,98.92266460795955,170.6026978086537,-65.40896248010652,29.74551852361355,35.0,0.12241632711005208,12.429366867956338
10.853306039000024,107.34208323299976,SAT_10043,19.589199560693515,188.93924752890103,98.92371482522209,170.60044919256234,-65.40050048266667,29.74923834393955,35.0,0.12238122231283165,12.426908411731056
10.853306039000024,107.44208323299975,SAT_10043,19.58821814622992,188.9337270725433,98.92359309893222,170.6007100189146,-65.40148189713027,29.74880696526148,35.0,0.12238529365278457,12.427193549824356
10.853306039000024,107.54208323299974,SAT_10043,19.57779405528794,188.87509156099466,98.92229893757258,170.60347983495487,-65.41190598807225,29.744224388536857,35.0,0.12242853869414459,12.430222002960088
10.853306039000024,107.64208323299974,SAT_10043,19.557935091674352,188.76338489066825,98.91982710797615,170.60875383660235,-65.43176495168584,29.7354906239375,35.0,0.12251093158866333,12.435990807432322
10.853306039000024,107.74208323299973,SAT_10043,19.528656084512107,188.5986904753806,98.91616757679506,170.61652289615785,-65.46104395884808,29.7226056908498,35.0,0.12263242321012492,12.444494330329906
10.853306039000024,107.84208323299973,SAT_10043,19.48997880667818,188.38113078756479,98.91130539775064,170.62677361476403,-65.499721236682,29.705569617875195,35.0,0.1227929414093261,12.455724298383846
10.853306039000024,107.94208323299972,SAT_10043,19.441931855686235,188.11086668823506,98.90522054238285,170.6394883989924,-65.54776818767395,29.68438244283089,35.0,0.12299239138695656,12.469669840125494
10.853306039000024,108.04208323299972,SAT_10043,19.384550498388094,187.78809655343304,98.89788767083787,170.6546455606396,-65.6051495449721,29.659044212750832,35.0,0.12323065618065168,12.486317540902661
10.853306039000024,116.24208323299925,SAT_10081,19.9870826350147,191.1773398219577,98.97154217036865,170.49630342500575,-65.00261740834549,29.92457515435445,35.0,0.12071889841856691,12.31017023927561
10.853306039000024,116.64208323299923,SAT_10081,19.939906431140244,190.9119736751639,98.96604429539076,170.5090042140108,-65.04979361221994,29.90404012782658,35.0,0.12091415719902006,12.323915368836714
10.853306039000024,116.84208323299922,SAT_10081,19.85891623810855,190.4564038393606,98.95650615794607,170.53075959163735,-65.13078380525164,29.868725461641233,35.0,0.12124948689195643,12.347500188363561
10.953306039000024,105.44208323299986,SAT_10097,19.602487455729403,189.01399193847791,98.92550823118891,170.6005884845862,-65.38721258763078,29.7571828486443,35.0,0.12230404999389924,12.42150290169498
10.953306039000024,105.54208323299986,SAT_10097,19.630784389434027,189.17316219056642,98.92900052927743,170.59306286357094,-65.35891565392616,29.769616590371044,35.0,0.12218672978912852,12.413282650937143
10.953306039000024,105.64208323299985,SAT_10097,19.649650939407195,189.27928653416546,98.9313197465224,170.58804114449896,-65.34004910395299,29.777901432101206,35.0,0.12210851818222482,12.407800873373008
10.953306039000024,105.74208323299985,SAT_10097,19.65907294461698,189.33228531347052,98.93247522165827,170.58553204771,-65.33062709874321,29.78203735543386,35.0,0.1220694620532437,12.405062944413837
10.953306039000024,106.24208323299982,SAT_10097,19.564515302350756,188.800398575723,98.92079558998171,170.61067559583387,-65.42518474100943,29.740483197147018,35.0,0.12246151185878246,12.432530830463795
10.953306039000024,106.34208323299981,SAT_10097,19.517369238229747,188.53520196504232,98.91490209475725,170.6231811612729,-65.47233080513044,29.719725739713095,35.0,0.12265706009397064,12.44621832347667
10.953306039000024,106.4420832329998,SAT_10097,19.460876974259236,188.2174329802082,98.907777798456,170.63813881855305,-65.52882306910095,29.694819493099025,35.0,0.12289143803107849,12.462612305615853
10.953306039000024,106.5420832329998,SAT_10097,19.395079845531427,187.84732413111428,98.89939290875166,170.65552314748405,-65.59462019782876,29.665764512630556,35.0,0.12316450860246594,12.481697054372807
10.953306039000024,106.6420832329998,SAT_10043,19.4329513210794,188.06035118107164,98.90408822582036,170.64186258415964,-65.55674872228079,29.680419358546878,35.0,0.1230296765302763,12.472275820137751
10.953306039000024,106.74208323299979,SAT_10043,19.49784579645069,188.42538260503517,98.91230658989697,170.62468972799712,-65.4918542469095,29.70903617001872,35.0,0.12276028920859328,12.453440399722501
10.953306039000024,106.84208323299978,SAT_10043,19.553417912380084,188.73797575713797,98.9192725344442,170.60995296765043,-65.4362821309801,29.733503377830615,35.0,0.12252967413973648,12.437302867020556
10.953306039000024,106.94208323299978,SAT_10043,19.599626805391125,188.9979007803251,98.92501507562504,170.59767743721028,-65.39007323796906,29.75382092766106,35.0,0.12233796682088618,12.423878761598942
10.953306039000024,107.04208323299977,SAT_10043,19.636438203909833,189.2049648969928,98.92955783143586,170.58788422572428,-65.35326183945035,29.769988774403735,35.0,0.12218528082817987,12.41318110730164
10.953306039000024,107.14208323299977,SAT_10043,19.663824614048252,189.35901345402144,98.93291929283191,170.58059025779343,-65.32587542931194,29.78200688216639,35.0,0.12207170723433886,12.405220346450555
10.953306039000024,107.24208323299976,SAT_10043,19.681765470007136,189.45993076879012,98.9351130333087,170.57580819684557,-65.30793457335305,29.789875224269913,35.0,0.12199731413828051,12.40000428663911
10.953306039000024,107.34208323299976,SAT_10043,19.690247247371943,189.50764076646718,98.9361478612374,170.5735463722358,-65.29945279598824,29.793593783247697,35.0,0.12196214631140895,12.397538060688744
10.953306039000024,107.44208323299975,SAT_10043,19.689263537987472,189.50210740117953,98.93602791803472,170.573808731052,-65.30043650537272,29.793162550845157,35.0,0.12196622496414615,12.397824100201722
10.953306039000024,107.54208323299974,SAT_10043,19.678815085537792,189.4433348561501,98.934752724132,170.57659481520858,-65.3108849578224,29.78858152801956,35.0,0.12200954763507041,12.400862122998303
10.953306039000024,107.64208323299974,SAT_10043,19.65890978141387,189.33136752045303,98.9323171736581,170.58189976410682,-65.33079026194632,29.77985072494002,35.0,0.12209208820378999,12.40664913457573
10.953306039000024,107.74208323299973,SAT_10043,19.629562620917042,189.16628974265836,98.92871147773091,170.58971434283046,-65.36013742244315,29.766970160987775,35.0,0.12221379702742094,12.415179443573036
10.953306039000024,107.84208323299973,SAT_10043,19.59079562031212,188.9482253642557,98.92392105522738,170.60002499553275,-65.39890442304807,29.749939864756662,35.0,0.1223746011992812,12.4264446910727
10.953306039000024,107.94208323299972,SAT_10043,19.542637695697394,188.67733703829782,98.91792636884277,170.61281392336934,-65.4470623476628,29.728759874053846,35.0,0.12257440492718127,12.440433893420117
10.953306039000024,108.04208323299972,SAT_10043,19.48512450509334,188.35382534115004,98.91070270311488,170.62805918604158,-65.50457553826685,29.70343023590076,35.0,0.12281309002750875,12.457133498098516
10.953306039000024,108.14208323299971,SAT_10043,19.41829825555844,187.9779276875162,98.90221987984545,170.64573482574417,-65.57140178780175,29.673951006534306,35.0,0.1230905165301887,12.476527452061692
11.053306039000024,106.24208323299982,SAT_10097,19.658257586311407,189.3276989230017,98.93238266131277,170.58574921166166,-65.33144245704878,29.781679483085107,35.0,0.12207284180148772,12.405299886670731
11.053306039000024,106.34208323299981,SAT_10097,19.611011074057785,189.06193729157505,98.92656994751387,170.5983223937722,-65.3786889693024,29.760929125425807,35.0,0.12226870887067116,12.419026992085334
11.053306039000024,106.4420832329998,SAT_10097,19.554399080398056,188.74349482723906,98.9195437816914,170.61336066933177,-65.43530096296213,29.736031397624913,35.0,0.12250346689424828,12.43546822436103
11.053306039000024,106.5420832329998,SAT_10097,19.488463363174475,188.37260641785642,98.91127505610562,170.6308383456475,-65.50123668018571,29.706986354993564,35.0,0.12277697748494992,12.454607712046826
11.053306039000024,106.6420832329998,SAT_10043,19.523859525893684,188.57170983315197,98.91558483883905,170.61779488768028,-65.4658405174665,29.720493903684325,35.0,0.1226523280679313,12.445887205402624
11.053306039000024,106.74208323299979,SAT_10043,19.588886930654184,188.93748898492976,98.92369272587528,170.60053227988755,-65.400813112706,29.749100929270984,35.0,0.12238251923777604,12.426999242851661
11.053306039000024,106.84208323299978,SAT_10043,19.64457358014576,189.25072638831992,98.93056556080326,170.58571821489505,-65.34512646321443,29.773559770217023,35.0,0.12215154104383895,12.410816477492562
11.053306039000024,106.94208323299978,SAT_10043,19.690878204125696,189.51118989820705,98.9362317121056,170.57337808907056,-65.29882183923449,29.793870372215196,35.0,0.12195953025186336,12.397354592127263
11.053306039000024,107.04208323299977,SAT_10043,19.72776618811008,189.7186848081192,98.94071427352148,170.5635332126896,-65.2619338552501,29.81003269017102,35.0,0.12180660150517031,12.386626731226354
11.053306039000024,107.14208323299977,SAT_10043,19.755209761958398,189.873054911016,98.94403132740952,170.55620068865915,-65.23449028140179,29.82204668820166,35.0,0.1216928467347539,12.378643434209536
11.053306039000024,107.24208323299976,SAT_10043,19.77318815255967,189.97418335814817,98.94619614837502,170.5513933142625,-65.21651189080052,29.829912339635015,35.0,0.12161833468277215,12.373412581490257
11.053306039000024,107.34208323299976,SAT_10043,19.78168769885447,190.0219933060564,98.94721735130382,170.54911950710473,-65.20801234450572,29.833629627009046,35.0,0.12158311054421238,12.370939353865818
11.053306039000024,107.44208323299975,SAT_10043,19.78070192785617,190.01644834419096,98.94709898677199,170.54938325615012,-65.20899811550402,29.833198542071347,35.0,0.12158719573035899,12.371226205694885
11.053306039000024,107.54208323299974,SAT_10043,19.77023159077544,189.95755269811184,98.94584058572576,170.55218409845125,-65.21946845258475,29.828619085778925,35.0,0.12163058775647435,12.374272852155956
11.053306039000024,107.64208323299974,SAT_10043,19.750284658825024,189.84535120589078,98.94343715431353,170.5575171218514,-65.23941538453516,29.819891268298232,35.0,0.12171326025484192,12.380076270727166
11.053306039000024,107.74208323299973,SAT_10043,19.720876278751803,189.6799290679789,98.93987911876808,170.56537299362986,-65.26882376460838,29.80701510900542,35.0,0.12183516311303763,12.388630716870907
11.053306039000024,107.84208323299973,SAT_10043,19.6820286886218,189.4614113734976,98.93515221925031,170.5757380147381,-65.30767135473839,29.789990636486817,35.0,0.12199622273601647,12.399927753751081
11.053306039000024,107.94208323299972,SAT_10043,19.633771094845045,189.1899624085034,98.92923735054279,170.58859419896777,-65.35592894851514,29.768817888539672,35.0,0.12219634242934557,12.413956295657698
11.053306039000024,108.04208323299972,SAT_10043,19.57613951187041,188.86578475427106,98.92211034638953,170.60391937609575,-65.41356053148978,29.74349691217308,35.0,0.12243540289971068,12.430702664667395
11.053306039000024,108.14208323299971,SAT_10043,19.50917656639733,188.48911818598498,98.91374170308013,170.62168731777362,-65.48052347696286,29.71402776360917,35.0,0.12271326286768841,12.450150659930713
11.053306039000024,108.2420832329997,SAT_10097,19.545003218084958,188.6906431017279,98.9183711312798,170.6158536959972,-65.44469682527523,29.731895541981608,35.0,0.12254243640100142,12.438196234858621
11.053306039000024,108.3420832329997,SAT_10097,19.603031308468672,189.01705111013626,98.92558363169998,170.60044391589344,-65.38666873489151,29.757421906448744,35.0,0.12230179499197155,12.421344930454847
11.053306039000024,108.44208323299969,SAT_10097,19.651699827652564,189.29081153054568,98.93157861872903,170.5874955920358,-65.33800021570762,29.778800908565515,35.0,0.12210002495591363,12.407205507281432
11.053306039000024,114.34208323299936,SAT_10098,19.668102114153157,189.3830743921115,98.93346404237732,170.57982019644012,-65.32159792920703,29.784096058707284,35.0,0.12205176222565321,12.40382202924854
11.153306039000023,106.04208323299983,SAT_10097,19.80875813125803,190.17426448832643,98.95060081126135,170.5455597809165,-65.18094191210216,29.847605107972043,35.0,0.12144925159570065,12.361537987562
11.153306039000023,106.14208323299982,SAT_10097,19.78028724115653,190.01411573150548,98.94719066809527,170.55317880460711,-65.20941280220366,29.835153915687304,35.0,0.12156718028080392,12.369820733003035
11.153306039000023,106.24208323299982,SAT_10097,19.742369668718965,189.80082938654417,98.94262394594934,170.56331407700372,-65.24733037464122,29.81855670078596,35.0,0.12172426602512718,12.380848732398338
11.153306039000023,106.34208323299981,SAT_10097,19.695034040483037,189.53456647771708,98.93688231811525,170.5759479622016,-65.29466600287715,29.797813500139025,35.0,0.1219204141143454,12.394611126700225
11.153306039000023,106.4420832329998,SAT_10097,19.638315835901693,189.21552657694704,98.9299424991562,170.5910586107407,-65.3513842074585,29.772924359829766,35.0,0.12215550710228125,12.41109444944528
11.153306039000023,106.5420832329998,SAT_10097,19.57225719385582,188.843946715439,98.92177598021091,170.60862008407642,-65.41744284950437,29.743889335154897,35.0,0.12242940541543527,12.43028269516742
11.153306039000023,106.6420832329998,SAT_10043,19.605152999673493,189.0289856231634,98.92571505719584,170.59620806377967,-65.3845470436867,29.756249077779376,35.0,0.12231504340455121,12.422273014281838
11.153306039000023,106.74208323299979,SAT_10043,19.67029773591183,189.39542476450404,98.93372598053134,170.57886521894656,-65.31940230744836,29.78484623857979,35.0,0.1220448651261507,12.403338461955437
11.153306039000023,106.84208323299978,SAT_10043,19.726085492726483,189.7092308965865,98.94051708853982,170.56398204187346,-65.2636145506337,29.809296645200728,35.0,0.12181356860537591,12.3871155853556
11.153306039000023,106.94208323299978,SAT_10043,19.77247463480893,189.97016982080024,98.94611618436548,170.55158416454503,-65.21722540855126,29.82960024334902,35.0,0.12162129174344752,12.373620195611794
11.153306039000023,107.04208323299977,SAT_10043,19.80943023989505,190.17804509940964,98.95054590406079,170.54169309599334,-65.18026980346514,29.845756987941876,35.0,0.12146815013896613,12.362865545274708
11.153306039000023,107.14208323299977,SAT_10043,19.836924289877686,190.332699130562,98.95382397322065,170.53432609932923,-65.1527757534825,29.857766843105754,35.0,0.12135423649123699,12.354862260767787
11.153306039000023,107.24208323299976,SAT_10043,19.854935825550825,190.4340140187234,98.9559634054474,170.52949609210924,-65.13476421780936,29.86562978217546,35.0,0.12127962011825728,12.34961828775732
11.153306039000023,107.34208323299976,SAT_10043,19.86345106319142,190.48191223045174,98.95697264665462,170.5272115712356,-65.12624898016877,29.869345787693486,35.0,0.12124434659422256,12.347138850032442
11.153306039000023,107.44208323299975,SAT_10043,19.862463471613253,190.47635702782455,98.95685566808297,170.52747656330178,-65.12723657174693,29.868914851409556,35.0,0.12124843751023986,12.347426422344478
11.153306039000023,107.54208323299974,SAT_10043,19.851973808784052,190.4173526744103,98.95561200986198,170.5302906009913,-65.13772623457614,29.86433697428043,35.0,0.12129189036069785,12.350480717504581
11.153306039000023,107.64208323299974,SAT_10043,19.831990117572076,190.30494441134292,98.95323677597123,170.5356487258194,-65.15770992578811,29.855612166469932,35.0,0.12137467855646218,12.356298687882168
11.153306039000023,107.74208323299973,SAT_10043,19.802527680674245,190.13921820379267,98.94972058050267,170.54354151718275,-65.18717236268594,29.842740447349186,35.0,0.12149675156476013,12.364874541287616
11.153306039000023,107.84208323299973,SAT_10043,19.76360893525566,189.9203002608131,98.94504944416951,170.5539551473635,-65.22609110810453,29.82572184549712,35.0,0.12165803517431753,12.376199771063847
11.153306039000023,107.94208323299972,SAT_10043,19.715263348309605,189.64835633424153,98.93920463901854,170.56687146181278,-65.27443669505058,29.80455639870119,35.0,0.12185843188303568,12.390263200055958
11.153306039000023,108.04208323299972,SAT_10043,19.65752725419412,189.32359080484193,98.9321624782454,170.58226808374084,-65.33217278916607,29.77924415395831,35.0,0.12209782140427212,12.407051037979246
11.153306039000023,108.14208323299971,SAT_10043,19.590443656222888,188.94624556625376,98.92389404685358,170.60011854176065,-65.3992563871373,29.749785167476038,35.0,0.12237606128663484,12.426546951566046
11.153306039000023,108.2420832329997,SAT_10097,19.628902405702718,189.1625760320778,98.928784304671,170.5935636109949,-65.36079763765747,29.768789930688047,35.0,0.12219453201770368,12.413829425332926
11.153306039000023,108.3420832329997,SAT_10097,19.6870392663391,189.4895958731574,98.93590809566398,170.57807970959104,-65.30266077702109,29.794307490838598,35.0,0.12195354756673872,12.396935010701915
11.153306039000023,108.44208323299969,SAT_10097,19.735799514899554,189.76387227131,98.94182971750324,170.56506889943375,-65.25390052846063,29.815679119116023,35.0,0.1217514882649314,12.38275925987798
11.253306039000023,105.94208323299983,SAT_10097,19.902318977278412,190.70054424719106,98.96169905864488,170.5204687501676,-65.08738106608178,29.888455327688355,35.0,0.12106184328477512,12.33430580031775
11.253306039000023,106.04208323299983,SAT_10097,19.883284968643565,190.59347794862006,98.95945614067551,170.52557991799222,-65.10641507471662,29.880153074101024,35.0,0.12114064163445686,12.339847589190976
11.253306039000023,106.14208323299982,SAT_10097,19.854767125233067,190.433065079436,98.95608250909015,170.53323139990465,-65.13493291812712,29.867706212182263,35.0,0.12125871711037924,12.348149013294359
11.253306039000023,106.24208323299982,SAT_10097,19.816787238422222,190.219428216125,98.9515648339766,170.543409761595,-65.17291280493797,29.851114769584612,35.0,0.1214159976797296,12.359201815247841
11.253306039000023,106.34208323299981,SAT_10097,19.76937416617544,189.95272968473685,98.94588511888513,170.5560972175323,-65.22032587718475,29.830378783169586,35.0,0.12161238791243889,12.372995054909582
11.253306039000023,106.4420832329998,SAT_10097,19.712563673534163,189.63317066362967,98.93902049992053,170.5712717336992,-65.27713636982602,29.805498299008597,35.0,0.12184776947751101,12.389515165657917
11.253306039000023,106.5420832329998,SAT_10097,19.646398236782332,189.26099008190062,98.93094298722556,170.58890715363492,-65.34330180657786,29.77647337238411,35.0,0.12212200175382457,12.408746023573228
11.253306039000023,106.6420832329998,SAT_10043,19.6767701625307,189.4318321642352,98.9345242474968,170.57713997597767,-65.31292988082949,29.7876848026542,35.0,0.12201802683323422,12.401456680672776
11.253306039000023,106.74208323299979,SAT_10043,19.742016182917737,189.79884102891228,98.94245100689008,170.5597266978928,-65.24768386044245,29.816272019792244,35.0,0.12174753257433177,12.382481649767561
11.253306039000023,106.84208323299978,SAT_10043,19.797891232533473,190.1131381830008,98.94917117185382,170.54478285126177,-65.19180881082671,29.84071392465017,35.0,0.12151596373927408,12.366223920475846
11.253306039000023,106.94208323299978,SAT_10043,19.844353354558677,190.37448761939257,98.9547120570748,170.53233427578792,-65.14534668880151,29.861010462948695,35.0,0.12132345922665247,12.352699416735637
11.253306039000023,107.04208323299977,SAT_10043,19.88136735565108,190.5826913755373,98.95909590310102,170.52240265573798,-65.10833268770911,29.87716158961656,35.0,0.12117013547419686,12.3419214861135
11.253306039000023,107.14208323299977,SAT_10043,19.908904999293924,190.73759062102835,98.96234012719684,170.51500539547544,-65.08079504406626,29.8891672687894,35.0,0.12105608585613253,12.333900831524101
11.253306039000023,107.24208323299976,SAT_10043,19.926945162362045,190.83906653828652,98.96445751737362,170.51015551860613,-65.06275488099814,29.897027473808844,35.0,0.12098138019631563,12.328645456004555
11.253306039000023,107.34208323299976,SAT_10043,19.93547395308181,190.8870409860852,98.96545637348846,170.50786159195428,-65.05422609027838,29.90074218722184,35.0,0.12094606440207278,12.326160621143853
11.253306039000023,107.44208323299975,SAT_10043,19.934484788999853,190.88147693812417,98.96534059820341,170.5081276752945,-65.05521525436033,29.900311400780232,35.0,0.12095016022248559,12.32644881962357
11.253306039000023,107.54208323299974,SAT_10043,19.923978434035703,190.82237869145084,98.96410973958619,170.51095329745806,-65.06572160932448,29.895735115440534,35.0,0.12099366513360504,12.329509762173352
11.253306039000023,107.64208323299974,SAT_10043,19.903962994178656,190.70979184225496,98.9617589861827,170.51633345910787,-65.08573704918153,29.887013341363964,35.0,0.1210765523517812,12.335340379085853
11.253306039000023,107.74208323299973,SAT_10043,19.874453871877634,190.54380302931168,98.95827911446473,170.52425866214986,-65.11524617148255,29.874146097916697,35.0,0.12119877097497006,12.343934836274418
11.253306039000023,107.84208323299973,SAT_10043,19.835473679671225,190.32453944815063,98.95365638762948,170.5347149654135,-65.15422636368896,29.857133413670354,35.0,0.12136024625055992,12.355284565695245
11.253306039000023,107.94208323299972,SAT_10043,19.787052114072566,190.0521681416582,98.9478724037642,170.5476840659249,-65.20264792928762,29.835975326402718,35.0,0.1215608799669665,12.369378309798476
11.253306039000023,108.04208323299972,SAT_10043,19.729225791196484,189.72689507548023,98.9409038903649,170.56314340477633,-65.2604742521637,29.81067188309868,35.0,0.12180055096500328,12.386202179521044
11.253306039000023,108.14208323299971,SAT_10043,19.662038046032464,189.3489640089326,98.93272244107149,170.58106629632275,-65.32766199732772,29.781223139951425,35.0,0.12207911576386601,12.405739725192536
11.253306039000023,108.2420832329997,SAT_10097,19.703134979622007,189.5801342603738,98.93787489472449,170.57378730019994,-65.28656506373818,29.80136530777334,35.0,0.12188684212331694,12.392256229188263
11.253306039000023,108.3420832329997,SAT_10097,19.761366350115495,189.90768571939967,98.94492142890013,170.55823798862684,-65.22833369324469,29.826873993217074,35.0,0.12164556214450101,12.375324135690429
11.253306039000023,108.44208323299969,SAT_10097,19.810206312357636,190.18241050701172,98.95077915340299,170.54517203426053,-65.17949373100255,29.84823818870203,35.0,0.12144325359999275,12.36111663184405
11.253306039000023,108.54208323299969,SAT_10097,19.849618070583574,190.40410164703258,98.955471690992,170.5346121046428,-65.14008197277661,29.865457846760698,35.0,0.12128003824145796,12.349647676653051
11.253306039000023,108.64208323299968,SAT_10097,19.879571708706635,190.57259086147485,98.9590177616158,170.52657663646895,-65.11012833465355,29.87853292913563,35.0,0.12115601500499605,12.340928612315247
11.253306039000023,108.74208323299968,SAT_10097,19.900044355463905,190.68774949948448,98.96143139176338,170.52107972923523,-65.08965568789628,29.887463406778487,35.0,0.12107125949710965,12.334968105942439
11.353306039000023,105.94208323299983,SAT_10097,19.967103315100786,191.06495614744193,98.96928415170427,170.5030468057672,-65.0225967282594,29.916681082277293,35.0,0.12079370574591831,12.315437299023559
11.353306039000023,106.04208323299983,SAT_10097,19.948042740162578,190.9577404134145,98.96706204091515,170.50817671749374,-65.04165730319761,29.908381740013006,35.0,0.1208725861911675,12.320989739525698
11.353306039000023,106.14208323299982,SAT_10097,19.919485195740634,190.79710422604109,98.96371977562669,170.51585621791264,-65.07021484761955,29.89593924279523,35.0,0.12099078435345079,12.329307088148692
11.353306039000023,106.24208323299982,SAT_10097,19.881452624996044,190.58317101560274,98.95924423453158,170.52607177443429,-65.10824741836414,29.879353618269484,35.0,0.12114822773244525,12.340381034466887
11.353306039000023,106.34208323299981,SAT_10097,19.833974086220806,190.31610423499205,98.95361770380967,170.5388054718652,-65.15572595713938,29.858624903287907,35.0,0.12134482028019804,12.354200568281886
11.353306039000023,106.4420832329998,SAT_10097,19.77708559165474,189.9961064530579,98.94681768027502,170.5540351162632,-65.21261445170545,29.833753143910204,35.0,0.12158044290189586,12.370752036450549
11.353306039000023,106.5420832329998,SAT_10097,19.71082990961102,189.62341824156198,98.93881661811831,170.57173436234825,-65.27887013374917,29.804738395404787,35.0,0.12185495407209546,12.390019212733606
11.353306039000023,106.6420832329998,SAT_10043,19.73865605775248,189.7799403248577,98.94205116646475,170.5606244383568,-65.25104398560771,29.81480100958068,35.0,0.12176146052145859,12.383459096310126
11.353306039000023,106.74208323299979,SAT_10043,19.803986913120625,190.14742638630352,98.94990595567104,170.54315078967736,-65.18571313023956,29.84337820420495,35.0,0.12149070500396063,12.364449839763195
11.353306039000023,106.84208323299978,SAT_10043,19.85993509381771,190.4621349027246,98.9565654528289,170.52815493976846,-65.12976494954248,29.86781153988307,35.0,0.12125891094923365,12.34816263870785
11.353306039000023,106.94208323299978,SAT_10043,19.906458366737695,190.72382831289954,98.9620565564551,170.51566290703857,-65.08324167662249,29.88810096234948,35.0,0.12106621811063653,12.334613513822763
11.353306039000023,107.04208323299977,SAT_10043,19.943521305576766,190.93230734386933,98.96640117008307,170.50569652652112,-65.04617873778342,29.90424642654429,35.0,0.12091274364507536,12.32381589416152
11.353306039000023,107.14208323299977,SAT_10043,19.97109548610966,191.08741210936685,98.96961644821862,170.49827332411556,-65.01860455725053,29.91624789661219,35.0,0.12079858150523266,12.315780548241921
11.353306039000023,107.24208323299976,SAT_10043,19.98915964432794,191.18902299934467,98.97171498661015,170.49340641467796,-65.00054039903225,29.92410534590155,35.0,0.1207238019485333,12.310515528307294
11.353306039000023,107.34208323299976,SAT_10043,19.997699795589583,191.2370613501914,98.97270496062954,170.49110442519856,-64.9920002477706,29.927818756963713,35.0,0.1206884511678332,12.308026128367926
11.353306039000023,107.44208323299975,SAT_10043,19.99670931337731,191.2314898877474,98.9725902144868,170.4913714440033,-64.99299072998288,29.927388121552607,35.0,0.12069255104761652,12.30831485648456
11.353306039000023,107.54208323299974,SAT_10043,19.986188966726587,191.17231293783706,98.97137030301582,170.49420699660843,-65.0035110766336,29.922813440624505,35.0,0.12073609904821672,12.311381421601467
11.353306039000023,107.64208323299974,SAT_10043,19.966146915878454,191.05957640181632,98.96904048684091,170.4996060485249,-65.02355312748173,29.914094724338064,35.0,0.12081906821926161,12.317222735075651
11.353306039000023,107.74208323299973,SAT_10043,19.93659866620787,190.89336749741926,98.96559168083051,170.50755903497958,-65.05310137715232,29.901231992054566,35.0,0.1209414073422027,12.325832926885093
11.353306039000023,107.84208323299973,SAT_10043,19.897566980979008,190.6738142680069,98.96101035483899,170.51805191718336,-65.09213306238118,29.88422527233842,35.0,0.12110304120045305,12.337203376335792
11.353306039000023,107.94208323299972,SAT_10043,19.84908175396062,190.4010848660285,98.9552783847994,170.5310662644558,-65.14061828939957,29.863074602957873,35.0,0.1213038709743491,12.351322756927301
11.353306039000023,108.04208323299972,SAT_10043,19.791179843403313,190.07538661914364,98.94837285123022,170.54657936120222,-65.19852019995687,29.83778003088595,35.0,0.12154377475689512,12.368177094883718
11.353306039000023,108.14208323299971,SAT_10043,19.723904869314907,189.69696488989635,98.94026578112178,170.56456433744884,-65.26579517404528,29.808341612301636,35.0,0.12182260818506585,12.387749840712997
11.353306039000023,108.2420832329997,SAT_10097,19.767643998201578,189.9429974898839,98.94568288873104,170.556559803021,-65.22205604515861,29.8296216019827,35.0,0.1216195554124746,12.373498288707834
11.353306039000023,108.3420832329997,SAT_10097,19.825955246273082,190.2709982602861,98.9526630612184,170.54095403198795,-65.1637447970871,29.855121342351538,35.0,0.12137802858028085,12.356534078870409
11.353306039000023,108.44208323299969,SAT_10097,19.87486259213398,190.54610208075366,98.95846589689471,170.52784047809973,-65.11483745122621,29.876478046109458,35.0,0.12117551179579153,12.342299507440146
11.353306039000023,108.54208323299969,SAT_10097,19.914328985885547,190.76810054560622,98.96311464554707,170.51724197329665,-65.07537105747464,29.89369166580101,35.0,0.12101212759615934,12.330808622382841
11.353306039000023,108.64208323299968,SAT_10097,19.944324303892202,190.93682420939365,98.96662773294868,170.50917708860197,-65.04537573946799,29.906762163178477,35.0,0.12088797555779814,12.322072838486703
11.353306039000023,108.74208323299968,SAT_10097,19.96482551565579,191.0521435255638,98.96901896597946,170.50366002660985,-65.0248745277044,29.915689509200895,35.0,0.12080313177775828,12.316100878517673
11.353306039000023,108.84208323299967,SAT_10097,19.97581681238124,191.11396956964447,98.97029768475717,170.5007005386089,-65.01388323097895,29.92047368403332,35.0,0.12075764847493602,12.31289872792843
11.353306039000023,108.94208323299966,SAT_10097,19.977289695720586,191.1222545384283,98.97046886478542,170.50030386735295,-65.0124103476396,29.921114677046347,35.0,0.12075155371518673,12.312469603617808
11.453306039000022,105.94208323299983,SAT_10097,20.02206253756397,191.37410177379732,98.9756554721662,170.48823605203114,-64.96763750579622,29.940587452019297,35.0,0.1205663081418078,12.299422597642568
11.453306039000022,106.04208323299983,SAT_10097,20.002980356367715,191.26676450456839,98.97345090140129,170.49338166715899,-64.98671968699247,29.93229104397281,35.0,0.12064525422404684,12.304983809582255
11.453306039000022,106.14208323299982,SAT_10097,19.9743905266331,191.1059467123112,98.970135076863,170.50108464089197,-65.01530951672709,29.919852945780324,35.0,0.12076355046170684,12.313314271153722
11.453306039000022,106.24208323299982,SAT_10097,19.936315118942346,190.8917725440507,98.96569505260892,170.51133135802945,-65.05338492441784,29.903273185080415,35.0,0.12092112396314701,12.324405627505671
11.453306039000022,106.34208323299981,SAT_10097,19.88878335975295,190.62440639861035,98.9601133523976,170.52410379439056,-65.10091668360724,29.882551798715987,35.0,0.12111787816323782,12.338246809769423
11.453306039000022,106.4420832329998,SAT_10097,19.831831468806158,190.30405201203462,98.95336777623007,170.53937962161555,-65.15786857455403,29.857688832735185,35.0,0.12135369332785421,12.354824092345813
11.453306039000022,106.5420832329998,SAT_10097,19.7655024595347,189.9309513348827,98.94543115149443,170.55713233572914,-65.22419758382549,29.82868434239255,35.0,0.12162842717465736,12.374121163314243
11.453306039000022,106.6420832329998,SAT_10043,19.790762655697037,190.07303993829584,98.94832843867424,170.54669102043547,-65.19893738766315,29.837597639278503,35.0,0.1215455035552558,12.368298502950921
11.453306039000022,106.74208323299979,SAT_10043,19.856161545998518,190.44090869624165,98.95612294339358,170.52916729010286,-65.13353849736167,29.86616473256206,35.0,0.12127454259270096,12.349261397228156
11.453306039000022,106.84208323299978,SAT_10043,19.91216839287567,190.75594720992567,98.96273162149859,170.5141282987975,-65.07753165048452,29.890589431664516,35.0,0.12104257135477586,12.33295021199678
11.453306039000022,106.94208323299978,SAT_10043,19.958740733623017,191.01791662662947,98.96818102380237,170.50160021363976,-65.03095930973717,29.910871682333823,35.0,0.12084973030307866,12.319381048128148
11.453306039000022,107.04208323299977,SAT_10043,19.995842948330704,191.22661658436022,98.97249277224176,170.4916049951329,-64.99385709502948,29.927011439521337,35.0,0.12069613719041836,12.308567402227515
11.453306039000022,107.14208323299977,SAT_10043,20.02344645676945,191.38188631932815,98.97568380175493,170.48416027032357,-64.96625358659074,29.93900866738068,35.0,0.12058188644878948,12.300520097199058
11.453306039000022,107.24208323299976,SAT_10043,20.04152987783857,191.48360556284194,98.97776654742114,170.47927923001316,-64.94817016552162,29.946863339266848,35.0,0.12050704869487841,12.295247226080427
11.453306039000022,107.34208323299976,SAT_10043,20.050079149709646,191.53169521711675,98.97874908057918,170.47697055126665,-64.93962089365054,29.95057543773555,35.0,0.12047167035813712,12.292754109761315
11.453306039000022,107.44208323299975,SAT_10043,20.049087609240715,191.526117801979,98.97863519658898,170.47723834617398,-64.94061243411947,29.95014495454276,35.0,0.12047577343524789,12.293043269053008
11.453306039000022,107.54208323299974,SAT_10043,20.038556029719643,191.466877667173,98.97742445593914,170.480082137492,-64.95114401364054,29.945571890644516,35.0,0.12051935537352014,12.296114411419554
11.453306039000022,107.64208323299974,SAT_10043,20.01849261647901,191.35402096769442,98.97511217949175,170.48549686147484,-64.97120742688118,29.936856256196936,35.0,0.12060238908443137,12.30196443251884
11.453306039000022,107.74208323299973,SAT_10043,19.98891296043999,191.18763540247497,98.97168939777349,170.49347289785334,-65.0007870829202,29.923998070556486,35.0,0.12072482308717074,12.310587432536174
11.453306039000022,107.84208323299973,SAT_10043,19.94983995013824,190.9678497195276,98.9671427533348,170.50399612659348,-65.03986009322195,29.906997362280457,35.0,0.12088658178069545,12.321974747128243
11.453306039000022,107.94208323299972,SAT_10043,19.901303643279377,190.6948329934465,98.96145435428035,170.51704801073342,-65.08839640008081,29.88585416912768,35.0,0.1210875658414865,12.336114992633593
11.453306039000022,108.04208323299972,SAT_10043,19.84334109934308,190.36879368380485,98.95460157609563,170.5326057042825,-65.14635894401711,29.86056853805947,35.0,0.12132765274292241,12.35299412505115
11.453306039000022,108.14208323299971,SAT_10043,19.77599617518935,189.98997848544008,98.94655680782074,170.55064218387744,-65.21370386817084,29.831140525240823,35.0,0.12160669739099465,12.372595512143226
11.453306039000022,108.2420832329997,SAT_10097,19.822379392737176,190.2508840841466,98.95224209929712,170.5419119486245,-65.16732065062301,29.853558751513162,35.0,0.12139283767342932,12.357574615838253
11.453306039000022,108.3420832329997,SAT_10097,19.88075555913089,190.57925002011126,98.95916633595839,170.5262588797171,-65.1089444842293,29.87904947646098,35.0,0.12115111367927338,12.340583967293917
11.453306039000022,108.44208323299969,SAT_10097,19.92971768212894,190.85466196197527,98.96492290460826,170.51310544932704,-65.05998236123125,29.900398629575676,35.0,0.12094843051611319,12.326327110963776
11.453306039000022,108.54208323299969,SAT_10097,19.969228498511683,191.0769103041282,98.96953474154428,170.50247462757096,-65.0204715448485,29.917606163413716,35.0,0.12078491137854844,12.31481816931271
11.453306039000022,108.64208323299968,SAT_10097,19.999257710416828,191.24582462109464,98.97302002525831,170.49438509838046,-64.99044233294336,29.93067203973696,35.0,0.12066065637894269,12.306068617920914
11.453306039000022,108.74208323299968,SAT_10097,20.019782153671898,191.36127461440444,98.97539237801625,170.4888511510107,-64.96991788968829,29.939596229511743,35.0,0.12057574202494656,12.300087226164395
11.453306039000022,108.84208323299967,SAT_10097,20.030785927487187,191.42317084211544,98.97666101538005,170.4858825964067,-64.958914115873,29.94437871290809,35.0,0.12053022081772873,12.296880011556665
11.453306039000022,108.94208323299966,SAT_10097,20.032260483981858,191.43146522239795,98.97683084661212,170.48548470944877,-64.95743955937833,29.94501947929927,35.0,0.12052412097502871,12.296450208253809
11.553306039000022,105.94208323299983,SAT_10097,20.067152764039037,191.62773429771957,98.98083976877076,170.47606355112833,-64.92254727932115,29.96017438463573,35.0,0.12037979546369806,12.286278317364857
11.553306039000022,106.04208323299983,SAT_10097,20.04805403011531,191.5203039193986,98.9786495913438,170.48122176873622,-64.94164601324488,29.951880933694728,35.0,0.12045879043561505,12.291846387767766
11.553306039000022,106.14208323299982,SAT_10097,20.019439470337858,191.35934702065046,98.9753554638975,170.48894358039865,-64.97026057302233,29.939447268841228,35.0,0.12057715970634518,12.30018710175857
11.553306039000022,106.24208323299982,SAT_10097,19.981331257652926,191.1449883242977,98.97094458417189,170.49921530443666,-65.00836878570726,29.92287341770696,35.0,0.12073483007096478,12.31129206890661
11.553306039000022,106.34208323299981,SAT_10097,19.933758753610675,190.87739298906004,98.96539967057342,170.51201882896783,-65.05594128974951,29.90215941712571,35.0,0.12093170455030279,12.325150173357095
11.553306039000022,106.4420832329998,SAT_10097,19.87675834463809,190.55676568858928,98.9586987714898,170.52733171747124,-65.1129416987221,29.87730531313422,35.0,0.12116766289841523,12.341747631486655
11.553306039000022,106.5420832329998,SAT_10097,19.81037324106316,190.18334948098027,98.95081502003057,170.54512733828074,-65.17932680229703,29.848311160973342,35.0,0.12144256222701154,12.361068062762616
11.553306039000022,106.6420832329998,SAT_10043,19.833049123350918,190.31090131884892,98.95338295076095,170.53536487390315,-65.15665092000927,29.85607464191351,35.0,0.12137029109457406,12.355990396925055
11.553306039000022,106.74208323299979,SAT_10043,19.89849895162733,190.67905660290376,98.96112843872086,170.51780154254786,-65.09120109173286,29.88463155505365,35.0,0.12109918142145869,12.336931922817204
11.553306039000022,106.84208323299978,SAT_10043,19.954549743229947,190.99434230566845,98.96769579562209,170.50272843742715,-65.03515030013024,29.909047550205294,35.0,0.12086708183141122,12.320602331076966
11.553306039000022,106.94208323299978,SAT_10043,20.001158853780737,191.25651855251664,98.97311128991592,170.49017184355057,-64.98854118957945,29.929322573129735,35.0,0.1206741333444272,12.3070177858142
11.553306039000022,107.04208323299977,SAT_10043,20.03829051017057,191.46538411970946,98.9773963148478,170.4801538208893,-64.95140953318962,29.945456578789397,35.0,0.12052045418314253,12.296191836906559
11.553306039000022,107.14208323299977,SAT_10043,20.065916008720734,191.6207775490541,98.9805676270313,170.47269207667895,-64.92378403463945,29.95744953134673,35.0,0.12040613915745432,12.288135350149776
11.553306039000022,107.24208323299976,SAT_10043,20.084013875670962,191.72257805064916,98.98263753105182,170.46779986193053,-64.90568616768923,29.965301404163277,35.0,0.12033125916730027,12.282856450754672
11.553306039000022,107.34208323299976,SAT_10043,20.0925699881098,191.77070618311765,98.98361401375104,170.46548589341046,-64.89713005525039,29.969012179799037,35.0,0.12029586082867086,12.2803604808103
11.553306039000022,107.44208323299975,SAT_10043,20.091577653912452,191.76512430325755,98.98350083081189,170.46575430204885,-64.89812238944774,29.968581850012008,35.0,0.1202999662267083,12.280649971184184
11.553306039000022,107.54208323299974,SAT_10043,20.081037649731343,191.70583677973877,98.9822975473158,170.46860460841543,-64.90866239362884,29.964010415757997,35.0,0.12034357279845358,12.283724628172955
11.553306039000022,107.64208323299974,SAT_10043,20.0609582165835,191.59288996828218,98.97999953305123,170.47403172556812,-64.92874182677669,29.955297887190625,35.0,0.12042665334646278,12.289581335052727
11.553306039000022,107.74208323299973,SAT_10043,20.03135501308728,191.42637194861595,98.97659791248348,170.48202598923945,-64.95834503027291,29.942444283661594,35.0,0.12054915618315065,12.2982141685119
11.553306039000022,107.84208323299973,SAT_10043,19.992251026910964,191.20641202637415,98.97207946842437,170.4925732149835,-64.99744901644922,29.92544963372118,35.0,0.12071100540435906,12.309614429782531
11.553306039000022,107.94208323299972,SAT_10043,19.943676445486062,190.9331800058591,98.96642649753782,170.50565478158003,-65.04602359787413,29.90431397511892,35.0,0.12091210128931558,12.323770690123693
11.553306039000022,108.04208323299972,SAT_10043,19.885668487521727,190.60688524230972,98.9596166148564,170.52124773966614,-65.10403155583846,29.879037354804588,35.0,0.12115232082286803,12.340668850154037
11.553306039000022,108.14208323299971,SAT_10043,19.818271197287785,190.22777548474377,98.95162250342828,170.53932494428224,-65.1714288460724,29.849619828929356,35.0,0.12143151833467779,12.360292212384831
11.553306039000022,108.2420832329997,SAT_10097,19.867298247934997,190.50355264463434,98.95758057351,170.52987017564033,-65.12240179542519,29.873176704011893,35.0,0.12120683090942255,12.344501492887344
11.553306039000022,108.3420832329997,SAT_10097,19.925724094121165,190.83219802943154,98.96445891187057,170.51417915075126,-65.06397594923902,29.898658343214297,35.0,0.12096496031065401,12.327490181391404
11.553306039000022,108.44208323299969,SAT_10097,19.97472815167798,191.10784585318862,98.97017751524372,170.50099371936392,-65.01497189168221,29.919999886787785,35.0,0.1207621533612368,12.31321590574484
11.553306039000022,108.54208323299969,SAT_10097,20.01427298602634,191.33028554639816,98.97475906310245,170.49033696277985,-64.97542705733385,29.93720128730057,35.0,0.12059853378210784,12.301692848072461
11.553306039000022,108.64208323299968,SAT_10097,20.044328159343493,191.49934589630718,98.97822153134295,170.48222765578652,-64.9453718840167,29.950262506523988,35.0,0.12047420211470163,12.292932532639465
11.553306039000022,108.74208323299968,SAT_10097,20.064870400069026,191.61489600038828,98.9805783909714,170.4766801573768,-64.92482964329116,29.959183515431544,35.0,0.12038923519538833,12.286943766150529
11.553306039000022,108.84208323299967,SAT_10097,20.075883733507467,191.6768460009795,98.98183875549412,170.47370432650325,-64.91381630985272,29.96396429419819,35.0,0.12034368575131979,12.283732591796342
11.553306039000022,108.94208323299966,SAT_10097,20.077359571984246,191.6851475924114,98.98200747989728,170.47330546389958,-64.91234047137594,29.96460483219981,35.0,0.12033758212183199,12.28330225755434
11.653306039000022,105.84208323299984,SAT_10097,20.111911465678773,191.87950199444307,98.9859476370119,170.46396151235254,-64.87778857768141,29.979593563568347,35.0,0.1201946999681692,12.273225928929048
11.653306039000022,106.04208323299983,SAT_10097,20.083227527797405,191.7181548438604,98.98267977541805,170.47171937613953,-64.90647251556278,29.967151366341046,35.0,0.12031331449160995,12.281591191272682
11.653306039000022,106.14208323299982,SAT_10097,20.054595907760586,191.55710198115332,98.97940274817033,170.47945531626027,-64.9351041355996,29.954722169129727,35.0,0.12043173140027741,12.289939257068777
11.653306039000022,106.24208323299982,SAT_10097,20.01646507379138,191.34261604007654,98.97501483823257,170.4897457953228,-64.97323496956881,29.93815427328691,35.0,0.12058946490084893,12.301053982632087
11.653306039000022,106.34208323299981,SAT_10097,19.96886448871213,191.07486274900575,98.9694989174316,170.50257263553047,-65.02083555464806,29.917447715637373,35.0,0.12078641770522888,12.314924217049729
11.653306039000022,106.4420832329998,SAT_10097,19.91183066390188,190.7540474844481,98.96283322992794,170.5179133190735,-65.0778693794583,29.892602542206614,35.0,0.12102246918558644,12.331536133405834
11.653306039000022,106.5420832329998,SAT_10097,19.845406957281142,190.38041413470643,98.95499114978735,170.53574111832194,-65.14429308607905,29.863618808221986,35.0,0.12129747600149517,12.3508732999776
11.653306039000022,106.6420832329998,SAT_10043,19.86548205640625,190.49333656728516,98.95723617081276,170.5266665833115,-65.12421798695394,29.870231977096317,35.0,0.12123593364839834,12.34654744709035
11.653306039000022,106.74208323299979,SAT_10043,19.9309654853555,190.86168085512472,98.96494357552673,170.50907428692096,-65.05873455800469,29.898778631314343,35.0,0.12096473274251143,12.327474169655558
11.653306039000022,106.84208323299978,SAT_10043,19.987045292554996,191.17712977062183,98.97147882846963,170.49397622985933,-65.00265475080519,29.92318585516054,35.0,0.12073255427271415,12.311131821833687
11.653306039000022,106.94208323299978,SAT_10043,20.033678700884195,191.4394426924736,98.9768679785832,170.48139878352924,-64.95602134247599,29.943453594409362,35.0,0.12053953966489193,12.297536613691213
11.653306039000022,107.04208323299977,SAT_10043,20.07082982529201,191.64841776726755,98.98113224132481,170.47136408079777,-64.91887021806818,29.959581804034183,35.0,0.1203858074831761,12.286702133821427
11.653306039000022,107.14208323299977,SAT_10043,20.098469871892775,191.80389302939687,98.98428823467452,170.46388988766893,-64.89123017146741,29.971570448206126,35.0,0.12027145281213497,12.27863927919248
11.653306039000022,107.24208323299976,SAT_10043,20.11657729921653,191.90574730809297,98.986348161768,170.4589894992809,-64.87312274414366,29.979419500293215,35.0,0.12019654675757706,12.273356198398394
11.653306039000022,107.34208323299976,SAT_10043,20.12513793971533,191.9539009108987,98.9873199437563,170.45667166149744,-64.86456210364486,29.98312894285967,35.0,0.1201611360710692,12.27085824893601
11.653306039000022,107.44208323299975,SAT_10043,20.12414508008513,191.94831607547886,98.98720730547608,170.45694051905662,-64.86555496327506,29.98269876766549,35.0,0.12016524290204582,12.271147968981873
11.653306039000022,107.54208323299974,SAT_10043,20.11359949943696,191.8889971843329,98.98600981557938,170.4597955909253,-64.87610054392323,29.978128975666248,35.0,0.12020886468008489,12.274225063984092
11.653306039000022,107.64208323299974,SAT_10043,20.09350946486454,191.77599073986303,98.98372288189172,170.46523177316058,-64.89619057849565,29.969419577013106,35.0,0.12029197412857896,12.280086408219585
11.653306039000022,107.74208323299973,SAT_10043,20.063890684455558,191.60938510006252,98.98033770190915,170.47323936924892,-64.92580935890463,29.956570591053072,35.0,0.12041451940965835,12.288726061299121
11.653306039000022,107.84208323299973,SAT_10043,20.024766218317836,191.38930997803783,98.97584116748644,170.48380414753763,-64.96493382504235,29.939582046329487,35.0,0.1205764243988558,12.30013529943536
11.653306039000022,107.94208323299972,SAT_10043,19.976166348675903,191.11593571130194,98.97021572187758,170.49690742505533,-65.01353369468428,29.918453980582743,35.0,0.12077758908666124,12.314302661125032
11.653306039000022,108.04208323299972,SAT_10043,19.91812841058575,190.78947230954486,98.96343916634208,170.51252617668322,-65.07157163277444,29.893186440751204,35.0,0.1210178901028293,12.331214006739588
11.653306039000022,108.14208323299971,SAT_10043,19.850696585250887,190.41016829203625,98.95548441249073,170.5306331683521,-65.1390034581093,29.86377948297242,35.0,0.12129718135809246,12.350852591371527
11.653306039000022,108.2420832329997,SAT_10097,19.90236504551359,190.70080338101397,98.96172092637664,170.52045637542062,-65.0873349978466,29.888475416574703,35.0,0.12106165257810904,12.334292386422579
11.653306039000022,108.3420832329997,SAT_10097,19.960825103826878,191.02964120902618,98.96856309066887,170.50473688455187,-65.02887493953331,29.91394789972883,35.0,0.12081968664044698,12.317266268069808
11.653306039000022,108.44208323299969,SAT_10097,20.009858059653723,191.3054515855522,98.97425177229493,170.49152745292702,-64.97984198370646,29.93528177488115,35.0,0.12061679909525043,12.302979506565347
11.653306039000022,108.54208323299969,SAT_10097,20.049426349960285,191.5280232185266,98.97880944830527,170.4808512454085,-64.9402736933999,29.952476994611473,35.0,0.12045311405617726,12.291446328546694
11.653306039000022,108.64208323299968,SAT_10097,20.07949943200235,191.69718430501322,98.98225393491167,170.47272710506894,-64.91020061135784,29.96553352070048,35.0,0.12032873238480121,12.282678294604572
11.653306039000022,108.74208323299968,SAT_10097,20.100053953714507,191.8128034896441,98.98459858389657,170.46716944331507,-64.88964608964568,29.974451324128758,35.0,0.12024373116275297,12.276684239296602
11.653306039000022,108.84208323299967,SAT_10097,20.111073884995818,191.8747906031015,98.98585242832456,170.46418815518166,-64.87862615836437,29.979230385076104,35.0,0.12019816328579032,12.273470224973027
11.653306039000022,108.94208323299966,SAT_10097,20.112550608337983,191.88309717190117,98.98602028040003,170.46378856083476,-64.8771494350222,29.979870692921004,35.0,0.12019205718397154,12.27303950992447
11.653306039000022,109.04208323299966,SAT_10097,20.104482967717658,191.83771669341183,98.98510278336067,170.4659713740057,-64.88521707564253,29.976372246240373,35.0,0.12022541667083012,12.275392531206371
11.653306039000022,109.14208323299965,SAT_10097,20.086877275163516,191.7386846727948,98.98309641840129,170.47073269775098,-64.90282276819667,29.968735052809524,35.0,0.12029822092312081,12.280526902332095
11.753306039000021,106.04208323299983,SAT_10097,20.10847237956439,191.8601571350497,98.98555816464042,170.46489205991494,-64.8812276637958,29.978102308520867,35.0,0.12020892036923125,12.274228992032498
11.753306039000021,106.4420832329998,SAT_10097,19.937020480629073,190.89574020353854,98.96578855974032,170.5111416577063,-65.05267956273111,29.90358048649911,35.0,0.1209182045547824,12.324200186969144
11.753306039000021,106.5420832329998,SAT_10097,19.87057586174066,190.52198922229124,98.95797722976305,170.52899077802977,-65.11912418161953,29.874607250660972,35.0,0.12119326024784517,12.343547394002888
11.753306039000021,106.6420832329998,SAT_10043,19.888035671107218,190.6202006499781,98.95990439982614,170.52061204255594,-65.10166437225297,29.88006961388119,35.0,0.12114251647710587,12.339979427101122
11.753306039000021,106.74208323299979,SAT_10043,19.953535181788922,190.9886353975627,98.967584399396,170.50300153471164,-65.03616486157127,29.90860593042215,35.0,0.12087128237612765,12.320897974905646
11.753306039000021,106.84208323299978,SAT_10043,20.009628918517507,191.304162666661,98.97409655118248,170.4878877892276,-64.98007112484268,29.93300431562858,35.0,0.12063907498197439,12.304548576261665
11.753306039000021,106.94208323299978,SAT_10043,20.056274021114135,191.56654136876702,98.97946674556883,170.4752972318971,-64.93342602224605,29.95326471528792,35.0,0.12044603597192467,12.290947469664957
11.753306039000021,107.04208323299977,SAT_10043,20.0934345344818,191.77556925646013,98.98371606959819,170.46525204148125,-64.89626550887839,29.969387084384312,35.0,0.12029228412159092,12.280108267659848
11.753306039000021,107.14208323299977,SAT_10043,20.12108160828751,191.93108404661723,98.98686104112232,170.45777002098478,-64.86861843507268,29.98137138709747,35.0,0.12017791468562165,12.272041886499743
11.753306039000021,107.24208323299976,SAT_10043,20.139193658690317,192.03296433013304,98.98891379000759,170.45286449332895,-64.85050638466987,29.989217596801787,35.0,0.12010299889729306,12.266756489245408
11.753306039000021,107.34208323299976,SAT_10043,20.147756490210483,192.08113025743398,98.9898821899632,170.45054422269683,-64.8419435531497,29.992925696065658,35.0,0.12006758359211125,12.26425744292641
11.753306039000021,107.44208323299975,SAT_10043,20.146763376289528,192.07554399162862,98.98976994354885,170.450813362521,-64.84293666707066,29.992495676651057,35.0,0.12007169095931454,12.26454729024141
11.753306039000021,107.54208323299974,SAT_10043,20.13621509757776,192.01620992387492,98.98857662199535,170.45367143075833,-64.85348494578243,29.987927539513322,35.0,0.12011531842386046,12.267625736113551
11.753306039000021,107.64208323299974,SAT_10043,20.116119937486516,191.90317464836164,98.98629766059814,170.45911331276284,-64.87358010587367,29.97922129480119,35.0,0.12019843866013047,12.273489649251895
11.753306039000021,107.74208323299973,SAT_10043,20.086493635060947,191.7365266972178,98.98292430959657,170.46712929171764,-64.90320640829924,29.966376961857033,35.0,0.12032099973720865,12.282133078701436
11.753306039000021,107.84208323299973,SAT_10043,20.04735929573853,191.51639603852925,98.97844353959925,170.47770510624895,-64.94234074762166,29.949394569217368,35.0,0.12048292539421833,12.29354728519585
11.753306039000021,107.94208323299972,SAT_10043,19.99874726106063,191.24295334346604,98.97283789973612,170.4908220345071,-64.99095278229956,29.928274154613543,35.0,0.12068411544285551,12.307720786963154
11.753306039000021,108.04208323299972,SAT_10043,19.940694938885457,190.9164090312307,98.96608532577783,170.50645700367795,-65.04900510447473,29.903015764972693,35.0,0.12092444629296722,12.324639419476501
11.753306039000021,108.14208323299971,SAT_10043,19.873246596096095,190.53701210304055,98.9581588944352,170.5245827235923,-65.11645344726409,29.873619456418915,35.0,0.12120377159580889,12.344286408494895
11.753306039000021,108.2420832329997,SAT_10097,19.927551868055417,190.84247925781173,98.96468060573675,170.51368776077098,-65.06214817530477,29.89945485574489,35.0,0.12095739495686413,12.326957875321828
11.753306039000021,108.3420832329997,SAT_10097,19.98603049386594,191.1714215279959,98.97149607729236,170.49794940847593,-65.00366954949425,29.92491811256917,35.0,0.12071538549138014,12.309922868096107
11.753306039000021,108.44208323299969,SAT_10097,20.035079162074837,191.44732028667096,98.97716268049493,170.4847240742448,-64.95462088128535,29.946244260438213,35.0,0.1205124610012865,12.29562860647747
11.753306039000021,108.54208323299969,SAT_10097,20.07466022482295,191.6699637646291,98.98170274262208,170.47403497839045,-64.91503981853724,29.963433251943254,35.0,0.12034874585743033,12.28408934623261
11.753306039000021,108.64208323299968,SAT_10097,20.10474307007935,191.83917976919636,98.98513396173875,170.4659010092994,-64.88495697328084,29.97648504887418,35.0,0.12022434113102398,12.275316671724612
11.753306039000021,108.74208323299968,SAT_10097,20.12530429261473,191.95483664595787,98.98746960141874,170.46033661316042,-64.86439575074546,29.98539962221859,35.0,0.12013932406429316,12.26931943573934
11.753306039000021,108.84208323299967,SAT_10097,20.136327825737965,192.01684401977604,98.98871863521227,170.45735170895372,-64.85337221762222,29.990176952161047,35.0,0.12009374766339273,12.266103713166164
11.753306039000021,108.94208323299966,SAT_10097,20.137805032238873,192.02515330634367,98.98888584367236,170.45695162974073,-64.85189501112131,29.990817028082592,35.0,0.12008764041778094,12.26567276904539
11.753306039000021,109.04208323299966,SAT_10097,20.12973475344947,191.97975798815327,98.98797186580879,170.45913709098386,-64.85996528991072,29.987319848560492,35.0,0.1201210061489625,12.26802704133838
11.753306039000021,109.14208323299965,SAT_10097,20.112123315833912,191.88069365156576,98.98597320595329,170.4639041862909,-64.87757672752628,29.97968542136819,35.0,0.1201938239901765,12.273164138613387
11.853306039000021,106.4420832329998,SAT_10097,19.95230762003699,190.98173036270805,98.96757721485021,170.50702917636477,-65.0373924233232,29.910239122004953,35.0,0.1208549356619585,12.319747433301428
11.853306039000021,106.5420832329998,SAT_10097,19.885859918570958,190.60796204196163,98.95978591741192,170.5248886703119,-65.10384012478923,29.881276464259532,35.0,0.12112998119513595,12.33909793754172
11.853306039000021,106.6420832329998,SAT_10043,19.900691953555437,190.69139223874933,98.96139896053704,170.51721235869027,-65.08900808980475,29.885587530765182,35.0,0.12109009912830992,12.33629316275134
11.853306039000021,106.74208323299979,SAT_10043,19.966189905743107,191.05981821980498,98.96906205273265,170.49959447170153,-65.02351013761708,29.91411343089765,35.0,0.12081889024201456,12.31721020657119
11.853306039000021,106.84208323299978,SAT_10043,20.022282381157027,191.37533839400828,98.97555995477192,170.4844743693514,-64.96741766220316,29.9385029101501,35.0,0.12058670419983812,12.30085949880203
11.853306039000021,106.94208323299978,SAT_10043,20.068926486739343,191.6377114879088,98.98091845808136,170.47187849948767,-64.92077355662084,29.958755914322776,35.0,0.12039368277466485,12.287257288681282
11.853306039000021,107.04208323299977,SAT_10043,20.10608623966276,191.846735098103,98.98515856957853,170.46182905948146,-64.88361380369743,29.974872398410454,35.0,0.12023994482248251,12.27641719780394
11.853306039000021,107.14208323299977,SAT_10043,20.133732767246414,192.00224681576108,98.9882967446508,170.4543438673408,-64.85596727611377,29.986852326601305,35.0,0.12012558566254675,12.268350149711722
11.853306039000021,107.24208323299976,SAT_10043,20.15184446887403,192.10412513741642,98.99034506746274,170.4494362572525,-64.83785557448616,29.99469567227601,35.0,0.12005067657653512,12.263064312933125
11.853306039000021,107.34208323299976,SAT_10043,20.16040713800605,192.15229015128403,98.99131138213467,170.44711500082855,-64.82929290535414,29.998402418007075,35.0,0.12001526443181808,12.260565058100843
11.853306039000021,107.44208323299975,SAT_10043,20.15941404283646,192.14670399095507,98.99119937733344,170.44738425502658,-64.83028600052373,29.997972555558423,35.0,0.12001937143274151,12.260854929622836
11.853306039000021,107.54208323299974,SAT_10043,20.148865964624548,192.0873710510131,98.99000862589796,170.4502435373945,-64.84083407873564,29.993406085885166,35.0,0.12006299500250937,12.263933632223795
11.853306039000021,107.64208323299974,SAT_10043,20.128771193242997,191.97433796199186,98.98773458025546,170.4556877289457,-64.86092885011719,29.984703019133644,35.0,0.12014610779690046,12.269798032508252
11.853306039000021,107.74208323299973,SAT_10043,20.099145479993666,191.80769332496436,98.98436852354105,170.46370710463088,-64.89055456336652,29.971863374641668,35.0,0.12026865784967576,12.278442175527626
11.853306039000021,107.84208323299973,SAT_10043,20.060011948261504,191.58756720897097,98.97989747548758,170.47428739102415,-64.92968809509868,29.95488718093901,35.0,0.12043056884815824,12.289857316165385
11.853306039000021,107.94208323299972,SAT_10043,20.01140096307134,191.31413041727626,98.97430405127737,170.4874098505111,-64.97829908028885,29.933774475748105,35.0,0.12063174053612011,12.304031964989717
11.853306039000021,108.04208323299972,SAT_10043,19.953349961101964,190.98759353119857,98.9675662706145,170.50305139093805,-65.03635008225822,29.908525305985012,35.0,0.12087204923982037,12.320951948065353
11.853306039000021,108.14208323299971,SAT_10043,19.885903243153123,190.60820574273635,98.9596573132545,170.52118469938748,-65.10379680020706,29.87913972776057,35.0,0.12115134851181934,12.340600480068337
11.853306039000021,108.2420832329997,SAT_10097,19.94283856065445,190.92846690368128,98.96647209424751,170.50957676179368,-65.04686148270574,29.90611499751227,35.0,0.12089412464060585,12.322505593783722
11.853306039000021,108.3420832329997,SAT_10097,20.001319986139265,191.25742492203338,98.9732701783482,170.4938292325465,-64.98838005722092,29.93156895774625,35.0,0.12065212383643753,12.305467658584249
11.853306039000021,108.44208323299969,SAT_10097,20.05037107671015,191.5333373064946,98.97892240135253,170.48059616091936,-64.93932896665004,29.95288731948757,35.0,0.12044920637145817,12.291170918846795
11.853306039000021,108.54208323299969,SAT_10097,20.089954143811767,191.7559920589412,98.98345099214126,170.46990079422824,-64.89974589954842,29.970070035338743,35.0,0.12028549673686884,12.279629643922059
11.853306039000021,108.64208323299968,SAT_10097,20.120038542170775,191.92521679971063,98.98687357117102,170.4617620429264,-64.86966150118941,29.98311706709875,35.0,0.12016109610195219,12.2708554292598
11.853306039000021,108.74208323299968,SAT_10097,20.140600841049235,192.04087973090193,98.9892033440797,170.45619437014153,-64.84909920231095,29.992028385762076,35.0,0.12007608178404272,12.264857136147452
11.853306039000021,108.84208323299967,SAT_10097,20.151624956199726,192.10289037862344,98.9904492453315,170.45320770651475,-64.83807508716046,29.996803971518002,35.0,0.1200305068409176,12.261640845322809
11.853306039000021,108.94208323299966,SAT_10097,20.153102240958873,192.11120010539364,98.99061603469357,170.45280739138718,-64.83659780240131,29.9974438137501,35.0,0.12002439978980783,12.261209824974413
11.853306039000021,109.04208323299966,SAT_10097,20.14503153538945,192.06580238656565,98.98970434839916,170.4549941410646,-64.84466850797074,29.993947911035963,35.0,0.12005776445594495,12.263564513486163
11.95330603900002,106.4420832329998,SAT_10097,19.95767979619363,191.0119488535892,98.96820683774389,170.50558345389703,-65.03202024716656,29.91257843416322,35.0,0.12083270308876959,12.31818252434398
11.95330603900002,106.5420832329998,SAT_10097,19.891246918862805,190.63826391860326,98.96042498441273,170.523442323808,-65.09845312449738,29.883626434432973,35.0,0.121107679190337,12.337529555932008
11.95330603900002,106.6420832329998,SAT_10043,19.903440764655343,190.7068543011863,98.96172632754427,170.51647378429027,-65.08625927870484,29.88678571568753,35.0,0.12107871511110226,12.335492494991001
11.95330603900002,106.74208323299979,SAT_10043,19.968919458315995,191.07517195302745,98.9693829022971,170.49885938957112,-65.02078058504419,29.91530112070337,35.0,0.12080759003057222,12.316414726145862
11.95330603900002,106.84208323299978,SAT_10043,20.024995429935316,191.39059929338617,98.97587531549594,170.48374229568708,-64.96470461342487,29.939681626707532,35.0,0.12057547577297426,12.30006846867236
11.95330603900002,106.94208323299978,SAT_10043,20.071625803986265,191.65289514742273,98.9812293183906,170.47114894004784,-64.91807423937392,29.9599271795129,35.0,0.12038251405043406,12.286469964788557
11.95330603900002,107.04208323299977,SAT_10043,20.108774612423474,191.86185719488205,98.9854658854012,170.461101511216,-64.88092543093671,29.976037734124727,35.0,0.12022882366772093,12.275632830177743
11.95330603900002,107.14208323299977,SAT_10043,20.13641299447582,192.01732309392648,98.98860144660226,170.4536178200982,-64.85328704888437,29.988013254739524,35.0,0.1201144999028309,12.26756798362286
11.95330603900002,107.24208323299976,SAT_10043,20.15451935846545,192.11917139136818,98.9906480676509,170.44871119554904,-64.83518068489474,29.99585371474417,35.0,0.12003961400648039,12.262283590083399
11.95330603900002,107.34208323299976,SAT_10043,20.16307950374471,192.167322208564,98.99161358069082,170.4463904056644,-64.82662053961548,29.999559096715238,35.0,0.12000421282563364,12.259785017840686
11.95330603900002,107.44208323299975,SAT_10043,20.16208670130304,192.16173769482958,98.99150166876706,170.44665960573343,-64.82761334205715,29.99912939241856,35.0,0.12000831855495515,12.260074810187318
11.95330603900002,107.54208323299974,SAT_10043,20.15154173207533,192.10242224292372,98.99031190536923,170.44951831349763,-64.83815831128486,29.994564602809028,35.0,0.12005192861877283,12.263152671977474
11.95330603900002,107.64208323299974,SAT_10043,20.131452882492226,191.9894224640188,98.98803974985725,170.45496141202483,-64.85824716086796,29.985864738030617,35.0,0.12013501568478548,12.269015471188965
11.95330603900002,107.74208323299973,SAT_10043,20.101835897325742,191.82282692245727,98.98467649868252,170.46297918016222,-64.88786414603445,29.973029817416638,35.0,0.1202575278093708,12.27765725547949
11.95330603900002,107.84208323299973,SAT_10043,20.062713890397646,191.60276563348674,98.98020919147379,170.4735573501884,-64.92698615296254,29.95605986949022,35.0,0.12041938871297722,12.289069283551388
11.95330603900002,107.94208323299972,SAT_10043,20.01411721421701,191.3294093299707,98.9746204701845,170.4866771919509,-64.97558282914318,29.93495493196501,35.0,0.12062049818273701,12.303240070974558
11.95330603900002,108.04208323299972,SAT_10043,19.95608329009916,191.00296850680778,98.96788838856753,170.50231562244937,-65.03361675326103,29.909715051746133,35.0,0.12086073259814735,12.32015544995964
11.95330603900002,108.14208323299971,SAT_10043,19.88865640075788,190.62369225426306,98.95998616822455,170.52044533953338,-65.1010436426023,29.88034028493136,35.0,0.12113994557445047,12.33979864242584
11.95330603900002,108.2420832329997,SAT_10097,19.94821284839753,190.95869727223612,98.96710305263208,170.5081309501528,-65.04148719496266,29.90845582731254,35.0,0.1208718821774405,12.320940189944942
11.95330603900002,108.3420832329997,SAT_10097,20.006681237448618,191.28758196064848,98.97389294283407,170.49238397295582,-64.98301880591157,29.93390042071665,35.0,0.12062994243148452,12.30390531124091
11.95330603900002,108.44208323299969,SAT_10097,20.05572140266166,191.56343288997186,98.97953839180235,170.47915136678165,-64.93397864069853,29.9552109375033,35.0,0.12042707613692594,12.289611135283248
11.95330603900002,108.54208323299969,SAT_10097,20.09529565918092,191.78603808289265,98.98406158057752,170.46845637732136,-64.89440438417927,29.97238733028612,35.0,0.12026340776780778,12.278071929376228
11.95330603900002,108.64208323299968,SAT_10097,20.12537336475276,191.95522517673427,98.98748009190408,170.4603179137003,-64.86432667860743,29.98542956087306,35.0,0.12013903847936103,12.26929928730083
11.95330603900002,108.74208323299968,SAT_10097,20.145931090954903,192.07086238662134,98.98980710327957,170.45475043802693,-64.84376895240528,29.994337600265407,35.0,0.12005404557811662,12.263302069065647
11.95330603900002,108.84208323299967,SAT_10097,20.156952755133034,192.13285924762332,98.99105153018965,170.45176388024063,-64.83274728822715,29.999111428657088,35.0,0.12000848211440589,12.260086354529209
11.95330603900002,108.94208323299966,SAT_10097,20.15842971148112,192.1411671270813,98.99121812231068,170.45136357930494,-64.83127033187907,29.99975103543416,35.0,0.12000237660144718,12.259655411406841
11.95330603900002,109.04208323299966,SAT_10097,20.150360800177125,192.09577950099634,98.99030751452821,170.45355025147472,-64.83933924318306,29.996256419174554,35.0,0.12003573286393315,12.262009678018961
11.95330603900002,109.14208323299965,SAT_10097,20.132752353983335,191.99673199115628,98.98831623374404,170.45831998603325,-64.85694768937685,29.988627587648047,35.0,0.12010853001769796,12.267146760973944
11.95330603900002,109.24208323299965,SAT_10097,20.10561816223293,191.84410216256023,98.98523666160217,170.46566426855134,-64.88408188112726,29.976864557816427,35.0,0.12022072258067625,12.27506144781168
12.05330603900002,106.84208323299978,SAT_10043,20.017765864131064,191.34993298573724,98.97504426615528,170.48569292636182,-64.97193417922912,29.936540462724732,35.0,0.1206053969673268,12.30217631862471
12.05330603900002,106.94208323299978,SAT_10043,20.064369773862765,191.61207997797808,98.98040093409215,170.4731099109817,-64.92533026949742,29.95677850829851,35.0,0.12041253705687407,12.28858632975737
12.05330603900002,107.04208323299977,SAT_10043,20.101497455185438,191.8209231854181,98.9846396048828,170.46307075349108,-64.88820258817475,29.972883088980367,35.0,0.12025892790819512,12.277755995755838
12.05330603900002,107.14208323299977,SAT_10043,20.129120093469567,191.9763005257663,98.9877767202485,170.45559323560607,-64.86057994989062,29.984854168975048,35.0,0.12014466465225859,12.269696218607338
12.05330603900002,107.24208323299976,SAT_10043,20.14721613167066,192.07809074064747,98.98982435439324,170.45069066426223,-64.84248391168953,29.99269172167553,35.0,0.12006981842953188,12.264415150673297
12.05330603900002,107.34208323299976,SAT_10043,20.15577139197181,192.12621407984145,98.99079034500615,170.44837179310224,-64.83392865138838,29.996395729662392,35.0,0.12003443601435204,12.261918151934186
12.05330603900002,107.44208323299975,SAT_10043,20.154779156195332,192.12063275359876,98.99067837773923,170.44864077055624,-64.83492088716486,29.995966184703363,35.0,0.12003853956693647,12.262207761745042
12.05330603900002,107.54208323299974,SAT_10043,20.1442402040185,192.06135114760409,98.98948802578026,170.45149711516203,-64.84545983934169,29.99140308775311,35.0,0.12008212651561195,12.265283685417163
12.05330603900002,107.64208323299974,SAT_10043,20.124162808534123,191.94841579800445,98.98721474527495,170.45693571843236,-64.86553723482606,29.982706448953284,35.0,0.12016516957049105,12.271142795776488
12.05330603900002,107.74208323299973,SAT_10043,20.094562689211756,191.78191512681613,98.98384982651187,170.46494687523148,-64.89513735414843,29.969876287632747,35.0,0.12028761686845334,12.279779149681241
12.05330603900002,107.84208323299973,SAT_10043,20.0554629228199,191.56197894086193,98.97938029993784,170.47551634128692,-64.93423712054029,29.95291263230808,35.0,0.12044939224791869,12.291184019313539
12.05330603900002,107.94208323299972,SAT_10043,20.006893813380174,191.2887777002635,98.97378879519965,170.48862541711785,-64.98280622998001,29.931815520684278,35.0,0.1206503956505593,12.305345937895897
12.05330603900002,108.04208323299972,SAT_10043,19.948892722691767,190.96252156514117,98.96705335047457,170.50425105735204,-65.04080732066842,29.906584999655685,35.0,0.12089050364580974,12.32225075932625
12.05330603900002,108.14208323299971,SAT_10043,19.881503863418487,190.583459231729,98.9591471683343,170.5223660040981,-65.1081961799417,29.877221125307177,35.0,0.1211695700728225,12.341881731077947
12.05330603900002,108.2420832329997,SAT_10097,19.943670408232435,190.93314604630746,98.9665764071226,170.50935299272993,-65.04602963512775,29.90647734002686,35.0,0.12089068184601777,12.322263300578669
12.05330603900002,108.3420832329997,SAT_10097,20.002109912022235,191.26186825512508,98.97336724800539,170.4936163052787,-64.98759013133795,29.931912496382207,35.0,0.12064885559089762,12.30523746685058
12.05330603900002,108.44208323299969,SAT_10097,20.05112579344761,191.5375825881428,98.9790134887792,170.48039237472975,-64.93857424991258,29.953215109404557,35.0,0.12044608464206659,12.29095089994532
12.05330603900002,108.54208323299969,SAT_10097,20.09068041577771,191.76007733874965,98.9835373128219,170.46970441649935,-64.89901962758248,29.970385131718505,35.0,0.12028249331885663,12.279417849482762
12.05330603900002,108.64208323299968,SAT_10097,20.120743176065687,191.9291803653695,98.98695630476486,170.46157131497165,-64.8689568672945,29.98342252514083,35.0,0.1201581826502912,12.270649894813397
12.05330603900002,108.74208323299968,SAT_10097,20.141290676047902,192.04476005276945,98.98928364354015,170.45600751326378,-64.84840936731229,29.992327260679534,35.0,0.12007322984615991,12.264655884881865
12.05330603900002,108.84208323299967,SAT_10097,20.152306853825237,192.10672605276696,98.9905282456139,170.4530229282414,-64.83739318953495,29.997099318533127,35.0,0.12002768789026258,12.261441891936412
12.05330603900002,108.94208323299966,SAT_10097,20.153783074767816,192.11502979556894,98.99069486118836,170.45262289182645,-64.83591696859237,29.99773868809012,35.0,0.12002158526000992,12.26101117959603
12.05330603900002,109.04208323299966,SAT_10097,20.14571818055319,192.0696647656117,98.98978412521939,170.45480811932913,-64.843981862807,29.994245367928773,35.0,0.12005492577528891,12.26336418563135
12.05330603900002,109.14208323299965,SAT_10097,20.128118495755686,191.97066653862575,98.98779256422397,170.45957470519153,-64.8615815476045,29.98661936581706,35.0,0.12012768857816712,12.268498519651867
12.15330603900002,107.14208323299977,SAT_10043,20.11186003856082,191.87921271690462,98.98581962865799,170.46026642477327,-64.87784000479937,29.97737507621173,35.0,0.12021606020224308,12.27473259603558
12.15330603900002,107.24208323299976,SAT_10043,20.129940781266725,191.98091689462532,98.98787099955896,170.45537096254566,-64.85975926209346,29.985209699980217,35.0,0.12014127007906936,12.269456729448956
12.15330603900002,107.34208323299976,SAT_10043,20.13848880420393,192.0289995236471,98.98883875109617,170.45305545672488,-64.85121123915626,29.98891232376164,35.0,0.12010591420386156,12.266962191989146
12.15330603900002,107.44208323299975,SAT_10043,20.13749740801572,192.02342292008842,98.9887265797851,170.45332404372428,-64.85220263534447,29.98848293932559,35.0,0.12011001467776407,12.267251516268015
12.15330603900002,107.54208323299974,SAT_10043,20.126967370193768,191.96419145733995,98.98753405755578,170.4561762434773,-64.86273267316642,29.983921547626522,35.0,0.12015356893596105,12.270324408379674
12.15330603900002,107.64208323299974,SAT_10043,20.10690694065957,191.85135154121008,98.98525662715893,170.4616069622905,-64.88279310270062,29.975228158803784,35.0,0.12023654976130088,12.276177749452614
12.15330603900002,107.74208323299973,SAT_10043,20.07733179492152,191.68499134643358,98.98188555317559,170.46960652309082,-64.91236824843867,29.962402792181873,35.0,0.12035890542872428,12.284805612100998
12.15330603900002,107.84208323299973,SAT_10043,20.038264945374607,191.4652403177322,98.977407827695,170.48016072268652,-64.95143509798558,29.945445476270905,35.0,0.12052055997899234,12.296199291590971
12.15330603900002,107.94208323299972,SAT_10043,19.989736611799614,191.19226844137282,98.97180602884748,170.49325091533436,-64.99996343156057,29.924356248767335,35.0,0.12072141361887566,12.31034735137468
12.15330603900002,108.04208323299972,SAT_10043,19.931784052595276,190.86628529584843,98.96505812944228,170.50885412158766,-65.05791599076491,29.899135156554884,35.0,0.12096134324368527,12.327235682488437
12.15330603900002,108.14208323299971,SAT_10043,19.864451358724665,190.48753889282625,98.95713725193767,170.52694316109944,-65.12524868463552,29.869782255705726,35.0,0.12124020307682122,12.346847576164999
12.15330603900002,108.2420832329997,SAT_10097,19.9292148943359,190.85183378063945,98.96489038286653,170.51324063526295,-65.06048514902429,29.900179539981714,35.0,0.12095051157698462,12.326473542166068
12.15330603900002,108.3420832329997,SAT_10097,19.98760970704936,191.18030460215266,98.97169133211598,170.49752394799702,-65.00209033631083,29.925605189089875,35.0,0.12070885110861582,12.309462726295072
12.15330603900002,108.44208323299969,SAT_10097,20.036587982676124,191.4558074025532,98.97734594141305,170.4843168801585,-64.95311206068406,29.94689983955543,35.0,0.12050621956518481,12.295188800515804
12.15330603900002,108.54208323299969,SAT_10097,20.07611217682995,191.6781309946685,98.9818764467046,170.4736425883738,-64.91358786653024,29.964063444013796,35.0,0.12034274097435478,12.283665981195883
12.15330603900002,108.64208323299968,SAT_10097,20.106151761987945,191.8471036611822,98.98530047415089,170.46551990898425,-64.88354828137224,29.977095964290456,35.0,0.12021851612727413,12.274905820551174
12.15330603900002,108.74208323299968,SAT_10097,20.126683397757205,191.9625941123843,98.98763123372531,170.45996324823,-64.86301664560298,29.985997371400025,35.0,0.1201336220514288,12.268917146721591
12.15330603900002,108.84208323299967,SAT_10097,20.137691062066338,192.02451222412319,98.98887766285543,170.45698249758945,-64.85200898129385,29.990767645545528,35.0,0.12008811160526017,12.265706017644673
12.15330603900002,108.94208323299966,SAT_10097,20.139166141729874,192.03280954723053,98.98904452289715,170.45658297531307,-64.85053390163031,29.9914067761179,35.0,0.12008201319871614,12.265275689236425
12.15330603900002,109.04208323299966,SAT_10097,20.131107481304724,191.9874795823391,98.98813245029665,170.45876539487494,-64.85859256205546,29.987914761695727,35.0,0.12011533064262982,12.267626598233601
12.15330603900002,109.14208323299965,SAT_10097,20.11352138965266,191.88855781679624,98.98613796341672,170.463525860735,-64.87617865370753,29.980291610045203,35.0,0.12018804312849293,12.272756359889241
12.25330603900002,107.24208323299976,SAT_10043,20.102707452969554,191.82772942295375,98.98478055041986,170.46274335567438,-64.88699259039063,29.973407666009443,35.0,0.12025392228925519,12.277402978436456
12.25330603900002,107.34208323299976,SAT_10043,20.111245903225694,191.87575820564453,98.98575135903619,170.46043265085922,-64.8784541401345,29.977108895367124,35.0,0.1202186006751459,12.274911783967246
12.25330603900002,107.44208323299975,SAT_10043,20.110255617567674,191.87018784881815,98.9856388334966,170.46070068083532,-64.87944442579251,29.976679672639044,35.0,0.12022269717459247,12.275200720421658
12.25330603900002,107.54208323299974,SAT_10043,20.09973737038598,191.81102270842115,98.98444254350642,170.46354696752243,-64.8899626729742,29.97211999877945,35.0,0.12026620923246563,12.27826949499875
12.25330603900002,107.64208323299974,SAT_10043,20.0796993787082,191.69830900523365,98.98215790811926,170.4689664382969,-64.91000066465199,29.96342988392543,35.0,0.12034910973435796,12.284115000546166
12.25330603900002,107.74208323299973,SAT_10043,20.0501572556406,191.53213456297837,98.97877614643139,170.47694945604863,-64.93954278771959,29.950609347397158,35.0,0.12047134715023702,12.292731331917883
12.25330603900002,107.84208323299973,SAT_10043,20.011133922197658,191.31262831236182,98.97428418265034,170.48748187609044,-64.97856612116253,29.933658417698393,35.0,0.12063284580670719,12.304109816963773
12.25330603900002,107.94208323299972,SAT_10043,19.962659478576043,191.03995956699026,98.96866450370993,170.50054512921002,-65.02704056478414,29.912577132517164,35.0,0.1208335062850629,12.318239061806214
12.25330603900002,108.04208323299972,SAT_10043,19.904771036390926,190.71433707969894,98.96189496665878,170.51611632985072,-65.08492900696926,29.887365538726737,35.0,0.1210732059410446,12.335105009904238
12.25330603900002,108.14208323299971,SAT_10043,19.837512513839386,190.33600789034656,98.95394855201741,170.53416840810652,-65.1521875295208,29.858023692386755,35.0,0.12135179954101201,12.354691014260025
12.25330603900002,108.2420832329997,SAT_10097,19.904857916669428,190.71482578126552,98.96203848396348,170.51978671617644,-65.08484212669076,29.889562440949025,35.0,0.12105133301938306,12.333566518443961
12.25330603900002,108.3420832329997,SAT_10097,19.96319233090439,191.04295686133722,98.96885877468233,170.50409967655025,-65.0265077124558,29.914978512631837,35.0,0.12080989032546577,12.316576658211906
12.25330603900002,108.44208323299969,SAT_10097,20.012119761989894,191.31817366119316,98.9745293914812,170.4909176051946,-64.9775802813703,29.936265141765084,35.0,0.1206074419866258,12.30232037595416
12.25330603900002,108.54208323299969,SAT_10097,20.0516028016618,191.54026575934765,98.97907267359683,170.48026357172466,-64.93809724169839,29.95342228099483,35.0,0.12044411160312636,12.290811839365434
12.25330603900002,108.64208323299968,SAT_10097,20.081611033576138,191.7090620638658,98.98250632874452,170.472156341378,-64.90808900978405,29.96644989215515,35.0,0.12031999961757826,12.282062560943633
12.25330603900002,108.74208323299968,SAT_10097,20.102121202644298,191.8244317648742,98.98484362783174,170.4666102658166,-64.88757884071589,29.97534794626718,35.0,0.12023518279037461,12.27608133837609
12.25330603900002,108.84208323299967,SAT_10097,20.11311734550189,191.88628506844813,98.98609354942043,170.46363519894703,-64.8765826978583,29.980116423538394,35.0,0.12018971379630458,12.272874208653356
12.25330603900002,108.94208323299966,SAT_10097,20.114590880573743,191.8945737032273,98.98626087675042,170.46323643878569,-64.87510916278644,29.980755313362113,35.0,0.12018362094648533,12.272444416416382
12.25330603900002,109.04208323299966,SAT_10097,20.106540656659547,191.84929119370994,98.98534624919145,170.4654146960908,-64.88315938670064,29.977264614317246,35.0,0.12021690803848653,12.27479239688862
12.25330603900002,109.14208323299965,SAT_10097,20.08897295946113,191.75047289696886,98.9833461691084,170.47016609014742,-64.90072708389906,29.96964433416824,35.0,0.12028955433620414,12.279915773583667
12.35330603900002,107.64208323299974,SAT_10043,20.04256226958013,191.48941276638823,98.97790646852215,170.47900047562348,-64.94713777378006,29.947311650103124,35.0,0.12050277639426733,12.294946171865435
12.35330603900002,107.74208323299973,SAT_10043,20.01306113147821,191.32346886456492,98.97450941078442,170.48696205903764,-64.97663891188198,29.934495979053455,35.0,0.12062486920754673,12.303547962690248
12.35330603900002,107.84208323299973,SAT_10043,19.97409179937455,191.10426637148183,98.96999706805153,170.49746625967134,-65.01560824398564,29.917551482352096,35.0,0.12078617726054494,12.314907289405841
12.35330603900002,107.94208323299972,SAT_10043,19.925684219134524,190.83197373263172,98.9643517955633,170.51049460723956,-65.06401582422566,29.896478197678793,35.0,0.12098660161687308,12.329012813048017
12.35330603900002,108.04208323299972,SAT_10043,19.867875312933407,190.50679863525042,98.95755128317099,170.52602433755652,-65.12182473042678,29.871276171896486,35.0,0.1212260202252558,12.34585054454149
12.35330603900002,108.14208323299971,SAT_10097,19.803009510875498,190.14192849867467,98.9499783799548,170.54709876534926,-65.18669053248469,29.845091823520615,35.0,0.12147306137457524,12.363210529281469
12.35330603900002,108.2420832329997,SAT_10097,19.870618972983948,190.5222317230347,98.95800941971811,170.52897921043,-65.11908107037624,29.87462606614654,35.0,0.12119308175127741,12.343534844341484
12.35330603900002,108.3420832329997,SAT_10097,19.9288774343338,190.84993556812762,98.96485842386468,170.51333136772772,-65.06082260902639,29.9000324902459,35.0,0.12095190834203427,12.326571823202551
12.35330603900002,108.44208323299969,SAT_10097,19.977740911556054,191.12479262750279,98.97055280171621,170.5001823435535,-65.01195913180413,29.921311039288106,35.0,0.12074968660355145,12.312338140935198
12.35330603900002,108.54208323299969,SAT_10097,20.017172175616167,191.34659348784095,98.97511504745444,170.48955509273557,-64.97252786774402,29.938461665929733,35.0,0.12058653957480657,12.300847901363378
12.35330603900002,108.64208323299968,SAT_10097,20.04714095655379,191.51516788061505,98.97856299110862,170.4814682867127,-64.9425590868064,29.95148433201332,35.0,0.12046256724072227,12.292112564866306
12.35330603900002,108.74208323299968,SAT_10097,20.067624111592608,191.63038562770845,98.98090999495797,170.47593620515153,-64.92207593176758,29.960379008566424,35.0,0.12037784601097254,12.286140889171506
12.35330603900002,108.84208323299967,SAT_10097,20.078605754662604,191.69215736997714,98.98216509923869,170.47296865239605,-64.91109428869758,29.965145675800912,35.0,0.12033242831920236,12.282938883783249
12.35330603900002,108.94208323299966,SAT_10097,20.08007734580633,191.70043507016064,98.98233311999917,170.4725708997719,-64.90962269755386,29.96578432311245,35.0,0.12032634234676245,12.282509778547624
12.35330603900002,109.04208323299966,SAT_10097,20.072037739410177,191.65521228418226,98.98141470099218,170.4747436544541,-64.91766230395001,29.962294949080267,35.0,0.12035959187380754,12.28485400670238
12.35330603900002,109.14208323299965,SAT_10097,20.05449319068292,191.55652419759141,98.97940632059849,170.47948305528465,-64.93520685267727,29.95467756146709,35.0,0.12043215625930102,12.289969202600417
12.453306039000019,107.64208323299974,SAT_10043,19.995525676743213,191.22483193168057,98.9724854192037,170.49169052213162,-64.99417436661697,29.926873492564123,35.0,0.12069745047622467,12.308659886573258
12.453306039000019,107.74208323299973,SAT_10043,19.96607337171946,191.05916271592196,98.96906834908866,170.4996258533326,-65.02362667164073,29.914062722368058,35.0,0.12081937269082094,12.317244167985383
12.453306039000019,107.84208323299973,SAT_10043,19.92716837616821,190.8403221159462,98.96452934260105,170.51009549113783,-65.06253166719198,29.897124705436156,35.0,0.1209804558974237,12.328580425592879
12.453306039000019,107.94208323299972,SAT_10043,19.87884044765063,190.56847751803483,98.95885058160869,170.52308108607005,-65.11085959570956,29.876059479439984,35.0,0.12118060174763745,12.342657387331858
12.453306039000019,108.04208323299972,SAT_10043,19.821126277192974,190.24383530921048,98.95200953582109,170.53856002216412,-65.16857376616721,29.850867091232317,35.0,0.12141968891313634,12.359461146322278
12.453306039000019,108.14208323299971,SAT_10097,19.75902132611624,189.8944949594039,98.94471078477522,170.55886478279376,-65.23067871724395,29.825847502210493,35.0,0.12165527722061409,12.37600615944006
12.453306039000019,108.2420832329997,SAT_10097,19.82652533511923,190.27420501004568,98.95278697560155,170.5408013028176,-65.16317470824096,29.855370448238485,35.0,0.12137566763234958,12.35636818602949
12.453306039000019,108.3420832329997,SAT_10097,19.884692495457287,190.60139528694725,98.95967426948654,170.525202073834,-65.1050075479029,29.88076715461612,35.0,0.12113481437479373,12.339437814310223
12.453306039000019,108.44208323299969,SAT_10097,19.93347908396757,190.87581984731762,98.96540033051656,170.5120940354384,-65.05622095939262,29.902037564825182,35.0,0.12093286208905875,12.325231626690341
12.453306039000019,108.54208323299969,SAT_10097,19.972848093059028,191.09727052345704,98.96998786086965,170.50150000049132,-65.01685195030116,29.919181631532588,35.0,0.12076993312139665,12.313763648221023
12.453306039000019,108.64208323299968,SAT_10097,20.00276943362644,191.26557806414874,98.97345485474403,170.49343852442638,-64.98693060973375,29.932199316589216,35.0,0.12064612689189463,12.305045275004698
12.453306039000019,108.74208323299968,SAT_10097,20.023220101651106,191.38061307178748,98.97581479704307,170.4879237978721,-64.96647994170908,29.941090591028956,35.0,0.12056151937742221,12.299085215488512
12.453306039000019,108.84208323299967,SAT_10097,20.03418430655391,191.44228672436577,98.97707681076484,170.48496556388028,-64.95551573680628,29.945855435067998,35.0,0.12051616271405033,12.295889445279947
12.453306039000019,108.94208323299966,SAT_10097,20.035653559793033,191.4505512738358,98.97724575598204,170.48456906076862,-64.95404648356715,29.94649383810433,35.0,0.120510084923,12.295461175979867
12.453306039000019,109.04208323299966,SAT_10097,20.027626722656066,191.40540031494035,98.97632228232854,170.48673499128142,-64.96207332070412,29.94300579871749,35.0,0.12054328976293638,12.297800838377249
12.453306039000019,109.14208323299965,SAT_10097,20.01011001268104,191.30686882133085,98.97430283600248,170.4914595184454,-64.97959003067915,29.9353913246685,35.0,0.12061575671013418,12.30290608019212
12.453306039000019,109.24208323299965,SAT_10097,19.983116968626177,191.15503294852226,98.97117962141971,170.49873428817565,-65.00658307473401,29.923650432900107,35.0,0.12072744106671922,12.310771778391732
12.553306039000018,107.64208323299974,SAT_10043,19.938627404358982,190.9047791495193,98.96587290831204,170.50701325781662,-65.0510726390012,29.90211545597897,35.0,0.12093300709032377,12.325241830073232
12.553306039000018,107.74208323299973,SAT_10043,19.909231639928564,190.73942797459816,98.96243096779433,170.51491760934266,-65.08046840343162,29.889309622001676,35.0,0.1210547331474953,12.333805682943142
12.553306039000018,107.84208323299973,SAT_10043,19.870401131404776,190.52100636415187,98.9578588235691,170.52534645967089,-65.11929891195541,29.872378131598254,35.0,0.12121555783987382,12.345115026042905
12.553306039000018,107.94208323299972,SAT_10043,19.822165415016457,190.24968045946756,98.95213844088772,170.5382816013824,-65.16753462834373,29.851321022432227,35.0,0.1214153835101568,12.359158665883392
12.553306039000018,108.04208323299972,SAT_10043,19.764560910084057,189.92565511922282,98.9452470143727,170.5537005928154,-65.22513913327613,29.82613834134635,35.0,0.12165408967977871,12.375922792127303
12.553306039000018,108.14208323299971,SAT_10097,19.705230750588285,189.5919229720591,98.93821686583257,170.57322822203827,-65.2844692927719,29.80228406141817,35.0,0.12187815704662823,12.391646975105175
12.553306039000018,108.2420832329997,SAT_10097,19.77261189099083,189.97094188682343,98.94634982626727,170.55523148978756,-65.21708815236936,29.831795629336455,35.0,0.12159897529470046,12.372053316623546
12.553306039000018,108.3420832329997,SAT_10097,19.83067266000363,190.29753371252042,98.95328525909434,170.53969012567723,-65.15902738335656,29.857182547873744,35.0,0.12135849225166678,12.355161313301412
12.553306039000018,108.44208323299969,SAT_10097,19.879369642991207,190.57145424182556,98.95905115050562,170.52663087152138,-65.11033040036898,29.878444760523998,35.0,0.12115685159178197,12.340987437779807
12.553306039000018,108.54208323299969,SAT_10097,19.918666094915636,190.79249678390048,98.96367046561296,170.51607637176784,-65.07103394844455,29.895582219964332,35.0,0.12099417484015257,12.329545621800891
12.553306039000018,108.64208323299968,SAT_10097,19.948532141091988,190.96049329364243,98.9671614061181,170.50804504424264,-65.0411679022682,29.908594888053837,35.0,0.12087056074735761,12.320847185332054
12.553306039000018,108.74208323299968,SAT_10097,19.968944942005294,191.0753152987798,98.96953761190089,170.50255097395996,-65.0207551013549,29.91748273583265,35.0,0.12078608477727912,12.314900778450307
12.553306039000018,108.84208323299967,SAT_10097,19.97988882028355,191.13687461409495,98.97080831054889,170.4996038312696,-65.00981122307664,29.922245743521216,35.0,0.12074079871329592,12.311712336614951
12.553306039000018,108.94208323299966,SAT_10097,19.98135534833756,191.1451238343988,98.97097841776731,170.4992088153385,-65.00834469502263,29.922883900519807,35.0,0.12073473038684299,12.311285049817084
12.553306039000018,109.04208323299966,SAT_10097,19.973343395636874,191.10005660045744,98.9700485906218,170.5013666236551,-65.01635664772331,29.919397205408263,35.0,0.12076788353111631,12.313619345945371
12.553306039000018,109.14208323299965,SAT_10097,19.955859135060393,191.0017076347147,98.96801523464227,170.5060734479324,-65.0338409082998,29.911785665945942,35.0,0.12084023776142755,12.318712888551898
12.653306039000018,107.64208323299974,SAT_10081,19.907457668362966,190.72944938454168,98.96231093866238,170.5177279163573,-65.08224237499722,29.889900530279906,35.0,0.12104848944037978,12.333366499479448
12.653306039000018,107.74208323299973,SAT_10081,19.881078117938515,190.58106441340414,98.95920776108237,170.52481264618234,-65.10862192542167,29.878396493309207,35.0,0.1211577137169226,12.341048058831616
12.653306039000018,107.84208323299973,SAT_10081,19.845324007282414,190.3799475409636,98.95498027653143,170.53440466863952,-65.14437603607777,29.86279121814935,35.0,0.12130577829842869,12.351456807289182
12.653306039000018,107.94208323299972,SAT_10081,19.800222314588055,190.1262505195578,98.94961190099151,170.5464873545223,-65.18947772877213,29.84308473959934,35.0,0.12149259398435948,12.36458251986481
12.653306039000018,108.04208323299972,SAT_10081,19.745806838041105,189.8201634639812,98.94308136512694,170.56103987838316,-65.24389320531908,29.819277101605365,35.0,0.12171804897041533,12.380412379570874
12.653306039000018,108.14208323299971,SAT_10081,19.682118012014513,189.46191381758166,98.93536247741417,170.57803733686688,-65.30758203134567,29.791368357261835,35.0,0.1219820094212557,12.39893104231936
12.653306039000018,108.2420832329997,SAT_10097,19.70892094419277,189.61268031108432,98.93867128673209,170.57224370849428,-65.28077909916742,29.803901661000605,35.0,0.12186286476666275,12.390574186907076
12.653306039000018,108.3420832329997,SAT_10097,19.766860538732118,189.93859053036817,98.94566505324921,170.55676926307572,-65.22283950462807,29.829278721598353,35.0,0.12162280104176688,12.373726162108932
12.653306039000018,108.44208323299969,SAT_10097,19.815455459139628,190.2119369576604,98.95147920719886,170.54376642468418,-65.17424458422056,29.85053267798041,35.0,0.12142151337065658,12.359589324146139
12.653306039000018,108.54208323299969,SAT_10097,19.854669262735754,190.4325146028886,98.95613703397674,170.5332576437786,-65.13503078062443,29.867663482833933,35.0,0.121259122332438,12.348177497347331
12.653306039000018,108.64208323299968,SAT_10097,19.884472321750252,190.60015680984515,98.95965698801488,170.52526117968907,-65.10522772160994,29.880671098026117,35.0,0.12113572590642852,12.339501914040548
12.653306039000018,108.74208323299968,SAT_10097,19.904841986095477,190.71473617178705,98.96205289792857,170.51979099578716,-65.08485805726471,29.889555494603236,35.0,0.1210513989655849,12.333571157115198
12.653306039000018,108.84208323299967,SAT_10097,19.915762708752766,190.7761652367343,98.96333411866817,170.51685667869148,-65.07393733460742,29.894316652789936,35.0,0.12100619288702313,12.33039111581886
12.653306039000018,108.94208323299966,SAT_10097,19.917226132316955,190.78439699428287,98.96350563368172,170.5164633824788,-65.07247391104323,29.894954561988737,35.0,0.12100013528357009,12.329964955269602
12.653306039000018,109.04208323299966,SAT_10097,19.909231135678482,190.73942513819145,98.96256810908432,170.51861179858463,-65.0804689076817,29.891469220779783,35.0,0.12103322985908473,12.332293100017768
12.653306039000018,109.14208323299965,SAT_10097,19.891783840294053,190.64128410165407,98.96051790088516,170.5232981517596,-65.09791620306613,29.883860636920783,35.0,0.12110545638903021,12.337373231838281
12.653306039000018,109.44208323299964,SAT_10097,19.782897016514582,190.02879571789452,98.94758891742403,170.55248072449967,-65.2068030268456,29.836295644690054,35.0,0.12155636962881146,12.369061577407171
12.753306039000018,107.64208323299974,SAT_10081,19.969720062003006,191.07967534876693,98.96958555634411,170.5009802199782,-65.01997998135718,29.917020556036896,35.0,0.12079075494410296,12.31522956247178
12.753306039000018,107.74208323299973,SAT_10081,19.943306655853206,190.9310999391743,98.96651020883597,170.50808950570138,-65.04639338750698,29.905521064936348,35.0,0.120900082237404,12.322924864504555
12.753306039000018,107.84208323299973,SAT_10081,19.907506817117422,190.72972584628553,98.96232074818,170.51771471042406,-65.08219322624277,29.88992195627304,35.0,0.12104828595508563,12.333352186136667
12.753306039000018,107.94208323299972,SAT_10081,19.8623477011611,190.4757058190312,98.95700084216604,170.52983909014787,-65.12735234219909,29.870223264836152,35.0,0.12123527635124633,12.346501240536117
12.753306039000018,108.04208323299972,SAT_10081,19.807863327217802,190.16923121560012,98.95052954580285,170.544441676269,-65.18183671614239,29.84642503455946,35.0,0.12146094094000023,12.362359133492845
12.753306039000018,108.14208323299971,SAT_10081,19.744094392770634,189.8105309593348,98.94288106910602,170.56149739512887,-65.24560565058955,29.818527318522385,35.0,0.12172514507300274,12.38091042891007
12.753306039000018,108.2420832329997,SAT_10081,19.671088053941048,189.3998703034184,98.93402448694424,170.58097720934512,-65.31861198941914,29.78653017895131,35.0,0.12202773262466196,12.402137226400669
12.753306039000018,108.3420832329997,SAT_10097,19.693305964488303,189.52484605024668,98.93678171490343,170.57640879124736,-65.29639407887188,29.79705573681931,35.0,0.12192757581270491,12.395113448631141
12.753306039000018,108.44208323299969,SAT_10097,19.74178666454445,189.79754998806254,98.94265291272299,170.56346980786316,-65.24791337881574,29.818301378239877,35.0,0.12172668155816269,12.381018267634296
12.753306039000018,108.54208323299969,SAT_10097,19.780907971787684,190.01760734130573,98.94735625593763,170.55301277320694,-65.2087920715725,29.835425481199835,35.0,0.12156460897179878,12.369640170593595
12.753306039000018,108.64208323299968,SAT_10097,19.810640536637266,190.18485301858462,98.9509104992788,170.54505576803643,-65.17905950672292,29.84842800757434,35.0,0.1214414551632508,12.360990291097584
12.753306039000018,108.74208323299968,SAT_10097,19.830961922413252,190.29916081357456,98.95332969559654,170.53961261868187,-65.15873812094694,29.857308928415733,35.0,0.12135729433917712,12.355077136341613
12.753306039000018,108.84208323299967,SAT_10097,19.841856728950106,190.36044410034432,98.954623351148,170.53669281743183,-65.14784331441008,29.862068223952786,35.0,0.1213121774186277,12.351906543512413
12.753306039000018,108.94208323299966,SAT_10097,19.84331667790758,190.36865631323016,98.95479652985554,170.53630146756757,-65.1463833654526,29.862705883590237,35.0,0.12130613176795167,12.351481649707324
12.753306039000018,109.04208323299966,SAT_10097,19.835340658788724,190.32379120568658,98.95384990858412,170.5384392537061,-65.15435938457146,29.85922190590852,35.0,0.12133916105793129,12.353802875715976
12.753306039000018,109.14208323299965,SAT_10097,19.817934735121497,190.22588288505844,98.95177978451609,170.5431024378157,-65.17176530823869,29.851616298663732,35.0,0.12141124524459763,12.358867923842135
12.753306039000018,109.24208323299965,SAT_10097,19.791112110730964,190.07500562286168,98.94857803476718,170.5502828809536,-65.19858793262922,29.839889078787827,35.0,0.12152234067392421,12.36667178978952
12.853306039000017,107.54208323299974,SAT_10081,20.039170997784623,191.47033686253852,98.97761141192622,170.48225579589194,-64.95052904557556,29.947217926221168,35.0,0.12050336726373848,12.294987808641048
12.853306039000017,107.64208323299974,SAT_10081,20.022146767982207,191.37457556989992,98.97565322354932,170.48684985298462,-64.96755327537798,29.939821023976855,35.0,0.1205738033104881,12.299950643059734
12.853306039000017,107.74208323299973,SAT_10081,19.995706409189708,191.2258485516921,98.97260121602709,170.49397946230795,-64.99399363417048,29.928326110466422,35.0,0.12068321071829792,12.307657071610665
12.853306039000017,107.84208323299973,SAT_10081,19.959870172688625,191.02426972137349,98.96844364398096,170.50363212987887,-65.02982987067156,29.91273321132817,35.0,0.12083152261050789,12.318099429510356
12.853306039000017,107.94208323299972,SAT_10081,19.91466536071232,190.7699926540068,98.96316438587367,170.51579101639604,-65.07503468264787,29.893042361341564,35.0,0.12101864879060674,12.331267378802792
12.853306039000017,108.04208323299972,SAT_10081,19.86012617572493,190.46320973845272,98.95674276805475,170.53043503440944,-65.12957386763526,29.869253604428103,35.0,0.12124447620955045,12.347147961444382
12.853306039000017,108.14208323299971,SAT_10081,19.796293533296748,190.1041511247942,98.94915333643094,170.5475389688827,-65.19340651006344,29.841366993652393,35.0,0.12150886954726219,12.365725665285883
12.853306039000017,108.2420832329997,SAT_10081,19.723214840721425,189.69308347905803,98.9403655712082,170.567073619714,-65.26648520263876,29.80938259122343,35.0,0.12181167190252351,12.386982502245676
12.853306039000017,108.3420832329997,SAT_10081,19.64094374387024,189.2303085592701,98.93034353889617,170.58900596455055,-65.34875629948995,29.773300468496128,35.0,0.12215270558448756,12.410898097851039
12.853306039000017,108.44208323299969,SAT_10097,19.658420370050166,189.3286145815322,98.9325347680398,170.58570585605037,-65.33127967331002,29.781750931799166,35.0,0.12207216704412918,12.405252582014688
12.853306039000017,108.54208323299969,SAT_10097,19.69743960613343,189.54809778450053,98.93729096568534,170.57530641955228,-65.29226043722676,29.798868285571636,35.0,0.12191044479327204,12.39391185845285
12.853306039000017,108.64208323299968,SAT_10097,19.727094378550476,189.71490587934642,98.94088502456964,170.5673933346792,-65.26260566480971,29.811865687217868,35.0,0.1217875579003147,12.385290459448084
12.853306039000017,108.74208323299968,SAT_10097,19.747362486966637,189.82891398918736,98.94333125938691,170.56198027601508,-65.24233755639355,29.82074310779615,35.0,0.121703579833102,12.379396808341513
12.853306039000017,108.84208323299967,SAT_10097,19.75822869384423,189.89003640287382,98.94463935306318,170.55907663140377,-65.23147134951596,29.82550052753934,35.0,0.12165856100278472,12.376236684648733
12.853306039000017,108.94208323299966,SAT_10097,19.759684808400465,189.89822704725262,98.94481446347939,170.5586874478842,-65.23001523495972,29.82613793585435,35.0,0.12165252850242642,12.375813194427426
12.853306039000017,109.04208323299966,SAT_10097,19.751729731891118,189.85347974188753,98.94385728005138,170.56081340252348,-65.23797031146907,29.822655331321915,35.0,0.12168548596613539,12.378126754301363
12.853306039000017,109.14208323299965,SAT_10097,19.734369463693326,189.75582823327497,98.94176403127827,170.56545079849843,-65.25533057966686,29.815052721696528,35.0,0.12175741355014898,12.383175089314808
12.853306039000017,109.24208323299965,SAT_10097,19.707617068116463,189.6053460081551,98.93852644340734,170.5725915864736,-65.28208297524372,29.803330123906655,35.0,0.12186826803606231,12.39095324464071
12.853306039000017,109.34208323299964,SAT_10097,19.67149260232631,189.40214588808553,98.93413164940402,170.58222341101882,-65.31820744103388,29.78748756405514,35.0,0.1220179830551545,12.401453611015054
12.953306039000017,107.54208323299974,SAT_10081,20.0817329549712,191.709747871713,98.98248536648445,170.47075828498703,-64.90796708838899,29.965695820440782,35.0,0.1203273003247188,12.282577323518023
12.953306039000017,107.64208323299974,SAT_10081,20.06469585938369,191.61391420903325,98.98053934960592,170.47536267363267,-64.9250041839765,29.958301884249018,35.0,0.12039777307455674,12.287545621518277
12.953306039000017,107.74208323299973,SAT_10081,20.038235573560257,191.46507510127645,98.97750635137213,170.4825082950256,-64.95146446979993,29.94681158003781,35.0,0.12050723731651208,12.295260517495613
12.953306039000017,107.84208323299973,SAT_10081,20.002372434918755,191.26334494641802,98.9733747508676,170.49218259915256,-64.98732760844143,29.931224933438365,35.0,0.1206556259110801,12.30571431681616
12.953306039000017,107.94208323299972,SAT_10081,19.9571338614504,191.00887797065852,98.9681285979581,170.50436867143873,-65.03256618190979,29.911541979220562,35.0,0.12084284830803328,12.31889664138358
12.953306039000017,108.04208323299972,SAT_10081,19.90255420003264,190.7018673751836,98.96174743974622,170.51904533056825,-65.08714584332755,29.887762761293775,35.0,0.12106879101626061,12.334794483036811
12.953306039000017,108.14208323299971,SAT_10081,19.838674538113736,190.34254427688978,98.95420609539316,170.53618724984773,-65.15102550524645,29.85988733270795,35.0,0.12133331818838544,12.353392269918292
12.953306039000017,108.2420832329997,SAT_10081,19.765542480931103,189.93117645523745,98.94547437483436,170.5557651006681,-65.22415756242908,29.827915755654907,35.0,0.12163627231432612,12.374671945101566
12.953306039000017,108.3420832329997,SAT_10081,19.6832118967791,189.46806691938244,98.93551673568375,170.57774571638592,-65.30648814658109,29.791848101469846,35.0,0.1219774750169806,12.39861305664803
12.953306039000017,108.44208323299969,SAT_10081,19.59174263315333,188.95355231148747,98.92429187119573,170.60209227473774,-65.39795741020686,29.751684450633096,35.0,0.12235672794234984,12.42519285815985
12.953306039000017,108.54208323299969,SAT_10097,19.604328239023133,189.02434634450512,98.9258976893665,170.60009915056494,-65.38537180433705,29.757991975912066,35.0,0.12229641749484489,12.420968212189326
12.953306039000017,108.64208323299968,SAT_10097,19.633898150737807,189.19067709790016,98.92953738606987,170.59223429970564,-65.35580189262238,29.770984216929058,35.0,0.12217382109458273,12.412377988751228
12.953306039000017,108.74208323299968,SAT_10097,19.654108140791237,189.3043582919507,98.93201461218159,170.58685428655673,-65.33559190256895,29.779858112723442,35.0,0.12209004192994495,12.406505686805724
12.953306039000017,108.84208323299967,SAT_10097,19.664943149264218,189.36530521461123,98.93333925435446,170.58396838492388,-65.32475689409597,29.784613643532083,35.0,0.12204512985650277,12.403357022847668
12.953306039000017,108.94208323299966,SAT_10097,19.666395080998186,189.37347233061482,98.93351657881179,170.583581580441,-65.323304962362,29.785250798764046,35.0,0.12203911166838638,12.402935069016666
12.953306039000017,109.04208323299966,SAT_10097,19.65846285008439,189.3288535317247,98.93254728944132,170.58569454193218,-65.3312371932758,29.781769577000343,35.0,0.1220719909595887,12.40524023738437
12.953306039000017,109.14208323299965,SAT_10097,19.641152385838865,189.23148217034364,98.93042753554533,170.59030361756567,-65.34854765752132,29.774169985993904,35.0,0.12214374810534162,12.410270277844228
12.953306039000017,109.24208323299965,SAT_10097,19.61447660019742,189.0814308761105,98.9271488694002,170.5974008558421,-65.37522344316277,29.76245204266976,35.0,0.12225434036375243,12.418020289626687
12.953306039000017,109.34208323299964,SAT_10097,19.57845531690431,188.87881115758677,98.9226981527861,170.60697405116963,-65.41124472645588,29.746615773125463,35.0,0.12240370209667649,12.428482746315028
13.053306039000017,107.54208323299974,SAT_10081,20.114378396157818,191.89337847838775,98.98620076570013,170.46192795159322,-64.87532164720237,29.979854046190557,35.0,0.12019228327963474,12.273055458520057
13.053306039000017,107.64208323299974,SAT_10081,20.097333031208933,191.79749830055025,98.98426422907586,170.46653984850371,-64.89236701215125,29.972463096448926,35.0,0.12026277751933061,12.278027482577144
13.053306039000017,107.74208323299973,SAT_10081,20.070859943002247,191.64858717938765,98.9812460370453,170.47369710631125,-64.91884010035794,29.960977433235254,35.0,0.12037227501042119,12.285748152271529
13.053306039000017,107.84208323299973,SAT_10081,20.034979531461232,191.44675986446944,98.97713466572162,170.48338713420497,-64.95472051189896,29.945397082173756,35.0,0.12052070842383995,12.296209751443898
13.053306039000017,107.94208323299972,SAT_10081,19.98971929857494,191.19217105448405,98.97191429859211,170.4955929628028,-64.99998074478525,29.925722078024812,35.0,0.12070798695425368,12.309401873053025
13.053306039000017,108.04208323299972,SAT_10081,19.93511369600907,190.885014540051,98.96556465485229,170.51029334244555,-65.05458634735112,29.90195246468582,35.0,0.12093399679171302,12.325311472799683
13.053306039000017,108.14208323299971,SAT_10081,19.871203935924314,190.5255221395743,98.95806076668374,170.5274628651453,-65.11849610743587,29.874088295192244,35.0,0.12119860170850956,12.343922935774312
13.053306039000017,108.2420832329997,SAT_10081,19.798037767176666,190.11396244036874,98.94937270106607,170.54707210873408,-65.19166227618352,29.842129631718922,35.0,0.12150164375537167,12.365218155412979
13.053306039000017,108.3420832329997,SAT_10081,19.715669219433423,189.650639359313,98.93946522049902,170.56908780152133,-65.27403082392676,29.80607654558158,35.0,0.1218429440601441,12.389176623926865
13.053306039000017,108.44208323299969,SAT_10081,19.624158318045602,189.1358905390065,98.92829737560625,170.5934730055651,-65.36554172531459,29.765929117238553,35.0,0.12222230372122439,12.415775533266812
13.053306039000017,108.54208323299969,SAT_10081,19.523570772772032,188.5700855968427,98.91582202094364,170.62018731649633,-65.46612927058816,29.72168743629277,35.0,0.12263950478729455,12.444989885597302
13.053306039000017,108.64208323299968,SAT_10097,19.531122514435125,188.6125641436976,98.91681760711106,170.61953520420485,-65.45857752892506,29.725783686135532,35.0,0.12260001042613974,12.442226000429597
13.053306039000017,108.74208323299968,SAT_10097,19.55126971622407,188.7258921537604,98.91933001214565,170.61419108162258,-65.43843032713612,29.73465403263174,35.0,0.12251644577195406,12.436376832373325
13.053306039000017,108.84208323299967,SAT_10097,19.562071019490517,188.78664948463415,98.92067343844661,170.61132445031404,-65.42762902386967,29.739407661368638,35.0,0.12247164883311487,12.433240586091145
13.053306039000017,108.94208323299966,SAT_10097,19.563518432313316,188.79479118176243,98.92085327602902,170.61094022964676,-65.42618161104687,29.740044561757408,35.0,0.12246564608041863,12.43282029707709
13.053306039000017,109.04208323299966,SAT_10097,19.55561088264028,188.7503112148516,98.9198702453157,170.6130390795501,-65.4340891607199,29.73656473237934,35.0,0.122498441064469,12.435116372484673
13.053306039000017,109.14208323299965,SAT_10097,19.53835422414994,188.65324251084343,98.91772040512001,170.61761739674407,-65.45134581921025,29.72896818098582,35.0,0.12257001439736649,12.440126589054634
13.053306039000017,109.24208323299965,SAT_10097,19.51176120427104,188.50365677402462,98.91439510893152,170.62466733531207,-65.47793883908915,29.717254924498498,35.0,0.12268032385263465,12.447846104422936
13.053306039000017,109.34208323299964,SAT_10097,19.475851394729105,188.3016640953512,98.90988090863398,170.63417685137114,-65.51384864863108,29.701424989009713,35.0,0.12282930458238223,12.458267481687274
13.153306039000016,107.54208323299974,SAT_10081,20.13708078971476,192.02107944214552,98.98877296100808,170.45578117314028,-64.85261925364543,29.989692572518052,35.0,0.12009840368862837,12.266432249334567
13.153306039000016,107.64208323299974,SAT_10081,20.120031800045595,191.92517887525648,98.98684327585951,170.46039772374905,-64.86966824331459,29.982304629617268,35.0,0.1201689040572494,12.27140624512555
13.153306039000016,107.74208323299973,SAT_10081,20.0935531087529,191.7762362367351,98.98383578464373,170.46756219389812,-64.89614693460729,29.970823639088767,35.0,0.12027841098366948,12.27912996881426
13.153306039000016,107.84208323299973,SAT_10081,20.05766515427139,191.57436649277656,98.97973903389205,170.4772619674565,-64.9320348890888,29.95524962654985,35.0,0.120426857023494,12.289595691158647
13.153306039000016,107.94208323299972,SAT_10081,20.012395490341177,191.3197246331691,98.97453730407145,170.48948004102843,-64.97730455301901,29.935582626751525,35.0,0.1206141512161704,12.302792987525935
13.153306039000016,108.04208323299972,SAT_10081,19.95777863318679,191.01250481167574,98.96821043928632,170.50419512254052,-65.0319214101734,29.91182268357934,35.0,0.12084017955772704,12.3187087916545
13.153306039000016,108.14208323299971,SAT_10081,19.893855871799133,190.6529392788701,98.96073362634394,170.5213817535547,-65.09584417156105,29.883969850054456,35.0,0.12110480558897513,12.337327462471846
13.153306039000016,108.2420832329997,SAT_10081,19.820675043508388,190.24129711973467,98.95207711882017,170.5410104538426,-65.1690249998518,29.852024188334923,35.0,0.12140787109328766,12.358630863250836
13.153306039000016,108.3420832329997,SAT_10081,19.738290277388174,189.77788281030848,98.94220590056044,170.56304788652582,-65.25140976597201,29.81598576971721,35.0,0.12174919689707629,12.382598452266317
13.153306039000016,108.44208323299969,SAT_10081,19.646761708342353,189.26303460942572,98.93107928166145,170.58745704188004,-65.34293833501783,29.775854674637937,35.0,0.12212858376521617,12.409207384010516
13.153306039000016,108.54208323299969,SAT_10081,19.546155164984498,188.6971228030378,98.91865041835032,170.61419743773058,-65.44354487837569,29.731630992675825,35.0,0.1225458133829285,12.438432619938007
13.153306039000016,108.64208323299968,SAT_10081,19.4365418346149,188.0805478197088,98.90486574624103,170.64322533424217,-65.55315820874529,29.68331482255388,35.0,0.12300064941503448,12.47024704764196
13.153306039000016,108.74208323299968,SAT_10097,19.438924035898864,188.0939477019311,98.9052203198211,170.64394344938054,-65.55077600746132,29.68513096641284,35.0,0.12298253636506803,12.468980988128559
13.153306039000016,108.84208323299967,SAT_10097,19.449689225529994,188.1545018936062,98.90658491143526,170.64109755268615,-65.5400108178302,29.68988267994425,35.0,0.12293786262829327,12.465858082460002
13.153306039000016,108.94208323299966,SAT_10097,19.451131796546846,188.162616355576,98.90676758069169,170.64071611215587,-65.53856824681334,29.69051932373014,35.0,0.12293187639258663,12.465439581995023
13.153306039000016,109.04208323299966,SAT_10097,19.443250691711143,188.1182851408752,98.90576906677903,170.6427997782146,-65.54644935164904,29.68704089635208,35.0,0.12296458116206609,12.467725888624452
13.153306039000016,109.14208323299965,SAT_10097,19.42605168383949,188.02154072159715,98.90358532581294,170.6473449994607,-65.5636483595207,29.679447405559934,35.0,0.12303595780260553,12.472714807817328
13.153306039000016,109.24208323299965,SAT_10097,19.399547344486194,187.87245381273485,98.90020748566306,170.65434404279733,-65.590152698874,29.667738868272018,35.0,0.12314596463994161,12.480401559708724
13.253306039000016,107.64208323299974,SAT_10081,20.132773659506697,191.99685183472516,98.98828719909967,170.45694772479578,-64.85692638385349,29.98782646223904,35.0,0.1201162137496275,12.267688907547125
13.253306039000016,107.74208323299973,SAT_10081,20.106296614001096,191.8479184537562,98.98528637249096,170.4641149509628,-64.88340342935909,29.97635017607275,35.0,0.12022570614645159,12.275412948322591
13.253306039000016,107.84208323299973,SAT_10081,20.07041091343217,191.64606138805595,98.98119872841976,170.4738184485764,-64.91928912992802,29.960782545026692,35.0,0.12037413241615728,12.285879093962157
13.253306039000016,107.94208323299972,SAT_10081,20.025144130728563,191.39143573534815,98.9760086085031,170.48604120123343,-64.96455591263162,29.941123603842602,35.0,0.12056140154367835,12.299076913697109
13.253306039000016,108.04208323299972,SAT_10081,19.970530806048515,191.08423578402292,98.96969593562173,170.50076190064283,-65.01916923731167,29.917373396394325,35.0,0.12078739945685646,12.314993333606314
13.253306039000016,108.14208323299971,SAT_10081,19.906612256864648,190.72469394486365,98.9622359941246,170.5179550690751,-65.08308778649554,29.889531975688868,35.0,0.12105198961508407,12.33361270349422
13.253306039000016,108.2420832329997,SAT_10081,19.833436353301636,190.31307948732172,98.95359915533028,170.53759120410106,-65.15626369005855,29.857599403867713,35.0,0.12135501370760177,12.354916876117594
13.253306039000016,108.3420832329997,SAT_10081,19.751057261275264,189.84969709467336,98.94375054279814,170.55963694391662,-65.23864278208492,29.821575752208304,35.0,0.12169629245456245,12.378885297922057
13.253306039000016,108.44208323299969,SAT_10081,19.659535156287163,189.3348852541153,98.93264963046218,170.5840552513501,-65.33016488707302,29.781461101125785,35.0,0.12207562650310441,12.405495110345615
13.253306039000016,108.54208323299969,SAT_10081,19.558935910988552,188.7690144993106,98.92024976510363,170.61080561447795,-65.43076413237164,29.73725554017496,35.0,0.12249279740993362,12.434721260658709
13.253306039000016,108.64208323299968,SAT_10081,19.449330759825003,188.15248552401565,98.90649760271602,170.63984426164512,-65.54036928353518,29.688959168052474,35.0,0.12294756870131907,12.466536621241216
13.253306039000016,108.74208323299968,SAT_10043,19.3661662450197,187.68468512823583,98.89579947372476,170.65949533088104,-65.62353379834049,29.65091814968932,35.0,0.12330700840460389,12.491649608744156
13.253306039000016,108.84208323299967,SAT_10043,19.375616490679562,187.73784276007254,98.89701259746315,170.65700274086961,-65.61408355268063,29.6550957585308,35.0,0.12326775936869971,12.488908810973106
13.253306039000016,108.94208323299966,SAT_10043,19.3758580285741,187.73920141072932,98.8970435777474,170.65693902228048,-65.61384201478609,29.655202520159815,35.0,0.1232667562320262,12.488838756433394
13.253306039000016,109.04208323299966,SAT_10043,19.366890684577513,187.6887601007485,98.89589253949408,170.65930428218724,-65.62280935878267,29.65123843433766,35.0,0.12330399957210807,12.49143951136099
13.253306039000016,109.14208323299965,SAT_10043,19.348720918570464,187.58655516695887,98.89355483639707,170.6640945484219,-65.64097912478972,29.643203509927684,35.0,0.12337946796244718,12.496708618333063
13.253306039000016,109.24208323299965,SAT_10043,19.32136178991189,187.4326600682544,98.89002099928909,170.6713017917575,-65.6683382534483,29.631097764895497,35.0,0.12349311808090449,12.504641108505401
13.353306039000016,107.64208323299974,SAT_10081,20.1355481895188,192.01245856604325,98.98860212446311,170.45619628580002,-64.85415185384139,29.989028582242923,35.0,0.12010474096930515,12.26687940931498
13.353306039000016,107.74208323299973,SAT_10081,20.1090800627058,191.86357535272012,98.98560396789348,170.46336179589449,-64.88061998065439,29.977557032105405,35.0,0.12021419479939953,12.274601022065912
13.353306039000016,107.84208323299973,SAT_10081,20.07320644534269,191.66178625505265,98.98151997363249,170.4730629746748,-64.9164935980175,29.961995825508247,35.0,0.12036256880490555,12.28506388004603
13.353306039000016,107.94208323299972,SAT_10081,20.027954896838153,191.40724629471464,98.9763345091166,170.4852828138371,-64.96174514652203,29.942344997184026,35.0,0.12054977201730235,12.298257557851654
13.353306039000016,108.04208323299972,SAT_10081,19.97335994048187,191.10014966521055,98.97002753051703,170.50000001518939,-65.01634010287832,29.918604590995027,35.0,0.12077569042252058,12.314168988261438
13.353306039000016,108.14208323299971,SAT_10081,19.909462873666513,190.7407286643741,98.96257436344624,170.51718911301526,-65.08023716969367,29.890774659934287,35.0,0.12104018754911812,12.332782529063584
13.353306039000016,108.2420832329997,SAT_10081,19.83631154338876,190.32925243156177,98.95394542909236,170.53682061870967,-65.15338849997143,29.8588552661269,35.0,0.12134310516602594,12.354080042222622
13.353306039000016,108.3420832329997,SAT_10081,19.7539600895704,189.8660255038335,98.94410591027102,170.55886118599037,-65.23573995378979,29.822846480831505,35.0,0.12168426408298412,12.378040984547942
13.353306039000016,108.44208323299969,SAT_10081,19.662468659057623,189.3513862071991,98.93301535050874,170.5832737947768,-65.32723138430256,29.782748384442037,35.0,0.12206346504591724,12.404642508921883
13.353306039000016,108.54208323299969,SAT_10081,19.561903093402393,188.78570490038845,98.92062717766011,170.61001795167056,-65.4277969499578,29.73856106648967,35.0,0.1224804897187583,12.433859575058147
13.353306039000016,108.64208323299968,SAT_10043,19.46613336659405,188.24700018709157,98.90854320086501,170.6330865492048,-65.52356667676614,29.695057869021742,35.0,0.12289192100953288,12.462646075573547
13.353306039000016,108.74208323299968,SAT_10043,19.48483555997217,188.35220002484346,98.91090113681172,170.62813570092322,-65.50486448338802,29.703302883769464,35.0,0.12281428936054253,12.457217376873723
13.353306039000016,108.84208323299967,SAT_10043,19.49431119834081,188.40550049066707,98.91209294516189,170.62562607819916,-65.49538884501938,29.707478754416325,35.0,0.12277495950625879,12.45446656173028
13.353306039000016,108.94208323299966,SAT_10043,19.49455338556251,188.40686279378912,98.91212338135225,170.62556192407013,-65.49514665779768,29.707585471624604,35.0,0.12277395430297104,12.454396251049197
13.353306039000016,109.04208323299966,SAT_10043,19.48556194523485,188.35628594194603,98.91099256667712,170.6279433470772,-65.50413809812534,29.703623035155665,35.0,0.12281127433530874,12.457006511868483
13.353306039000016,109.14208323299965,SAT_10043,19.467343421641587,188.25380674673394,98.90869598962341,170.63276632065336,-65.5223566217186,29.695591453869966,35.0,0.12288689791326812,12.462294857021936
13.353306039000016,109.24208323299965,SAT_10043,19.439911044539983,188.0994996255374,98.90522445615436,170.64002270576364,-65.5497889988202,29.683490745727262,35.0,0.1230007811824351,12.470256257601378
13.453306039000015,107.64208323299974,SAT_10081,20.12835311810018,191.97198628931352,98.98778966323464,170.45814480975739,-64.86134692526001,29.98591098700099,35.0,0.12013449321014277,12.268978609293473
13.453306039000015,107.74208323299973,SAT_10081,20.101901181132845,191.82319414387226,98.98479019681035,170.46530413256795,-64.88779886222734,29.974444204548394,35.0,0.12024388444370444,12.276695049764076
13.453306039000015,107.84208323299973,SAT_10081,20.066049473926782,191.62152829083814,98.98070441560449,170.47499695079776,-64.9236505694334,29.958889465342065,35.0,0.120392173700743,12.28715091027697
13.453306039000015,107.94208323299972,SAT_10081,20.020825509694134,191.3671434920295,98.97551667773735,170.48720628532914,-64.96887453366605,29.93924680410554,35.0,0.120579270160225,12.300335782282227
13.453306039000015,108.04208323299972,SAT_10081,19.9662637540916,191.06023361676526,98.9692069274375,170.50191087436346,-65.02343628926859,29.91551626468967,35.0,0.12080505999230037,12.316236619602495
13.453306039000015,108.14208323299971,SAT_10081,19.90240543591686,190.70103057703236,98.96175047561822,170.51908529547325,-65.08729460744333,29.887697900073693,35.0,0.12106940694510449,12.334837805098664
13.453306039000015,108.2420832329997,SAT_10081,19.82929832316654,190.28980306781182,98.95311772584839,170.53870010987265,-65.16040172019365,29.85579177236651,35.0,0.12137215304088501,12.35612122964661
13.453306039000015,108.3420832329997,SAT_10081,19.746996466991405,189.82685512682667,98.9432738402032,170.5607220272125,-65.24270357636878,29.819797952808184,35.0,0.12171311937459604,12.380066382589868
13.453306039000015,108.44208323299969,SAT_10081,19.65555991639009,189.31252452969426,98.9321783381039,170.58511408900543,-65.3341401269701,29.7797165217717,35.0,0.12209210700723253,12.406650452729137
13.453306039000015,108.54208323299969,SAT_10081,19.555054406744773,188.74718103793933,98.91978461964231,170.6118358686123,-65.43464563661541,29.735547568764876,35.0,0.12250889794543983,12.435848438822537
13.453306039000015,108.64208323299968,SAT_10043,19.57529745772416,188.86104819969842,98.9222097836986,170.60414306399818,-65.41440258563603,29.74312666220446,35.0,0.12243889635365325,12.430947287488658
13.453306039000015,108.74208323299968,SAT_10043,19.59404554452989,188.96650618798066,98.92452991531283,170.59916116527967,-65.3956544988303,29.75136822225263,35.0,0.1223611193476223,12.425500436455645
13.453306039000015,108.84208323299967,SAT_10043,19.603544468694906,189.01993763640886,98.92570264106384,170.596635789243,-65.38615557466528,29.75554234319071,35.0,0.12232171574316927,12.422740412869816
13.453306039000015,108.94208323299966,SAT_10043,19.603787251371983,189.02130328896743,98.92573259014986,170.596571232288,-65.3859127919882,29.755649015683996,35.0,0.1223207086539911,12.422669866730217
13.453306039000015,109.04208323299966,SAT_10043,19.59477371404253,188.97060214148922,98.92461988064713,170.59896760432096,-65.39492632931766,29.751688239493934,35.0,0.12235809867130351,12.425288865819327
13.453306039000015,109.14208323299965,SAT_10043,19.57651047948282,188.8678714470909,98.9223601207992,170.60382082813345,-65.41318956387737,29.743660023478114,35.0,0.12243386386082172,12.430594895361207
13.553306039000015,107.64208323299974,SAT_10081,20.111194334853735,191.87546813355226,98.98584693059584,170.46278965978962,-64.87850570850645,29.97847368332859,35.0,0.1202054510454296,12.27398428099999
13.553306039000015,107.74208323299973,SAT_10081,20.08476583133617,191.72680780126595,98.98284216232227,170.46993834163948,-64.90493421202402,29.967011700206765,35.0,0.12031475573953455,12.281692814851773
13.553306039000015,107.84208323299973,SAT_10081,20.04894582409922,191.52532026055812,98.97874914088727,170.47961678123457,-64.94075421926097,29.95146347131922,35.0,0.1204629278810333,12.29213798146458
13.553306039000015,107.94208323299972,SAT_10081,20.0037617476889,191.27115983075004,98.97355217985337,170.49180804959383,-64.98593829567129,29.931829031380556,35.0,0.12064987689673484,12.305309400561283
13.553306039000015,108.04208323299972,SAT_10081,19.949247969620473,190.96451982911515,98.96723116613661,170.50649094743747,-65.04045207373971,29.90810842423034,35.0,0.12087548926640863,12.321194061266166
13.553306039000015,108.14208323299971,SAT_10081,19.885445601884896,190.60563151060254,98.95976133981878,170.5236401267029,-65.10425444147529,29.880301702834167,35.0,0.12113962910731389,12.33977638849925
13.553306039000015,108.2420832329997,SAT_10081,19.812402277954902,190.1947628134963,98.95111301915533,170.54322623418864,-65.17729776540529,29.84840892928494,35.0,0.12144213886764899,12.361038321633941
13.553306039000015,108.3420832329997,SAT_10081,19.730171897817314,189.7322169252224,98.94125126523983,170.5652160756378,-65.25952814554287,29.812430174804387,35.0,0.12178284012209989,12.384959404587358
13.553306039000015,108.44208323299969,SAT_10081,19.638814343854335,189.21833068418064,98.93013547940272,170.58957279837944,-65.35088569950585,29.772365519744774,35.0,0.12216153446180085,12.411516886409377
13.553306039000015,108.54208323299969,SAT_10043,19.64688037563117,189.26370211292536,98.93103663165105,170.58510392818073,-65.34281966772902,29.77457219030792,35.0,0.12214197435590658,12.410145955500306
13.553306039000015,108.64208323299968,SAT_10043,19.67492578512345,189.4214575413194,98.93446278763174,170.57763163948243,-65.31477425823674,29.78687597740987,35.0,0.12202567455628224,12.401992921607889
13.553306039000015,108.74208323299968,SAT_10043,19.693715444450305,189.527149375033,98.9367492449436,170.57262131982662,-65.29598459890988,29.79511406003325,35.0,0.12194776665568764,12.396529572460835
13.553306039000015,108.84208323299967,SAT_10043,19.70323546262246,189.58069947725133,98.9379049724373,170.57008152439496,-65.28646458073773,29.79928641975288,35.0,0.12190829663676056,12.393761179458895
13.553306039000015,108.94208323299966,SAT_10043,19.7034787847126,189.58206816400838,98.93793448762071,170.57001659872202,-65.28622125864759,29.79939304723704,35.0,0.12190728784925636,12.393690419313339
13.553306039000015,109.04208323299966,SAT_10043,19.694445230254843,189.53125442018347,98.93683790572273,170.57242665397195,-65.29525481310534,29.795433942247243,35.0,0.12194474089043097,12.396317360490215
13.553306039000015,109.14208323299965,SAT_10043,19.67614149422799,189.42829590503246,98.93461094094283,170.57730756630522,-65.3135585491322,29.78740911363826,35.0,0.12202063360197858,12.401639462863251
13.553306039000015,109.24208323299965,SAT_10043,19.648581110611303,189.2732687471886,98.93124485991073,170.5846510003435,-65.34111893274888,29.7753185793583,35.0,0.12213492118355483,12.409651590580118
13.653306039000014,107.64208323299974,SAT_10081,20.084085856005927,191.72298294003335,98.9827665134436,170.4701221817208,-64.90561418735426,29.966716687484556,35.0,0.12031756823566028,12.281891124882364
13.653306039000014,107.74208323299973,SAT_10081,20.05768797641646,191.5744948673426,98.97975241225981,170.47725580297703,-64.93201206694373,29.955259535329137,35.0,0.1204267626132013,12.289589036682637
13.653306039000014,107.84208323299973,SAT_10081,20.02190938732018,191.373240303676,98.9756466438771,170.48691389175178,-64.96779065604001,29.93971785967448,35.0,0.12057478549584445,12.300019838466865
13.653306039000014,107.94208323299972,SAT_10081,19.97677741250672,191.11937294535028,98.97043344164948,170.49907958989888,-65.01292263085347,29.920091695226354,35.0,0.1207615466575444,12.31317318952338
13.653306039000014,108.04208323299972,SAT_10081,19.9223262813139,190.8130853323907,98.9640925892813,170.51373178646912,-65.06737376204629,29.89638108581318,35.0,0.12098693301178251,12.329036128378563
13.653306039000014,108.14208323299971,SAT_10081,19.85859694127049,190.4546077946465,98.95659919923175,170.530845238472,-65.1311031020897,29.868586084387072,35.0,0.12125080919293701,12.347593138811824
13.653306039000014,108.2420832329997,SAT_10081,19.785636836439707,190.04420720497333,98.94792343594901,170.55039071363254,-65.20406320692048,29.836706753025144,35.0,0.12155301824601221,12.368826228067071
13.653306039000014,108.3420832329997,SAT_10081,19.70349965396356,189.58218555354503,98.93803017834847,170.5723351534732,-65.28620038939663,29.800743162930992,35.0,0.12189338241795512,12.392715016436451
13.653306039000014,108.44208323299969,SAT_10043,19.699489171575635,189.55962659011294,98.93745716646147,170.57108107828049,-65.29021087178455,29.797644650324884,35.0,0.12192382852760222,12.39485061530134
13.653306039000014,108.54208323299969,SAT_10043,19.736842846649353,189.7697410124026,98.94197654043786,170.56110883877034,-65.25285719671083,29.814007159430336,35.0,0.12176897650953006,12.383986540861297
13.653306039000014,108.64208323299968,SAT_10043,19.764943488040146,189.92780712022582,98.94535794506288,170.55359829050172,-65.22475655532004,29.826305718979324,35.0,0.12165250407714466,12.375811479720499
13.653306039000014,108.74208323299968,SAT_10043,19.783770242643456,190.03370761486946,98.94761460314373,170.54856227995404,-65.20592980071673,29.834540301461473,35.0,0.12157448023509486,12.370333341989065
13.653306039000014,108.84208323299967,SAT_10043,19.79330908366083,190.08736359559217,98.94875528815902,170.54600945009636,-65.19639095969936,29.838710888457435,35.0,0.12153495138640147,12.367557446674015
13.653306039000014,108.94208323299966,SAT_10043,19.793552887091593,190.0887349898902,98.94878441936105,170.5459441911194,-65.1961471562686,29.83881747063844,35.0,0.12153394109450397,12.36748649469315
13.653306039000014,109.04208323299966,SAT_10043,19.78450147070187,190.037820772698,98.94770210947375,170.5483666153303,-65.20519857265832,29.834860047766085,35.0,0.12157144996212593,12.370120555131964
13.653306039000014,109.14208323299965,SAT_10043,19.766161595023448,189.9346589720069,98.94550416590775,170.5532725565091,-65.22353844833674,29.826838628692336,35.0,0.12164745562817393,12.375457064891794
13.753306039000014,107.54208323299974,SAT_10081,20.064022308534874,191.6101254855087,98.98047890994438,170.47554464875884,-64.92567773482531,29.95800949919971,35.0,0.12040055930649333,12.287742025959686
13.753306039000014,107.64208323299974,SAT_10081,20.047049741431223,191.51465479555063,98.97853638709772,170.4801287576479,-64.94265030192896,29.950640025171662,35.0,0.12047077198450505,12.292690797468238
13.753306039000014,107.74208323299973,SAT_10081,20.020689597993098,191.36637898871118,98.97550885533497,170.48724294893276,-64.96901044536709,29.93918773560817,35.0,0.12057983251190912,12.300375399530589
13.753306039000014,107.84208323299973,SAT_10081,19.984962039669384,191.1654114731403,98.97138474215659,170.49687478246412,-65.0047380036908,29.923652656086777,35.0,0.12072767432105432,12.310788202992404
13.753306039000014,107.94208323299972,SAT_10081,19.939894247951216,190.91190514472558,98.96614816433681,170.50900749126447,-65.04980579540897,29.90403482130453,35.0,0.1209142076308391,12.3239189178182
13.753306039000014,108.04208323299972,SAT_10081,19.885520274643113,190.6060515448675,98.9597787555369,170.52362007807434,-65.10417976871707,29.88033427507884,35.0,0.12113931991067603,12.339754645810887
13.753306039000014,108.14208323299971,SAT_10081,19.821880855963798,190.24807981479637,98.95225144264198,170.54068743514537,-65.16781918739639,29.852551070348518,35.0,0.12140287645783661,12.358279946141698
13.753306039000014,108.2420832329997,SAT_10081,19.74902319260221,189.83825545838744,98.9435361663891,170.5601804858594,-65.24067685075798,29.820685269175065,35.0,0.12170472108243893,12.37947691299121
13.753306039000014,108.3420832329997,SAT_10043,19.73305648164569,189.748442709257,98.94152603288529,170.56212026957002,-65.2566435617145,29.812349310214685,35.0,0.12178467170560944,12.385087930653564
13.753306039000014,108.44208323299969,SAT_10043,19.779715122881967,190.01089756621107,98.94713483397275,170.54964727274862,-65.20998492047822,29.832766993598227,35.0,0.1215912852232758,12.371513356104561
13.753306039000014,108.54208323299969,SAT_10043,19.81713283977541,190.22137222373667,98.95160157229202,170.53962990741002,-65.17256720358478,29.84912250262596,35.0,0.12143623493006281,12.360623563870663
13.753306039000014,108.64208323299968,SAT_10043,19.845281828944948,190.37971028781536,98.95494371591639,170.53208530403884,-65.14441821441524,29.8614158007073,35.0,0.12131961281336022,12.352429098270344
13.753306039000014,108.74208323299968,SAT_10043,19.86414105732743,190.4857934474668,98.95717422998132,170.5270264255368,-65.12555898603276,29.869646860340502,35.0,0.12124148843378076,12.346937932402676
13.753306039000014,108.84208323299967,SAT_10043,19.873696376788786,190.53954211943696,98.95830171742881,170.5244619933893,-65.1160036665714,29.873815663111994,35.0,0.12120190856883782,12.344155427725246
13.753306039000014,108.94208323299966,SAT_10043,19.873940601614294,190.54091588408042,98.95833051174155,170.5243964377287,-65.1157594417459,29.873922199695937,35.0,0.12120089697233137,12.344084306740791
13.753306039000014,109.04208323299966,SAT_10043,19.864873547990882,190.4899137074487,98.95726072345693,170.52682987188427,-65.1248264953693,29.869966469854003,35.0,0.12123845425185589,12.346724639087181
13.753306039000014,109.14208323299965,SAT_10043,19.84650203501765,190.3865739469743,98.9550882413516,170.53175809173098,-65.14319800834254,29.861948482435373,35.0,0.12131455786566443,12.352073841181262
13.853306039000014,107.54208323299974,SAT_10081,20.017059674166887,191.34596066718876,98.97509358787731,170.48822209430227,-64.9726403691933,29.937610056176915,35.0,0.12059485193180758,12.301433479136126
13.853306039000014,107.64208323299974,SAT_10081,20.000115964696775,191.25065230141934,98.97313977921999,170.49279088981416,-64.98958407866341,29.93024373153732,35.0,0.12066496334019655,12.306371957046368
13.853306039000014,107.74208323299973,SAT_10081,19.973800566917248,191.10262818890953,98.97009462408273,170.49988134777007,-65.01589947644294,29.918796336181256,35.0,0.12077386680332847,12.314040598050807
13.853306039000014,107.84208323299973,SAT_10081,19.93813351345804,190.9020010132015,98.96594643809547,170.50948111066208,-65.05156652990215,29.903267895679907,35.0,0.12092149615548105,12.324431818764497
13.853306039000014,107.94208323299972,SAT_10081,19.893141812680923,190.6489226963302,98.96067918403597,170.52157352254102,-65.09655823067926,29.883658444721718,35.0,0.12110776215635077,12.33753539070361
13.853306039000014,108.04208323299972,SAT_10081,19.838859300384044,190.34358356466026,98.95427229733788,170.5361377246088,-65.15084074297614,29.85996802711321,35.0,0.12133255295108264,12.353338492529467
13.853306039000014,108.14208323299971,SAT_10081,19.775326455672825,189.98621131315966,98.94670045967571,170.55314877383378,-65.21437358768736,29.832196695780063,35.0,0.12159573464274691,12.371825774990889
13.853306039000014,108.2420832329997,SAT_10043,19.747543539781816,189.8299324112727,98.94327829033782,170.5582496988507,-65.24215650357837,29.818691523593817,35.0,0.12172462185373613,12.38087370646776
13.853306039000014,108.3420832329997,SAT_10043,19.80348944977844,190.14462815500372,98.94998147924686,170.54328399386713,-65.18621059358175,29.843160790881825,35.0,0.12149276631675233,12.36459462427968
13.853306039000014,108.44208323299969,SAT_10043,19.850215932213032,190.40746461869833,98.95553272666412,170.5307620815612,-65.13948411114715,29.863569679281607,35.0,0.12129917251003779,12.350992536357536
13.853306039000014,108.54208323299969,SAT_10043,19.887688307900234,190.6182467319388,98.95995381159867,170.52070532876573,-65.10201173545995,29.879918143127068,35.0,0.12114395517001596,12.340080594651283
13.853306039000014,108.64208323299968,SAT_10043,19.915878565888576,190.77681693312326,98.9632619012192,170.51313100036114,-65.07382147747161,29.892206145838998,35.0,0.12102720692434761,12.331869416025118
13.853306039000014,108.74208323299968,SAT_10043,19.934765515564933,190.88305602505275,98.9654697381068,170.50805216129464,-65.05493452779525,29.900433659924193,35.0,0.12094899781895266,12.326367028605844
13.853306039000014,108.84208323299967,SAT_10043,19.944334902563227,190.93688382691815,98.96658577789896,170.50547760187618,-65.04536514079696,29.904600666974805,35.0,0.12090937495824977,12.323578830937329
13.853306039000014,108.94208323299966,SAT_10043,19.94457948713675,190.93825961514423,98.9666142799904,170.5054117872491,-65.04512055622344,29.904707157667886,35.0,0.12090836226221191,12.323507564380009
13.853306039000014,109.04208323299966,SAT_10043,19.93549908408933,190.88718234800248,98.96555535302963,170.507854831639,-65.05420095927086,29.90075313176519,35.0,0.1209459603426856,12.326153299054344
13.853306039000014,109.14208323299965,SAT_10043,19.9171005637984,190.783690671366,98.96340495607787,170.51280249769383,-65.07259947956179,29.892738598113137,35.0,0.12102214650022441,12.331513433480874
13.953306039000013,107.54208323299974,SAT_10081,19.96023264918975,191.02630865169232,98.96852283737944,170.50353455564093,-65.02946739417044,29.91289100608782,35.0,0.120830022319042,12.317993822298297
13.953306039000013,107.64208323299974,SAT_10081,19.94332223774265,190.9311875873024,98.96655497818274,170.50808531370333,-65.04637780561754,29.905527851174586,35.0,0.12090001773800539,12.322920325350779
13.953306039000013,107.74208323299973,SAT_10081,19.917058468829367,190.78345388716522,98.96348788182533,170.51514781617217,-65.07264157453082,29.89408538163151,35.0,0.12100874131569189,12.33057039867446
13.953306039000013,107.84208323299973,SAT_10081,19.881461223968216,190.5832193848212,98.95930972388837,170.52470980253145,-65.10823881939197,29.878563623023517,35.0,0.12115612735777337,12.340936512526278
13.953306039000013,107.94208323299972,SAT_10081,19.836557308425768,190.33063485989496,98.95400427434568,170.53675474714342,-65.15314273493442,29.858962610030538,35.0,0.12134208725823666,12.354008510563315
13.953306039000013,108.04208323299972,SAT_10081,19.78238030459535,190.02588921334888,98.94755072041859,170.55126195372705,-65.20731973876484,29.835282386448366,35.0,0.12156650995482106,12.369773661531337
13.953306039000013,108.14208323299971,SAT_10043,19.742940686022976,189.80404135887926,98.94273020982308,170.55947967557398,-65.24675935733721,29.81667672968017,35.0,0.1217437004904205,12.382212710952977
13.953306039000013,108.2420832329997,SAT_10043,19.80814177411449,190.17079747939403,98.9505414342307,170.54203816525143,-65.1815582692457,29.845193947877064,35.0,0.1214734889410958,12.363240562930244
13.953306039000013,108.3420832329997,SAT_10043,19.86415421819109,190.48586747732486,98.95718497653922,170.52702289404695,-65.1255458251691,29.86965260290905,35.0,0.12124143391768306,12.346934100113502
13.953306039000013,108.44208323299969,SAT_10043,19.910936599869146,190.74901837426395,98.96268706674222,170.51445937744666,-65.07876344349104,29.890052640038913,35.0,0.1210476724789663,12.333309033604337
13.953306039000013,108.54208323299969,SAT_10043,19.94845402184096,190.96005387285538,98.96706915739352,170.5043691236402,-65.04124602151923,29.90639401361462,35.0,0.1208923200333066,12.322378591460335
13.953306039000013,108.64208323299968,SAT_10043,19.976678296215056,191.11881541620969,98.97034815949155,170.49676951222904,-65.01302174714513,29.918676687068206,35.0,0.12077546975245436,12.314153452231844
13.953306039000013,108.74208323299968,SAT_10043,19.99558809807266,191.2251830516587,98.97253662613551,170.49167369526987,-64.99411194528753,29.92690063291493,35.0,0.12069719209474145,12.308641690837863
13.953306039000013,108.84208323299967,SAT_10043,20.005169082486063,191.2790760889841,98.97364288754197,170.48909052182535,-64.98453096087412,29.931065832752594,35.0,0.1206575344423927,12.30584873735898
13.953306039000013,108.94208323299966,SAT_10043,20.00541396364602,191.28045354550886,98.97367114002222,170.48902448692695,-64.98428607971417,29.93117227726113,35.0,0.12065652085659712,12.305777349191745
13.953306039000013,109.04208323299966,SAT_10043,19.99632255517774,191.2293143728748,98.97262149061646,170.491475705565,-64.99337748818245,29.92721996620235,35.0,0.12069415195281458,12.308427596866995
13.953306039000013,109.14208323299965,SAT_10043,19.977901771172995,191.1256974628481,98.97048995823083,170.49643991202288,-65.01179827218719,29.91920890841997,35.0,0.12077040489758363,12.313796863686703
14.053306039000013,107.44208323299975,SAT_10081,19.901113957745224,190.69376601231687,98.96162354863934,170.51943223735827,-65.08858608561496,29.887134804108364,35.0,0.12107475407989325,12.335213898285174
14.053306039000013,107.54208323299974,SAT_10081,19.89358656152011,190.6514244085506,98.96073985671961,170.5214540805645,-65.09611348184008,29.883852402978665,35.0,0.1211059206689452,12.3374058835853
14.053306039000013,107.64208323299974,SAT_10081,19.87671379235131,190.55651508197616,98.95875508194925,170.52598413891403,-65.11298625100888,29.876492438123364,35.0,0.12117578567801195,12.342318764540208
14.053306039000013,107.74208323299973,SAT_10081,19.850508386701108,190.40910967519372,98.95566156968353,170.53301455940118,-65.13919165665908,29.865054925989007,35.0,0.12128430701265475,12.349947716234242
14.053306039000013,107.84208323299973,SAT_10081,19.814990053439274,190.20931905059592,98.95144732600168,170.5425331923483,-65.17470998992091,29.849539892134334,35.0,0.12143141951734987,12.360285270189602
14.053306039000013,107.94208323299972,SAT_10081,19.770185365779184,189.95729268250793,98.946095887503,170.5545236610413,-65.219514677581,29.82994737123088,35.0,0.12161703531111018,12.37332135245947
14.053306039000013,108.04208323299972,SAT_10043,19.719267551405338,189.67087997665504,98.93987964465117,170.56580250102954,-65.27043249195485,29.80631045323868,35.0,0.12184183212549543,12.389098612038492
14.053306039000013,108.14208323299971,SAT_10043,19.793677500125327,190.08943593820499,98.94882136819105,170.54591083567647,-65.19602254323486,29.838871946752523,35.0,0.12153342471369509,12.367450229597221
14.053306039000013,108.2420832329997,SAT_10043,19.85893868037833,190.45653007712812,98.95657361593985,170.52842226603178,-65.13076136298186,29.86737671306973,35.0,0.12126303848722925,12.348452771532578
14.053306039000013,108.3420832329997,SAT_10043,19.915003131489726,190.7718926146297,98.96316728591503,170.5133663297212,-65.07469691187046,29.89182468838607,35.0,0.12103083221264613,12.332124438322666
14.053306039000013,108.44208323299969,SAT_10043,19.96182922353482,191.03528938238338,98.96862827324038,170.50076867948437,-65.02787081982537,29.912215817981004,35.0,0.12083694359954347,12.318481014722465
14.053306039000013,108.54208323299969,SAT_10043,19.99938188003115,191.24652307517522,98.97297775809824,170.49065093982935,-64.99031816332904,29.928550056216398,35.0,0.12068148860628322,12.307535791109798
14.053306039000013,108.64208323299968,SAT_10043,20.027632767735398,191.4054343185116,98.97623243774193,170.48303058476182,-64.96206727562479,29.940827366535434,35.0,0.12056456084997248,12.299299496548421
14.053306039000013,108.74208323299968,SAT_10043,20.046560451395905,191.51190253910198,98.9784047071613,170.47792083802386,-64.94313959196428,29.94904772146173,35.0,0.12048623112651892,12.293780244275645
14.053306039000013,108.84208323299967,SAT_10043,20.05615051168654,191.5658466282368,98.97950279191413,170.4753305970286,-64.93354953167365,29.953211102598704,35.0,0.12044654704554389,12.2909834901982
14.053306039000013,108.94208323299966,SAT_10043,20.056395624956508,191.56722539038034,98.97953083566983,170.4752643814038,-64.93330441840368,29.95331750062911,35.0,0.12044553278382815,12.290912004845163
14.053306039000013,109.04208323299966,SAT_10043,20.04729560386251,191.51603777172662,98.97848894412655,170.4777223067693,-64.94240443949768,29.94936691531485,35.0,0.1204831889597894,12.293565859083445
14.053306039000013,109.14208323299965,SAT_10043,20.0288573984092,191.41232286605177,98.97637318612979,170.48270008406564,-64.96084264495099,29.941359355496935,35.0,0.12055949263026856,12.298942423751999
14.153306039000013,107.44208323299975,SAT_10081,19.824682709239738,190.26384023947355,98.95260490327595,170.53993680899563,-65.16501733412045,29.853775279705875,35.0,0.12139127093522308,12.357464533895467
14.153306039000013,107.54208323299974,SAT_10081,19.81717401355381,190.22160382624017,98.95171235974884,170.54194824906068,-65.17252602980638,29.850494310344008,35.0,0.12142237300960836,12.35964971808009
14.153306039000013,107.64208323299974,SAT_10081,19.800343121053828,190.12693005592777,98.94970768221583,170.5464550160464,-65.18935692230636,29.84313755587194,35.0,0.12149209353102641,12.36454736860089
14.153306039000013,107.74208323299973,SAT_10081,19.77420264299421,189.97988986684246,98.9465830883347,170.55344933734827,-65.21549740036598,29.83170503273229,35.0,0.12160039079581524,12.372152704954177
14.153306039000013,107.84208323299973,SAT_10081,19.738772094909876,189.7805930338681,98.94232638366005,170.56291918740712,-65.25092794845031,29.81619676647768,35.0,0.12174720025233793,12.38245832726853
14.153306039000013,107.94208323299972,SAT_10081,19.694077790147773,189.5291875695812,98.93692082867595,170.57484835628128,-65.29562225321241,29.79661279177136,35.0,0.1219324348322463,12.395454253870255
14.153306039000013,108.04208323299972,SAT_10043,19.760131505939285,189.90073972090846,98.94480981700615,170.55488492720517,-65.2295685374209,29.8242003551958,35.0,0.12167244767989076,12.377211517731652
14.153306039000013,108.14208323299971,SAT_10043,19.83459001026607,190.31956880774666,98.95369601069554,170.53495184162261,-65.15511003309412,29.856747534869477,35.0,0.12136390724376118,12.35554181909721
14.153306039000013,108.2420832329997,SAT_10043,19.899894179253778,190.68690475830252,98.96140043645131,170.51742669831384,-65.08980586410641,29.885239770681917,35.0,0.12109340308915388,12.33652553338533
14.153306039000013,108.3420832329997,SAT_10043,19.95599586401987,191.00247673511177,98.96795366640035,170.50233915724243,-65.03370417934032,29.909676998848127,35.0,0.12086109456059113,12.320180926385424
14.153306039000013,108.44208323299969,SAT_10043,20.002853270254477,191.26604964518145,98.97338132433026,170.4897149780711,-64.98684677310571,29.93005916466408,35.0,0.12066711987110522,12.30652383982757
14.153306039000013,108.54208323299969,SAT_10043,20.04043118223497,191.47742540007172,98.97770436971818,170.4795758759261,-64.94926886112522,29.946386222505403,35.0,0.12051159540450017,12.29556761230003
14.153306039000013,108.64208323299968,SAT_10043,20.068701153758113,191.6364439898894,98.9809393266117,170.47193939836123,-64.92099888960207,29.958658135826298,35.0,0.12039461512237415,12.287323011944764
14.153306039000013,108.74208323299968,SAT_10043,20.087641663825096,191.7429843590162,98.98309846187527,170.46681882496824,-64.90205837953509,29.96687487715867,35.0,0.1203162500817522,12.28179818164377
14.153306039000013,108.84208323299967,SAT_10043,20.09723823528924,191.79696507350198,98.98418991625381,170.46422309082985,-64.89246180807095,29.97103642811148,35.0,0.12027654806814712,12.27899859728442
14.153306039000013,108.94208323299966,SAT_10043,20.097483515088584,191.7983447723733,98.98421779075656,170.46415673473814,-64.8922165282716,29.971142779370293,35.0,0.12027553334774965,12.278927039556018
14.153306039000013,109.04208323299966,SAT_10043,20.088377315127417,191.7471223975917,98.98318218999407,170.4666198728031,-64.90132272823277,29.967193930697082,35.0,0.12031320654126526,12.281583579585476
14.153306039000013,109.14208323299965,SAT_10043,20.069926613321883,191.6433371999356,98.98107922328194,170.4716081977783,-64.9197734300383,29.959189890930197,35.0,0.12038954462068416,12.286965578569518
14.253306039000012,107.44208323299975,SAT_10081,19.738542743611404,189.77930293281415,98.94230497884244,170.56298045010251,-65.25115729974878,29.81609632966061,35.0,0.12174815068010593,12.382525028626773
14.253306039000012,107.54208323299974,SAT_10081,19.73105458469267,189.7371820388963,98.94140219045372,170.564980364753,-65.25864545866752,29.812816801128477,35.0,0.12177918212464857,12.384702712918328
14.253306039000012,107.64208323299974,SAT_10081,19.714269680569984,189.64276695320615,98.93937447707249,170.56946132753046,-65.2754303627902,29.805463277358736,35.0,0.12184874446428902,12.389583568154187
14.253306039000012,107.74208323299973,SAT_10081,19.688200504508032,189.4961278378577,98.93621390770775,170.57641565442452,-65.30149953885216,29.794035774790125,35.0,0.12195679642657434,12.397162862791193
14.253306039000012,107.84208323299973,SAT_10081,19.652866358964772,189.29737326917683,98.93190805447158,170.58583145664502,-65.33683368439542,29.77853431896923,35.0,0.12210327412625889,12.407433272593364
14.253306039000012,107.94208323299972,SAT_10043,19.707567829399807,189.60506904037393,98.93847693584644,170.56892543579886,-65.28213221396038,29.801184826361272,35.0,0.1218903353024826,12.392501269220295
14.253306039000012,108.04208323299972,SAT_10043,19.791158452332127,190.07526629436822,98.94853154734808,170.54658508650778,-65.19854159102806,29.8377706789056,35.0,0.1215438633999897,12.368183320025897
14.253306039000012,108.14208323299971,SAT_10043,19.865645876158098,190.4942580533893,98.95737478709292,170.52662262294237,-65.12405416720209,29.87030345495644,35.0,0.1212352550649066,12.346499744151258
14.253306039000012,108.2420832329997,SAT_10043,19.930975703072733,190.86173832978412,98.96504222201017,170.509071538759,-65.05872434028745,29.898783081668096,35.0,0.12096469043319928,12.327471192763355
14.253306039000012,108.3420832329997,SAT_10043,19.987099651039628,191.17743553709792,98.97156417178459,170.49396158084335,-65.00260039232056,29.92320949527463,35.0,0.12073232925539407,12.31111597749645
14.253306039000012,108.44208323299969,SAT_10043,20.03397580944454,191.44111392812556,98.97696605002268,170.48131858482986,-64.95572423391565,29.943582641088344,35.0,0.12053831009813291,12.297449980075983
14.253306039000012,108.54208323299969,SAT_10043,20.071568864046696,191.6525748602627,98.98126864524158,170.4711643302335,-64.91813117931349,29.959902473498488,35.0,0.12038274964402478,12.286486572934445
14.253306039000012,108.64208323299968,SAT_10043,20.099850288716695,191.8116578740314,98.98448834732363,170.46351641686897,-64.88984975464349,29.972168955970172,35.0,0.12026574209660283,12.2782365516481
14.253306039000012,108.74208323299968,SAT_10043,20.118798501783203,191.91824157253055,98.98663732388806,170.45838816401303,-64.87090154157698,29.980382061043503,35.0,0.12018735869626548,12.272708079911181
14.253306039000012,108.84208323299967,SAT_10043,20.128398985185115,191.97224429166627,98.9877236499845,170.45578853351708,-64.86130105817507,29.984541770332925,35.0,0.12014764735204365,12.269906647638875
14.253306039000012,108.94208323299966,SAT_10043,20.128644365050263,191.97362455340772,98.9877513935783,170.45572207779,-64.86105567830992,29.98464807452679,35.0,0.12014663239291416,12.269835042653797
14.253306039000012,109.04208323299966,SAT_10043,20.11953445274979,191.9223812967176,98.9867206584375,170.45818891329094,-64.8701655906104,29.980700973387133,35.0,0.12018431444118906,12.272493336265399
14.253306039000012,109.14208323299965,SAT_10043,20.101076245950097,191.81855388346932,98.98462758522535,170.46318471984972,-64.88862379741009,29.97270047574967,35.0,0.12026067040927409,12.277878882900758
14.353306039000012,107.44208323299975,SAT_10081,19.642760345820165,189.24052694523843,98.93067936089037,170.58852236247574,-65.34693969754002,29.77409803637205,35.0,0.12214517370399913,12.410370197732336
14.353306039000012,107.54208323299974,SAT_10081,19.635294499782532,189.19853156127675,98.92976485797307,170.59050966802863,-65.35440554357766,29.770819957728808,35.0,0.12217612859198908,12.412539704685836
14.353306039000012,107.64208323299974,SAT_10081,19.61855956124367,189.10439753199566,98.92771080370207,170.59496240009048,-65.37114048211652,29.763469684974336,35.0,0.12224551947751755,12.417402247522858
14.353306039000012,107.74208323299973,SAT_10081,19.592567853362155,188.95819417516213,98.92450909605152,170.60187297099412,-65.39713218999803,29.752047234543532,35.0,0.12235330555795575,12.42495314798949
14.353306039000012,107.84208323299973,SAT_10043,19.636079030708814,189.2029445477371,98.92977383958346,170.5879798399696,-65.35362101265137,29.769831098819218,35.0,0.12218677045835946,12.413285501042642
14.353306039000012,107.94208323299972,SAT_10043,19.72872331707579,189.72406865855135,98.9410411830023,170.56327759992953,-65.2609767262844,29.810451841215368,35.0,0.12180263388195367,12.386348333688277
14.353306039000012,108.04208323299972,SAT_10043,19.812323881265726,190.1943218321197,98.9510606561954,170.54091808152438,-65.17737616209446,29.847021394704058,35.0,0.12145616037264241,12.362023314901492
14.353306039000012,108.14208323299971,SAT_10043,19.886820398270928,190.61336474027397,98.95987323118533,170.5209384054933,-65.10287964508926,29.87953967738233,35.0,0.12114754984999473,12.340333367128293
14.353306039000012,108.2420832329997,SAT_10043,19.952158383793588,190.98089090883892,98.9675142606794,170.50337212248166,-65.0375416595666,29.90800661642603,35.0,0.12087698271045728,12.321299170800517
14.353306039000012,108.3420832329997,SAT_10043,20.008289478471568,191.29662831640258,98.97401388317829,170.48824903036032,-64.98141056488862,29.932422148088065,35.0,0.12064461893656166,12.304939063679795
14.353306039000012,108.44208323299969,SAT_10043,20.055171704145295,191.56034083581727,98.97939736145351,170.475595009328,-64.93452833921489,29.95278621769691,35.0,0.12045059729695586,12.291268950286838
14.353306039000012,108.54208323299969,SAT_10043,20.092769689356572,191.7718295026307,98.9836853613463,170.46543187666924,-64.89693035400362,29.969098779655294,35.0,0.1202950346449056,12.280302222344766
14.353306039000012,108.64208323299968,SAT_10043,20.121054861554555,191.9309335962444,98.98689417647415,170.45777726285493,-64.86864518180563,29.981359797439115,35.0,0.12017802532209382,12.27204969106772
14.353306039000012,108.74208323299968,SAT_10043,20.14000560382746,192.03753152152947,98.98903590325155,170.45264451044207,-64.84969443953273,29.9895692435966,35.0,0.12009964067361334,12.266519532013653
14.353306039000012,108.84208323299967,SAT_10043,20.149607374350396,192.09154148072096,98.99011856959673,170.45004259698405,-64.84009266900979,29.99372709974762,35.0,0.12005992867900855,12.263717243094346
14.353306039000012,108.94208323299966,SAT_10043,20.149852787163084,192.09292192779236,98.9901462197691,170.44997608287846,-64.8398472561971,29.99383335658328,35.0,0.12005891370309721,12.263645616198826
14.353306039000012,109.04208323299966,SAT_10043,20.14074165332741,192.04167179996665,98.98911895693236,170.45244508478876,-64.84895839003278,29.98988801386569,35.0,0.12009659636910835,12.266304722740605
14.453306039000012,107.54208323299974,SAT_10081,19.52996626725222,188.60606025329375,98.91674898162005,170.61849156833284,-65.45973377610797,29.724503871996134,35.0,0.12261297192287074,12.44313310784839
14.453306039000012,107.64208323299974,SAT_10081,19.513285126257998,188.51222883520123,98.91466508059302,170.6229137363222,-65.47641491710219,29.717156870563777,35.0,0.1226821785389734,12.447975872804786
14.453306039000012,107.74208323299973,SAT_10043,19.54578524684787,188.6950420135193,98.9186315046298,170.6119787075216,-65.44391479651232,29.73014499650632,35.0,0.12256134440117487,12.439519741095861
14.453306039000012,107.84208323299973,SAT_10043,19.647392174446907,189.26658098126384,98.93116657842333,170.58496763232688,-65.34230786891328,29.77479680322589,35.0,0.12213985185193195,12.409997187960347
14.453306039000012,107.94208323299972,SAT_10043,19.740022720043655,189.78762780024556,98.94240975976581,170.56025931345965,-65.24967732331653,29.815399328832843,35.0,0.12175579558294575,12.383061543106768
14.453306039000012,108.04208323299972,SAT_10043,19.823610999153388,190.25781187023782,98.95240794118352,170.53789426283402,-65.1660890442068,29.85195248237013,35.0,0.12140939414073576,12.35873786960219
14.453306039000012,108.14208323299971,SAT_10043,19.89809666096633,190.67679371793562,98.96120194044047,170.51790961924598,-65.09160338239386,29.884456181958775,35.0,0.12110084751556045,12.337049097591084
14.453306039000012,108.2420832329997,SAT_10043,19.96342519768416,191.0442667369734,98.96882697839594,170.5003389497966,-65.02627484567603,29.912910354795944,35.0,0.1208303361677641,12.318015914507598
14.453306039000012,108.3420832329997,SAT_10043,20.019548228929736,191.35995878772977,98.97531308208303,170.4852120670795,-64.97015181443045,29.937314937153193,35.0,0.12059802013663987,12.301656664367508
14.453306039000012,108.44208323299969,SAT_10043,20.06642375818359,191.6236336397827,98.98068542151148,170.4725548641613,-64.9232762851766,29.957669874374997,35.0,0.12040403824014738,12.28798725715014
14.453306039000012,108.54208323299969,SAT_10043,20.104016398431355,191.83509224117637,98.98496458710258,170.46238916923363,-64.88568364492883,29.973975120877412,35.0,0.12024850737313374,12.277021089199478
14.453306039000012,108.64208323299968,SAT_10043,20.132297564500064,191.99417380031286,98.988166813307,170.45473262161966,-64.85740247886012,29.98623064014704,35.0,0.12013152191089271,12.268768975476622
14.453306039000012,108.74208323299968,SAT_10043,20.151245629894447,192.10075666815627,98.99030415278447,170.4495985705991,-64.83845441346574,29.994436404740117,35.0,0.12005315322395922,12.263239094382783
14.453306039000012,108.84208323299967,SAT_10043,20.16084604632701,192.15475901058943,98.99138460449578,170.44699599825958,-64.82885399703318,29.9985923962819,35.0,0.12001344930899956,12.260436945746513
14.453306039000012,108.94208323299966,SAT_10043,20.16109142454974,192.15613926309229,98.9914121981368,170.4469294673055,-64.82860861881045,29.998698605466213,35.0,0.12001243453952987,12.260365322431635
14.453306039000012,109.04208323299966,SAT_10043,20.151981575540376,192.10489636241462,98.99038703649995,170.4493990944594,-64.83771846781981,29.99475503205523,35.0,0.12005010953900185,12.26302429587663
14.553306039000011,107.54208323299974,SAT_10081,19.415148290990288,187.96020913682037,98.90229563302385,170.64887789294357,-65.5745517523699,29.673868645238546,35.0,0.12308945179001173,12.476453052874854
14.553306039000011,107.64208323299974,SAT_10043,19.436832959664358,188.08218539811202,98.9049591875023,170.6408364858101,-65.55286708369583,29.6821324286775,35.0,0.12301356063009765,12.471149465933143
14.553306039000011,107.74208323299973,SAT_10043,19.54729974654296,188.70356107430416,98.9188287796298,170.61157679607945,-65.44240029681723,29.730811431705295,35.0,0.12255506017689338,12.439079872266182
14.553306039000011,107.84208323299973,SAT_10043,19.648864811059383,189.27486456220905,98.93135413355682,170.58457544461194,-65.3408352323008,29.775443081615087,35.0,0.12213374464662168,12.409569124657331
14.553306039000011,107.94208323299972,SAT_10043,19.741457116503256,189.79569628033084,98.94258869969526,170.55987607360134,-65.24824292685693,29.81602727839861,35.0,0.12174984992510345,12.382644281729084
14.553306039000011,108.04208323299972,SAT_10043,19.825010825579923,190.26568589388708,98.95257930155917,170.53751916623807,-65.16468921778026,29.85256393112518,35.0,0.12140359440022509,12.35833038826714
14.553306039000011,108.14208323299971,SAT_10043,19.899465631090237,190.6844941748826,98.96136669761471,170.5175418347406,-65.09023441226995,29.885052957939546,35.0,0.1210951779157998,12.33665035755311
14.553306039000011,108.2420832329997,SAT_10043,19.964767064936552,191.0518147402681,98.96898605814766,170.49997762198885,-65.02493297842364,29.91349428605997,35.0,0.12082478079898865,12.317624861695778
14.553306039000011,108.3420832329997,SAT_10043,20.020866782226605,191.36737565002466,98.97546736751914,170.4848563189064,-64.96883326113358,29.93788785177647,35.0,0.1205925629701569,12.3012722310335
14.553306039000011,108.44208323299969,SAT_10043,20.067722817429953,191.6309408480435,98.98083576029008,170.47220379961976,-64.92197722593023,29.95823360044934,35.0,0.12039866314349038,12.287608363616325
14.553306039000011,108.54208323299969,SAT_10043,20.105299809779538,191.84231143000991,98.98511179810399,170.46204187626654,-64.88440023358065,29.974531486507846,35.0,0.12024319812601098,12.276646645695944
14.553306039000011,108.64208323299968,SAT_10043,20.133569195392994,192.0013267240856,98.98831169286406,170.45438817514042,-64.8561308479672,29.98678147344915,35.0,0.12012626222181469,12.268397884054114
14.553306039000011,108.74208323299968,SAT_10043,20.152509363935664,192.10786517213813,98.99044748057254,170.44925603562658,-64.83719067942452,29.99498353383744,35.0,0.12004792674742151,12.262870250887973
14.553306039000011,108.84208323299967,SAT_10043,20.162105778017207,192.1618450013468,98.99152714917417,170.44665443313832,-64.82759426534298,29.99913764930329,35.0,0.12000823966308964,12.260069241844871
14.553306039000011,108.94208323299966,SAT_10043,20.162351053932326,192.16322467836935,98.99155472282706,170.44658792698465,-64.82734898942786,29.999243810543216,35.0,0.12000722532382106,12.259997647662606
14.553306039000011,109.04208323299966,SAT_10043,20.153245002800546,192.11200314075307,98.99053030418243,170.44905663380126,-64.83645504055964,29.995302017319464,35.0,0.12004488435259357,12.262655539725245
14.653306039000011,107.64208323299974,SAT_10043,19.428606525041886,188.03591170336063,98.90392639385334,170.6430109523953,-65.5610935183183,29.67850167871532,35.0,0.1230477157727361,12.473536528865601
14.653306039000011,107.74208323299973,SAT_10043,19.53899920169917,188.65687050955785,98.91780458569424,170.61377929889343,-65.45070084166102,29.727158562639243,35.0,0.12258950285596325,12.441490602550868
14.653306039000011,107.84208323299973,SAT_10043,19.6404957863097,189.22778879799208,98.93033765921636,170.58680398770355,-65.34920425705049,29.77176993257399,35.0,0.12216845266363084,12.412001749257298
14.653306039000011,107.94208323299972,SAT_10043,19.733025372658375,189.74826772120338,98.94157911127006,170.56212857898856,-65.25667467070181,29.81233568854,35.0,0.1217848006595484,12.38509697959371
14.653306039000011,108.04208323299972,SAT_10043,19.816522245595024,190.217937631472,98.95157580592623,170.5397934790648,-65.17317779776516,29.848855739632675,35.0,0.1214387648376888,12.360801293495365
14.653306039000011,108.14208323299971,SAT_10043,19.89092621081153,190.63645993581486,98.96036853686478,170.51983572902276,-65.09877383254866,29.881330004020253,35.0,0.12113054467871935,12.339137562867435
14.653306039000011,108.2420832329997,SAT_10043,19.95618290299096,191.00352882932415,98.96799250469351,170.50228880692143,-65.03351714036923,29.909758408941848,35.0,0.12086032017993606,12.320126422209723
14.653306039000011,108.3420832329997,SAT_10043,20.01224406911537,191.31887288877394,98.97447771958046,170.48718244569181,-64.97745597424482,29.934140890705756,35.0,0.12062825096744534,12.30378616829131
14.653306039000011,108.44208323299969,SAT_10043,20.059067823897635,191.58225650942418,98.97984933768993,170.47454246877146,-64.93063221946255,29.954477394687927,35.0,0.12043447549888937,12.290132669880125
14.653306039000011,108.54208323299969,SAT_10043,20.09661887453602,191.79348116926514,98.98412793831938,170.46439064533837,-64.89308116882417,29.970767875330687,35.0,0.12027911036432654,12.279179288452163
14.653306039000011,108.64208323299968,SAT_10043,20.12486871228552,191.95238650660605,98.9873297472801,170.45674456681633,-64.86483133107467,29.98301229614166,35.0,0.12016224969206536,12.270936810707923
14.653306039000011,108.74208323299968,SAT_10043,20.14379576866432,192.0588511987368,98.98946681089375,170.45161754611175,-64.84590427469587,29.99121062969289,35.0,0.12008396466532038,12.265413393611682
14.653306039000011,108.84208323299967,SAT_10043,20.153385534504253,192.11279363158644,98.990547123951,170.44901854077744,-64.83631450885593,29.99536285762022,35.0,0.12004430315452433,12.262614522544192
14.653306039000011,108.94208323299966,SAT_10043,20.153630640454708,192.11417235255772,98.99057471405796,170.44895210103653,-64.83606940290548,29.995468970622824,35.0,0.12004328946900958,12.262542983022763
14.653306039000011,109.04208323299966,SAT_10043,20.14453089800253,192.06298630126423,98.9895496839538,170.45141834329223,-64.84516914535766,29.991528968463022,35.0,0.12008092423058533,12.265198846297864
14.75330603900001,107.54208323299974,SAT_10043,19.291497144429584,187.2646714374164,98.88633318263753,170.67916125368131,-65.6982028989306,29.6178735815652,35.0,0.12361719473897168,12.513298032075511
14.75330603900001,107.64208323299974,SAT_10043,19.410600041751948,187.9346252348547,98.90164861562772,170.64776837724708,-65.57910000160824,29.670551766763175,35.0,0.1231224816459061,12.47876090947843
14.75330603900001,107.74208323299973,SAT_10043,19.520890054675945,188.5550065575522,98.91555498869612,170.61858225044887,-65.46880998868424,29.71918639729424,35.0,0.12266465109497816,12.446749484434639
14.75330603900001,107.84208323299973,SAT_10043,19.622291655924386,189.1253905645747,98.92811329035503,170.59164922414112,-65.3674083874358,29.763777364132476,35.0,0.12224395419878993,12.417292573228375
14.75330603900001,107.94208323299972,SAT_10043,19.714734149295722,189.64537958978843,98.93937719077785,170.56701272543933,-65.27496589406447,29.80432456732671,35.0,0.12186062574841197,12.390417110203447
14.75330603900001,108.04208323299972,SAT_10043,19.798152016213862,190.11460509120298,98.94939370462116,170.54471303598024,-65.19154802714633,29.84082791599816,35.0,0.12151488311013892,12.366148024054112
14.75330603900001,108.14208323299971,SAT_10043,19.872485244051063,190.53272949778724,98.95820375568425,170.52478708149914,-65.11721479930912,29.873287328338296,35.0,0.12120692518620219,12.34450812096207
14.75330603900001,108.2420832329997,SAT_10043,19.937679632900142,190.8994479350633,98.96584265612786,170.50726823493096,-65.05202041046005,29.901702731606882,35.0,0.12093693144864291,12.325517975687326
14.75330603900001,108.3420832329997,SAT_10043,19.99368707760034,191.21448981150192,98.97234051068831,170.4921861351596,-64.99601296575985,29.92607406213028,35.0,0.12070506105513922,12.309195831675376
14.75330603900001,108.44208323299969,SAT_10043,20.040465822001693,191.4776202487595,98.97772255441956,170.47956652342333,-64.9492342213585,29.94640126529994,35.0,0.12051145205503906,12.295557511180066
14.75330603900001,108.54208323299969,SAT_10043,20.077980682683446,191.6886413400944,98.98200943089485,170.46943109923342,-64.91171936067674,29.962684295571105,35.0,0.12035622069316562,12.28461633632126
14.75330603900001,108.64208323299968,SAT_10043,20.106203239633516,191.84739322293854,98.9852174164376,170.4617973974702,-64.88349680372667,29.974923116461746,35.0,0.12023946081815559,12.27638306190007
14.75330603900001,108.74208323299968,SAT_10043,20.125111991726556,191.9537549534619,98.98735859477557,170.45667868810114,-64.86458805163363,29.98311770055169,35.0,0.12016124340116449,12.270865820683028
14.75330603900001,108.84208323299967,SAT_10043,20.134692475212233,192.00764517306882,98.98844098547977,170.45408389971817,-64.85500756814795,29.98726802948198,35.0,0.1201216161697447,12.268070081742023
14.75330603900001,108.94208323299966,SAT_10043,20.13493734384204,192.0090225591115,98.98846862862662,170.45401756781058,-64.85476269951815,29.98737409395444,35.0,0.12012060336058848,12.267998622301416
14.85330603900001,107.64208323299974,SAT_10043,19.382827315627296,187.77840365040353,98.89811651729144,170.65510026824518,-65.60687272773289,29.658282710203068,35.0,0.12323781247193663,12.486817357218845
14.85330603900001,107.74208323299973,SAT_10043,19.49298632940902,188.39804810292574,98.91207086827178,170.62597701948465,-65.49671371395117,29.70689495309967,35.0,0.12278045842618004,12.454851189140003
14.85330603900001,107.84208323299973,SAT_10043,19.59426664779869,188.96774989386765,98.9246720980478,170.5991023924501,-65.3954333955615,29.75146539376335,35.0,0.12236020214043328,12.425436194734317
14.85330603900001,107.94208323299972,SAT_10043,19.68659786317086,189.4871129803361,98.9359741787008,170.57451963082414,-65.30310218018933,29.791993932271033,35.0,0.121977277485007,12.3985992041512
14.85330603900001,108.04208323299972,SAT_10043,19.769914727047947,189.95577033964474,98.94602438696069,170.5522688443569,-65.21978531631224,29.828480477769478,35.0,0.1216319009673042,12.374365048757525
14.85330603900001,108.14208323299971,SAT_10043,19.844157476426787,190.37338580490066,98.9548638728976,170.5323867997603,-65.1455425669334,29.860924948473127,35.0,0.12132427069820442,12.352756444948017
14.85330603900001,108.2420832329997,SAT_10043,19.909272138662033,190.73965577997396,98.96252814251316,170.51490672505693,-65.08042790469815,29.889327271662182,35.0,0.12105456543127759,12.333793885872126
14.85330603900001,108.3420832329997,SAT_10043,19.9652108117334,191.05431081600037,98.96904746476105,170.49985812949262,-65.02448923162679,29.913687383680877,35.0,0.1208229436835573,12.317495542131491
14.85330603900001,108.44208323299969,SAT_10043,20.011931916906903,191.31711703260135,98.97444721160572,170.48726664100377,-64.97776812645328,29.934005229935995,35.0,0.1206295429460598,12.30387717243945
14.85330603900001,108.54208323299969,SAT_10043,20.049400421032004,191.527877368305,98.97874813811207,170.47715386307794,-64.94029962232818,29.950280764895563,35.0,0.12047447899155823,12.292952045154244
14.85330603900001,108.64208323299968,SAT_10043,20.07758802599959,191.68643264624768,98.9819666081841,170.46953725266005,-64.9121120173606,29.96251395208779,35.0,0.12035784528631845,12.28473087150202
14.85330603900001,108.74208323299968,SAT_10043,20.096473323216458,191.79266244309258,98.98411477038432,170.4644300205372,-64.89322672014373,29.970704764100194,35.0,0.120279712511585,12.279221751195125
14.85330603900001,108.84208323299967,SAT_10043,20.106041911327466,191.84648575121702,98.98520068722473,170.46184105538444,-64.88365813203272,29.974853182578972,35.0,0.12024012819958455,12.276430131027663
14.85330603900001,108.94208323299966,SAT_10043,20.10628647582051,191.8478614264904,98.98522842038776,170.46177487238458,-64.88341356753968,29.97495919822855,35.0,0.12023911648770859,12.27635877689593
14.95330603900001,107.54208323299974,SAT_10043,19.226517438226224,186.89916059002252,98.8778707073877,170.69623380749067,-65.76318260513396,29.589064994145232,35.0,0.12388722849576192,12.532126563292763
14.95330603900001,107.64208323299974,SAT_10043,19.345309558725347,187.56736626783007,98.89331532935203,170.6649935802162,-65.64439048463484,29.641694535861173,35.0,0.12339363789847767,12.497697802381346
14.95330603900001,107.74208323299973,SAT_10043,19.455309551281005,188.18611622595566,98.90733781125671,170.63595036052152,-65.53439049207918,29.690284256928688,35.0,0.12293685350814597,12.465787534978212
14.95330603900001,107.84208323299973,SAT_10043,19.55644258020851,188.75498951367288,98.91999998587816,170.60915005977225,-65.43325746315168,29.734834048382837,35.0,0.12251712422467054,12.436424327537596
14.95330603900001,107.94208323299972,SAT_10043,19.6486386036742,189.2735921456674,98.93135625869225,170.58463568872398,-65.34106143968599,29.77534381032835,35.0,0.12213468275336124,12.409634878537002
14.95330603900001,108.04208323299972,SAT_10043,19.73183271554761,189.7415590249553,98.9414542824769,170.56244713887847,-65.25786732781258,29.811813451937248,35.0,0.12178974451507929,12.38544389635627
14.95330603900001,108.14208323299971,SAT_10043,19.805965469205105,190.15855576427873,98.95033553184768,170.5426209750448,-65.18373457415508,29.844242891446704,35.0,0.12148250661974958,12.36387398393723
14.95330603900001,108.2420832329997,SAT_10043,19.870983180021284,190.52428038761974,98.95803579073467,170.52519024127108,-65.1187168633389,29.872632056157133,35.0,0.12121314691228866,12.34494553131266
14.95330603900001,108.3420832329997,SAT_10043,19.926838203413865,190.83846489420299,98.96458556346846,170.5101842822291,-65.06286183994632,29.896980882430462,35.0,0.12098182309959452,12.328676617048092
14.95330603900001,108.44208323299969,SAT_10043,19.973489185478442,191.10087666831623,98.97001041819397,170.49762858202567,-65.01621085788175,29.917289315688627,35.0,0.12078867196670474,12.315082919578
14.95330603900001,108.54208323299969,SAT_10043,20.01090128348646,191.31131971961133,98.97433126969382,170.48754462225784,-64.97879875987373,29.933557310412315,35.0,0.12063380868955936,12.30417763933863
14.95330603900001,108.64208323299968,SAT_10043,20.039046353798852,191.46963574011852,98.97756460730986,170.47994976094498,-64.95065368956134,29.94578483013985,35.0,0.12051732625100763,12.29597143250519
14.95330603900001,108.74208323299968,SAT_10043,20.05790310507369,191.5757049660395,98.97972267244961,170.47485713375568,-64.9317969382865,29.95397184746637,35.0,0.12043929496578926,12.290472357031396
14.95330603900001,108.84208323299967,SAT_10043,20.067457215016958,191.6294468344704,98.98081358911023,170.47227557869985,-64.92224282834323,29.95811834404316,35.0,0.12039976211920905,12.287685831567327
15.05330603900001,107.64208323299974,SAT_10043,19.29807526951545,187.30167339102442,98.88722467317272,170.67743079189682,-65.69162477384474,29.6207872800086,35.0,0.12358986337477394,12.51139139858174
15.05330603900001,107.74208323299973,SAT_10043,19.407888624744814,187.9193735141896,98.90133594202007,170.64848449252935,-65.58181141861537,29.669354345098974,35.0,0.12313374050913246,12.479547530675875
15.05330603900001,107.84208323299973,SAT_10043,19.50884873702077,188.48727414574182,98.91407752513618,170.62177420213794,-65.48085130633942,29.713883364351325,35.0,0.12271462342536815,12.450245845127428
15.05330603900001,107.94208323299972,SAT_10043,19.600886005793186,189.00498378258666,98.92550439703986,170.59734265019895,-65.388814037567,29.75437423789787,35.0,0.12233274342436677,12.423512881841559
15.05330603900001,108.04208323299972,SAT_10043,19.683935937897076,189.47213965067107,98.93566470409772,170.5752294646851,-65.30576410546311,29.79082687493563,35.0,0.12198831461733686,12.39937320109631
15.05330603900001,108.14208323299971,SAT_10043,19.75793946831962,189.88840950929787,98.9446003467871,170.55547096663472,-65.23176057504057,29.823241193724265,35.0,0.12168153290786707,12.377849269222253
15.05330603900001,108.2420832329997,SAT_10043,19.822843259817034,190.25349333647083,98.9523474736322,170.53809997798675,-65.16685678354315,29.851617121584177,35.0,0.1214125750459021,12.358961352094687
15.05330603900001,108.3420832329997,SAT_10043,19.878599978283177,190.56712487784287,98.95893689766304,170.5231456447403,-65.11110006507701,29.875954594894793,35.0,0.12118159776218322,12.342727417469305
15.05330603900001,108.44208323299969,SAT_10043,19.92516854094876,190.8290730428368,98.96439444426288,170.51063327738248,-65.06453150241143,29.896253559093058,35.0,0.12098873699116564,12.329163047130834
15.05330603900001,108.54208323299969,SAT_10043,19.96251433471639,191.03914313277969,98.96874123760374,170.50058421038034,-65.0271857086438,29.91251396867215,35.0,0.1208341071897599,12.31828135974586
15.05330603900001,108.64208323299968,SAT_10043,19.99060940221659,191.19717788746834,98.97199393145138,170.49301568234836,-64.9990906411436,29.924735787180435,35.0,0.12071780075845709,12.310092945217223
15.05330603900001,108.74208323299968,SAT_10043,20.00943259349097,191.3030583383867,98.9741648889002,170.48794073828992,-64.98026744986922,29.932918987220567,35.0,0.12063988757049907,12.30460581122937
15.05330603900001,108.84208323299967,SAT_10043,20.018969681578497,191.35670445887905,98.97526231452588,170.48536815506372,-64.97073036178169,29.937063550448876,35.0,0.12060041461375393,12.301825342553085
15.15330603900001,107.64208323299974,SAT_10043,19.24116007304282,186.98152541086588,98.87981831673693,170.6923900085547,-65.74853997031737,29.595560988362372,35.0,0.12382637065452484,12.527884579470514
15.15330603900001,107.74208323299973,SAT_10043,19.350759670161906,187.59802314466071,98.89403968607697,170.6635572037592,-65.63894037319828,29.64410526337375,35.0,0.12337099961909447,12.496117433193726
15.15330603900001,107.84208323299973,SAT_10043,19.451521701403294,188.16480957039354,98.90687972534076,170.63695231137942,-65.5381783419569,29.688613387474373,35.0,0.122952578474764,12.466886839577095
15.15330603900001,107.94208323299972,SAT_10043,19.54337708091009,188.68149608011927,98.91839411924535,170.6126177326399,-65.4463229624501,29.729085260823652,35.0,0.12257133688437949,12.440219153749464
15.15330603900001,108.04208323299972,SAT_10043,19.626261797131704,189.14772260886585,98.92863163000288,170.59059278801033,-65.36343824622848,29.76552079264333,35.0,0.12222748743185739,12.416138763429633
15.15330603900001,108.14208323299971,SAT_10043,19.700117230060982,189.56315941909304,98.93763468929086,170.57091351410963,-65.2895828132992,29.79791990121532,35.0,0.1219212246141549,12.394667975790743
15.15330603900001,108.2420832329997,SAT_10043,19.76489044750889,189.92750876723753,98.94543990030027,170.55361247375555,-65.2248095958513,29.826282513879796,35.0,0.12165272390458108,12.37582691207096
15.15330603900001,108.3420832329997,SAT_10043,19.820534477365328,190.24050643517998,98.95207846094081,170.53871858118552,-65.16916556599486,29.850608567033486,35.0,0.12142214089587959,12.359633410946955
15.15330603900001,108.44208323299969,SAT_10043,19.867008552966865,190.5019231104386,98.95757651725413,170.5262569443647,-65.12269149039332,29.870898006128183,35.0,0.12122961053098473,12.34610294162583
15.15330603900001,108.54208323299969,SAT_10043,19.904278328918878,190.71156560016868,98.96195545438218,170.51624872614843,-65.08542171444131,29.887150785669437,35.0,0.12107524642869597,12.335248527533622
15.15330603900001,108.64208323299968,SAT_10043,19.932316064993557,190.86927786558874,98.9652321309912,170.5087110258852,-65.05738397836663,29.899366869215516,35.0,0.12095914031073868,12.327080681386217
15.15330603900001,108.74208323299968,SAT_10043,19.95110077604467,190.97494186525128,98.9674190618025,170.50365678283458,-65.03859926731552,29.907546229376532,35.0,0.120881361535791,12.321607352321683
15.15330603900001,108.84208323299967,SAT_10043,19.960618346236643,191.0284781975811,98.96852455178818,170.50109470253827,-65.02908169712354,29.9116888478138,35.0,0.12084195674507124,12.318833885653996
15.253306039000009,107.64208323299974,SAT_10043,19.17460652295216,186.6071616916059,98.87106385603039,170.70984508901188,-65.81509352040803,29.566015716086724,35.0,0.12410301842019056,12.547161129062681
15.253306039000009,107.74208323299973,SAT_10043,19.28396582178945,187.22230774756565,98.88541746186482,170.6811419814504,-65.70573422157074,29.61453706696304,35.0,0.12364848768511183,12.515480819398267
15.253306039000009,107.84208323299973,SAT_10043,19.384505150016253,187.7878414688414,98.89837573516458,170.65465752736264,-65.60519489334393,29.659024173003985,35.0,0.1232308445093262,12.486330694475953
15.253306039000009,107.94208323299972,SAT_10043,19.476156007460276,188.30337754196407,98.9099952189658,170.6304337543521,-65.51354403589991,29.699476934395868,35.0,0.1228503166907667,12.459736899252905
15.253306039000009,108.04208323299972,SAT_10043,19.558854930548137,188.76855898433328,98.92032541954596,170.6085096329278,-65.43084511281205,29.735895260384883,35.0,0.12250711507476812,12.43572362519437
15.253306039000009,108.14208323299971,SAT_10043,19.632543805540564,189.18305890616568,98.92940941020417,170.588920876057,-65.35715623781962,29.76827906927495,35.0,0.12220143255726257,12.414312998480321
15.253306039000009,108.2420832329997,SAT_10043,19.69717016102014,189.5465821557383,98.93728434317566,170.57169975172405,-65.29252988234005,29.796628288425804,35.0,0.12193344315865971,12.395524975883145
15.253306039000009,108.3420832329997,SAT_10043,19.752687436629813,189.85886683104272,98.9439818810397,170.5568749104883,-65.23701260673037,29.820942854251296,35.0,0.12170330117671267,12.379377249316676
15.253306039000009,108.44208323299969,SAT_10043,19.79905522523373,190.11968564193972,98.94952855689844,170.54447122992198,-65.19064481812646,29.84122271221788,35.0,0.12151114042614661,12.365885159996218
15.253306039000009,108.54208323299969,SAT_10043,19.836239485893287,190.32884710814974,98.95394607085474,170.53450967766466,-65.1534605574669,29.85746781684336,35.0,0.12135707357218001,12.355061623073412
15.253306039000009,108.64208323299968,SAT_10043,19.864212725320897,190.48619657993004,98.95725152883301,170.5270071946525,-65.12548731803929,29.869678131695803,35.0,0.12124119156430237,12.346917063518303
15.253306039000009,108.74208323299968,SAT_10043,19.882954145791274,190.59161707007593,98.9594576285072,170.52197659986962,-65.10674589756891,29.877853629392682,35.0,0.1211635631757968,12.341459363916183
15.253306039000009,108.84208323299967,SAT_10043,19.892449757835138,190.64502988782263,98.96057279597845,170.51942651774212,-65.09725028552505,29.881994291600247,35.0,0.12112423465352755,12.338693824729656
15.353306039000008,107.64208323299974,SAT_10043,19.098463867666993,186.17885925562683,98.86092231495437,170.72976579554387,-65.8912361756932,29.532151527794632,35.0,0.12441964302244325,12.56920226492152
15.353306039000008,107.74208323299973,SAT_10043,19.20755698927644,186.79250806468,98.87543129389408,170.70120816484106,-65.78214305408375,29.580649820525224,35.0,0.12396603896376591,12.537618670804138
15.353306039000008,107.84208323299973,SAT_10043,19.30784961010437,187.35665405683707,98.88852846723039,170.67485879392652,-65.68185043325582,29.625115785640155,35.0,0.12354925383425291,12.508558171135208
15.353306039000008,107.94208323299972,SAT_10043,19.399273883927137,187.87091559709015,98.90027139301037,170.65075929322003,-65.59042615943305,29.66554932335235,35.0,0.12316951334766264,12.482046676217708
15.353306039000008,108.04208323299972,SAT_10043,19.481766958932468,188.33493914399514,98.9107104571302,170.62894824252322,-65.50793308442772,29.701950342932186,35.0,0.12282702640662582,12.458108158430047
15.353306039000008,108.14208323299971,SAT_10043,19.555271286506766,188.7484009866006,98.91988949118117,170.60946099351577,-65.43442875685342,29.734318762705342,35.0,0.12252198411831507,12.436764541924683
15.353306039000008,108.2420832329997,SAT_10043,19.619734909514676,189.11100886602006,98.92784629611026,170.59232948510248,-65.36996513384551,29.7626545100509,35.0,0.12225455888006878,12.418035599913873
15.353306039000008,108.3420832329997,SAT_10043,19.67511172712335,189.42250346506884,98.9346130833905,170.57758207356866,-65.31458831623684,29.78695752139964,35.0,0.12202490354312467,12.40193886052469
15.353306039000008,108.44208323299969,SAT_10043,19.72136173340172,189.6826597503847,98.94021684324964,170.56524337938325,-65.26833830995847,29.807227742232538,35.0,0.12183315066210366,12.38848952214566
15.353306039000008,108.54208323299969,SAT_10043,19.758451227134472,189.8912881526314,98.94467964770146,170.5553341523553,-65.23124881622572,29.823465127079498,35.0,0.12167941183724555,12.377700379112675
15.353306039000008,108.64208323299968,SAT_10043,19.786352990562875,190.04823557191617,98.9480188945959,170.547871156668,-65.20334705279731,29.83566963951828,35.0,0.12156377715564544,12.369581758491924
15.353306039000008,108.74208323299968,SAT_10043,19.805046435069855,190.15338619726796,98.9502474975862,170.54286707711245,-65.18465360829033,29.843841252173647,35.0,0.12148631473687892,12.364141468614653
15.353306039000008,108.84208323299967,SAT_10081,19.822687232527016,190.25261568296446,98.95242919865034,170.54047141161547,-65.16701281083317,29.852903408608586,35.0,0.12139953635715098,12.358045271469132
15.453306039000008,107.54208323299974,SAT_10043,18.895278530025934,185.0359417313959,98.83316127040091,170.78266762418795,-66.09442151333425,29.441463106493153,35.0,0.12526515779003566,12.627951837849434
15.453306039000008,107.64208323299974,SAT_10043,19.012787783399105,185.69693128161995,98.84934765467132,170.75211796487505,-65.97691225996108,29.49396849754959,35.0,0.12477605932741213,12.593986733308203
15.453306039000008,107.74208323299973,SAT_10043,19.12158958541235,186.30894141794445,98.86403633855954,170.72372111965709,-65.86811045794784,29.54244359816881,35.0,0.12432346598293927,12.562509470476607
15.453306039000008,107.84208323299973,SAT_10043,19.221612182301968,186.8715685254486,98.87729413840134,170.69752103665604,-65.76808786105822,29.58688829953266,35.0,0.12390761679891811,12.533547507135916
15.453306039000008,107.94208323299972,SAT_10043,19.31278844704768,187.38443501464323,98.8891797943073,170.67355886753862,-65.67691159631251,29.627302501880397,35.0,0.12352873519408109,12.5071264954602
15.453306039000008,108.04208323299972,SAT_10043,19.395056200538335,187.84719112802813,98.89974471620633,170.65187276253783,-65.59464384282185,29.663686114506298,35.0,0.12318702793214815,12.483270166858174
15.453306039000008,108.14208323299971,SAT_10043,19.468358515493534,188.25951664965115,98.90903361819903,170.63249767616833,-65.52134152786665,29.69603905575758,35.0,0.12288268415115135,12.462000223304754
15.453306039000008,108.2420832329997,SAT_10043,19.532644000137736,188.62112250077476,98.91708505599732,170.61546518562537,-65.45705604322245,29.724361253032452,35.0,0.12261587446191048,12.443336236167633
15.453306039000008,108.3420832329997,SAT_10081,19.61408921767253,189.07925184940797,98.92724811959206,170.5961514028147,-65.37561082568766,29.761505682885403,35.0,0.12226405666388679,12.418701049094464
15.453306039000008,108.44208323299969,SAT_10081,19.687739382215213,189.49353402496058,98.93624072941634,170.57653860849985,-65.30196066114497,29.793833569208445,35.0,0.12195870783025144,12.397296914023329
15.453306039000008,108.54208323299969,SAT_10081,19.752395244928806,189.85722325272457,98.94404457211603,170.55927938812312,-65.23730479843138,29.82216147392934,35.0,0.12169074826426858,12.378496135973334
15.553306039000008,107.44208323299975,SAT_10043,19.00613014399093,185.65948205994897,98.8484566235872,170.75385211397884,-65.98356989936926,29.490997915307563,35.0,0.12480376197609454,12.595911938721892
15.553306039000008,107.54208323299974,SAT_10043,18.860380939393792,184.83964278409007,98.82830770427528,170.79171632175175,-66.1293191039664,29.425840133540234,35.0,0.1254104654528175,12.638032450302061
15.553306039000008,107.64208323299974,SAT_10043,18.91764007698032,185.1617254330143,98.83628618092635,170.77686369828368,-66.07205996637987,29.451466708867706,35.0,0.12517206166345335,12.621490915300447
15.553306039000008,107.74208323299973,SAT_10081,19.045130655837625,185.87885993908665,98.85385438520157,170.7459819331507,-65.94456938752256,29.509659380002176,35.0,0.12462692844887664,12.583619905925172
15.553306039000008,107.84208323299973,SAT_10081,19.171593308725164,186.59021236157906,98.87080036990797,170.7129342777188,-65.81810673463502,29.5659579528209,35.0,0.12410112541406841,12.547029284323045
15.553306039000008,107.94208323299972,SAT_10081,19.289445503143256,187.2531309551808,98.88625853879425,170.6820060792055,-65.70025454021693,29.618259058483265,35.0,0.12361143270133675,12.51289608679335
15.553306039000008,108.04208323299972,SAT_10081,19.39860981903297,187.86718023206046,98.9002986038779,170.65324477416493,-65.59109022432722,29.66656257921552,35.0,0.12315810812662902,12.481249921251173
15.553306039000008,108.14208323299971,SAT_10081,19.49901316009128,188.43194902551346,98.9129821279737,170.62669519483114,-65.4906868832689,29.71086840625734,35.0,0.12274139484543813,12.452118699849656
15.553306039000008,108.2420832329997,SAT_10081,19.59058709733054,188.94705242248432,98.92436330660034,170.6023993498496,-65.39911294602965,29.75117643985932,35.0,0.12236152024943216,12.42552851578993
15.553306039000008,108.3420832329997,SAT_10081,19.67326819845084,189.41213361628598,98.93448963558848,170.58039621368496,-65.31643184490935,29.7874865892807,35.0,0.12201869491517602,12.401503525589911
15.553306039000008,108.44208323299969,SAT_10081,19.74699833986081,189.82686566171705,98.9434024799842,170.5607215267993,-65.24270170349938,29.819798772787262,35.0,0.12171311161380644,12.380065837873529
15.553306039000008,108.54208323299969,SAT_10081,19.811724998245182,190.19095311512913,98.95113755705644,170.54340760865884,-65.177975045115,29.848112917649463,35.0,0.12144494439026732,12.361235409715357
15.653306039000007,107.34208323299976,SAT_10043,19.115968124746814,186.27732070170083,98.86331478200904,170.72519092087433,-65.87373191861337,29.539942334691077,35.0,0.12434684389524266,12.56413648853488
15.653306039000007,107.44208323299975,SAT_10043,18.97886506442147,185.50611598737075,98.84474462024733,170.76094982321067,-66.01083497893872,29.47882722518523,35.0,0.12491722270386342,12.603795158209417
15.653306039000007,107.54208323299974,SAT_10043,18.83328679665786,184.68723823120047,98.82452351403906,170.79873412694468,-66.15641324670233,29.41370114196704,35.0,0.12552329865191109,12.645856963072777
15.653306039000007,107.64208323299974,SAT_10081,18.958952262174336,185.39410647473065,98.84210523231452,170.7684196437133,-66.03074778118585,29.471190429305164,35.0,0.12498543463208303,12.608533132145643
15.653306039000007,107.74208323299973,SAT_10081,19.094045554359937,186.15400624327467,98.8604693296269,170.7332164837066,-65.89565448900025,29.531456873510127,35.0,0.12442351071732041,12.56947136808646
15.653306039000007,107.84208323299973,SAT_10081,19.220605007524085,186.86590316732298,98.8772811546056,170.70008738775567,-65.7690950358361,29.587727931096847,35.0,0.12389743834445655,12.532838140832824
15.653306039000007,107.94208323299972,SAT_10081,19.338548866082718,187.5293373717153,98.89261840923852,170.66908240694949,-65.65115117727747,29.64000347531872,35.0,0.12340749000641045,12.498664755640295
15.653306039000007,108.04208323299972,SAT_10081,19.44779935708091,188.14387138358015,98.90654986787341,170.64024920556176,-65.54190068627928,29.68828338844218,35.0,0.12295392463306104,12.466980944526645
15.653306039000007,108.14208323299971,SAT_10081,19.54828304710118,188.70909213994415,98.91913627581165,170.6136328336443,-65.44141699625901,29.732567561743984,35.0,0.12253698643841557,12.437814737920295
15.653306039000007,108.2420832329997,SAT_10081,19.639931188140082,189.22461293328797,98.93043111728909,170.58927550621036,-65.3497688552201,29.77285589550874,35.0,0.12215690381100132,12.411192340707487
15.653306039000007,108.3420832329997,SAT_10081,19.722680049241035,189.69007527698082,98.9404812713999,170.56721639113,-65.26701999411915,29.809148299026614,35.0,0.12181388825653812,12.387138013759243
15.653306039000007,108.44208323299969,SAT_10081,19.796471230688795,190.10515067262446,98.94932757120425,170.54749140785194,-65.19322881267139,29.84144469059124,35.0,0.1215081334018228,12.365673962008861
15.753306039000007,107.24208323299976,SAT_10043,19.2072176035645,186.7905990200503,98.87544186505787,170.70129717438635,-65.78248243979569,29.580499154285267,35.0,0.12396744971565606,12.537716969978934
15.753306039000007,107.34208323299976,SAT_10043,19.07886229454884,186.06860040683722,98.85834908438714,170.73488553011757,-65.91083774881135,29.523423107334374,35.0,0.1245011725637904,12.574874153464352
15.753306039000007,107.44208323299975,SAT_10043,18.941955352416272,185.29849885734154,98.83968563338982,170.77054759280375,-66.04774469094392,29.462337912721672,35.0,0.12507084377710462,12.614464167084723
15.753306039000007,107.54208323299974,SAT_10081,18.85453879797342,184.80678073860048,98.82762492219315,170.79551571490146,-66.13516124538677,29.42446898499989,35.0,0.12542001102406766,12.638694504461142
15.753306039000007,107.64208323299974,SAT_10081,18.998151872094155,185.61460428052962,98.84749641692501,170.75822178546866,-65.99154817126603,29.48869908008777,35.0,0.12482234278145576,12.59720312310369
15.753306039000007,107.74208323299973,SAT_10081,19.133313725598086,186.37488970648923,98.86574052213327,170.72295291029343,-65.8563863177621,29.548935889048312,35.0,0.12426024701480413,12.558109049502171
15.753306039000007,107.84208323299973,SAT_10081,19.259938696542093,187.08715516804926,98.88244392540683,170.6897614815707,-65.7297613468181,29.605179276164932,35.0,0.1237340095111386,12.521445131901181
15.753306039000007,107.94208323299972,SAT_10081,19.37794474929737,187.7509392147977,98.89768346116323,170.658697731406,-65.61175529406282,29.65742911473392,35.0,0.12324390364880637,12.48724277374193
15.753306039000007,108.04208323299972,SAT_10081,19.487253841108796,188.36580285623697,98.91152714652051,170.62980949871172,-65.50244620225139,29.705685287061527,35.0,0.12279018920563489,12.455531801395564
15.753306039000007,108.14208323299971,SAT_10081,19.587792280800898,188.93133157950507,98.92403506651594,170.60314200059796,-65.40190776255929,29.749947684461297,35.0,0.12237311120129071,12.426340335221328
15.753306039000007,108.2420832329997,SAT_10081,19.679491076430452,189.44713730492126,98.93526013086638,170.57873761036592,-65.31020896692974,29.79021620725154,35.0,0.1219928987829495,12.399694665032417
15.753306039000007,108.3420832329997,SAT_10081,19.76228626865101,189.9128602611619,98.9452487204753,170.5566356442412,-65.22741377470918,29.82649076475308,35.0,0.12164976416338681,12.37561913105767
15.753306039000007,108.44208323299969,SAT_10081,19.83611924657484,190.32817076198347,98.95404123864365,170.5368721589756,-65.15358079678535,29.858771275287154,35.0,0.12134390162047598,12.35413601147643
15.853306039000007,107.34208323299976,SAT_10043,19.032105662601595,185.805594352134,98.85204260636475,170.74708387771506,-65.9575943807586,29.502585125040024,35.0,0.1246956823784959,12.588399945705072
15.853306039000007,107.44208323299975,SAT_10043,18.895428049717765,185.03678277966242,98.8332573322956,170.78262883132797,-66.09427199364242,29.441530013981573,35.0,0.1252645352708558,12.627908641025174
15.853306039000007,107.54208323299974,SAT_10081,18.884059710234553,184.97283587006936,98.83177054491867,170.78786472390703,-66.10564033312563,29.437691062961555,35.0,0.12529711943464114,12.630169552745524
15.853306039000007,107.64208323299974,SAT_10081,19.027709037354526,185.78086333511922,98.85154000215269,170.75052328232445,-65.96199100600566,29.501889380858856,35.0,0.12469939043138067,12.58865771410869
15.853306039000007,107.74208323299973,SAT_10081,19.162906042940904,186.54134649154258,98.86969174739812,170.71520909749108,-65.82679400041928,29.562096388379118,35.0,0.12413723410864577,12.549544057198677
15.853306039000007,107.84208323299973,SAT_10081,19.28956486699684,187.25380237685724,98.88631170178624,170.6819746901532,-65.70013517636335,29.61831194985131,35.0,0.12361093687983117,12.512861499181637
15.853306039000007,107.94208323299972,SAT_10081,19.40760328162075,187.91776845911673,98.90147603068114,170.65087041740188,-65.58209676173944,29.67053593861425,35.0,0.12312077272712549,12.478641510224689
15.853306039000007,108.04208323299972,SAT_10081,19.516943058802582,188.53280470576453,98.91525216724423,170.62194423873893,-65.4727569845576,29.71876823701367,35.0,0.12266700200641657,12.44691398082594
15.853306039000007,108.14208323299971,SAT_10081,19.617510330366855,189.09849560831356,98.9276996873412,170.59524148663564,-65.37218971299333,29.763008736399552,35.0,0.12224987028641807,12.417707092470824
15.853306039000007,108.2420832329997,SAT_10081,19.7092359368462,189.61445214475987,98.93887105765016,170.57080464370415,-65.28046410651399,29.80325733712363,35.0,0.12186960723116344,12.391047192702308
15.853306039000007,108.3420832329997,SAT_10081,19.792055762038174,190.08031366146471,98.94881227490616,170.54867312862666,-65.19764428132201,29.83951394853711,35.0,0.12152642553501376,12.366958675697445
15.953306039000006,107.44208323299975,SAT_10081,18.884480339739127,184.9752019110326,98.83184815166413,170.78775565219814,-66.10521970362106,29.43787938705609,35.0,0.12529536854375234,12.630048069935256
15.953306039000006,107.54208323299974,SAT_10081,18.903951761600624,185.0847286590035,98.83455718165571,170.78270486313193,-66.08574828175956,29.446594939200068,35.0,0.1252143218981054,12.624424035929605
15.953306039000006,107.64208323299974,SAT_10081,19.047601973992357,185.89276110370702,98.85425439892461,170.74533750498574,-65.94209806936783,29.510761302761317,35.0,0.12461664998568842,12.582905217157725
15.953306039000006,107.74208323299973,SAT_10081,19.182800430403205,186.65325242101804,98.87234077048136,170.709998604579,-65.80689961295698,29.57093834271325,35.0,0.12405454531781063,12.54378480577342
15.953306039000006,107.84208323299973,SAT_10081,19.30946116430752,187.36571904922982,98.88890167107147,170.67674075283978,-65.68023887905267,29.62712592343001,35.0,0.12352829463962041,12.507095755003284
15.953306039000006,107.94208323299972,SAT_10081,19.427501844372657,188.0296978745962,98.90401278921478,170.6456143750977,-65.56219819898753,29.67932391829255,35.0,0.12303817225270207,12.472869569929685
15.953306039000006,108.04208323299972,SAT_10081,19.536844142922874,188.64474830394116,98.91774114196986,170.6166674966949,-65.45285590043731,29.727532209685737,35.0,0.12258443881834036,12.4411361746098
15.953306039000006,108.14208323299971,SAT_10081,19.637414096548326,189.21045429308435,98.9301459424672,170.58994551309092,-65.35228594681186,29.771750688995684,35.0,0.12216734019501346,12.411923782521598
15.953306039000006,108.2420832329997,SAT_10081,19.72914245563662,189.726426312956,98.9412793418304,170.565490966585,-65.26055758772357,29.81197925660725,35.0,0.12178710631927887,12.385258771426535
16.053306039000006,107.54208323299974,SAT_10081,18.914200419209664,185.14237735805435,98.83599773787654,170.78004504803772,-66.07549962415052,29.45118059423457,35.0,0.12517166674407182,12.621463503603309
16.053306039000006,107.64208323299974,SAT_10081,19.057815960351263,185.95021477697583,98.85565201400036,170.74267349130193,-65.93188408300892,29.51531482638609,35.0,0.12457417036395112,12.579951247729138
16.053306039000006,107.74208323299973,SAT_10081,19.19298198533498,186.71052366750928,98.87369955179895,170.70733058684357,-65.7967180580252,29.575461732708973,35.0,0.12401223012528689,12.540836973765328
16.053306039000006,107.84208323299973,SAT_10081,19.319612513282493,187.42282038721405,98.89022539457741,170.67406893696517,-65.6700875300777,29.63162117762213,35.0,0.1234861328086634,12.504153637925986
16.053306039000006,107.94208323299972,SAT_10081,19.43762519891439,188.08664174389344,98.90530494182087,170.64293897805464,-65.5520748444458,29.683793034548287,35.0,0.12299615274894952,12.469932748190484
16.053306039000006,108.04208323299972,SAT_10081,19.5469417011022,188.70154706869985,98.91900495855934,170.61398874612507,-65.44275834225799,29.731977185911106,35.0,0.12254255063854758,12.438204231405471
16.053306039000006,108.14208323299971,SAT_10081,19.647488043569993,189.26712024508123,98.93138443837803,170.58726364684446,-65.3422119997902,29.776173523132506,35.0,0.12212557236486402,12.408996303713387
16.053306039000006,108.2420832329997,SAT_10081,19.739194964516187,189.78297167540356,98.94249534154399,170.5628062321854,-65.250505078844,29.816381946630173,35.0,0.12174544789116738,12.3823353453976
16.153306039000007,107.24208323299976,SAT_10081,19.1621360092536,186.53701505205152,98.86963305168356,170.71541070302047,-65.82756403410659,29.561754060232637,35.0,0.12414043483864423,12.5497669564801
16.153306039000007,107.34208323299976,SAT_10081,19.025449462306312,185.76815322547301,98.85128289097787,170.75111209249232,-65.96425058105388,29.50088136354491,35.0,0.12470878918843699,12.589311062918018
16.153306039000007,107.44208323299975,SAT_10081,18.880331574015756,184.95186510383863,98.83130778774482,170.78883138235028,-66.10936846934443,29.436021815850246,35.0,0.12531263814768534,12.631246264696705
16.153306039000007,107.54208323299974,SAT_10081,18.914798176833287,185.14573974468723,98.83609905026567,170.7798898840464,-66.0749018665269,29.451448018032227,35.0,0.12516917893150048,12.621290821581212
16.153306039000007,107.64208323299974,SAT_10081,19.058343418696055,185.9531817301653,98.85573940031516,170.7425358939542,-65.93135662466413,29.5155499417716,35.0,0.12457197674321353,12.579798695738319
16.153306039000007,107.74208323299973,SAT_10081,19.193443061697607,186.71311722204905,98.873774390681,170.7072097421531,-65.79625698166258,29.57566654847153,35.0,0.1240103139153754,12.540703474065623
16.153306039000007,107.84208323299973,SAT_10081,19.320011202994124,187.42506301684196,98.8902889451665,170.67396398336564,-65.66968884036606,29.631797702595296,35.0,0.12348447696722344,12.504038082628488
16.153306039000007,107.94208323299972,SAT_10081,19.437965573046156,188.08855634838463,98.90535835945298,170.6428490077174,-65.55173447031403,29.68394327760703,35.0,0.12299473998034724,12.469834000223328
16.153306039000007,108.04208323299972,SAT_10081,19.547227903684842,188.70315695822723,98.91904930840325,170.61391280658376,-65.44247213967535,29.732103155968854,35.0,0.1225413634035498,12.438121125656897
16.153306039000007,108.2420832329997,SAT_10081,19.739385531117534,189.78404361253612,98.94252444876514,170.5627553282594,-65.25031451224265,29.81646539756519,35.0,0.12174465818919838,12.382279923359242
16.253306039000005,107.24208323299976,SAT_10081,19.145337288463452,186.44252224760692,98.86741627257074,170.71980750326955,-65.84436275489674,29.554284294939357,35.0,0.12421026375047615,12.554629282816054
16.253306039000005,107.34208323299976,SAT_10081,19.008778344162096,185.6743781859118,98.84903124601117,170.7554549048713,-65.98092169919809,29.493442433439004,35.0,0.1247781364746338,12.594131091291166
16.253306039000005,107.44208323299975,SAT_10081,18.863794891118573,184.858846262542,98.82901774832239,170.79311763475312,-66.12590515224161,29.42861574062238,35.0,0.12538147716960393,12.636021780941272
16.253306039000005,107.54208323299974,SAT_10081,18.905744596274374,185.09481335404337,98.83486196998713,170.78223964002459,-66.08395544708581,29.447397210007956,35.0,0.1252068599173719,12.6239061571518
16.253306039000005,107.64208323299974,SAT_10081,19.049183957357144,185.90165976013395,98.85451733598894,170.7449249534361,-65.94051608600304,29.5114666484035,35.0,0.12461007042473415,12.582447710545695
16.253306039000005,107.74208323299973,SAT_10081,19.184183312929434,186.66103113522806,98.8725660006221,170.70963628345118,-65.80551673043075,29.571552789552896,35.0,0.12404879783857689,12.543384438693895
16.253306039000005,107.84208323299973,SAT_10081,19.31065693033156,187.37244523311503,98.88909297918049,170.67642607840844,-65.67904311302863,29.627655497963403,35.0,0.12352332812078755,12.506749204462805
16.253306039000005,107.94208323299972,SAT_10081,19.428522705216437,188.03544021684246,98.90417364796612,170.64534462499918,-65.56117733814375,29.679774647140196,35.0,0.12303393481387911,12.472573425470888
16.353306039000003,107.04208323299977,SAT_10081,19.366047941840833,187.6840196728547,98.8962295527264,170.66183520400097,-65.62365210151935,29.652168783367625,35.0,0.12329330005308312,12.490692380832929
16.353306039000003,107.14208323299977,SAT_10081,19.246736845697285,187.01289475704723,98.88079874290786,170.69322881118626,-65.7429631976629,29.59932392867717,35.0,0.12378885858270168,12.525269456571115
16.353306039000003,107.24208323299976,SAT_10081,19.118841367237195,186.29348269070923,98.86389876582977,170.72673719388789,-65.87085867612299,29.542496008086825,35.0,0.12432041430863618,12.5622970760133
16.353306039000003,107.34208323299976,SAT_10081,18.982443908124054,185.5262469831978,98.84545177938577,170.76230990382612,-66.00725613523613,29.48168514973729,35.0,0.12488769258904456,12.601743688558251
16.353306039000003,107.44208323299975,SAT_10081,18.83763041883749,184.71167110596087,98.82536998754237,170.79989438118815,-66.1520696245227,29.41689149076723,35.0,0.12549040662837296,12.643576327473394
16.353306039000003,107.54208323299974,SAT_10081,18.887046309785717,184.9896354925447,98.83228137302734,170.78709024673435,-66.10265373357447,29.439028179024398,35.0,0.1252846876490136,12.629306978215508
16.353306039000003,107.64208323299974,SAT_10081,19.03034437291106,185.7956870976247,98.85198083371303,170.74983649665558,-65.95935567044913,29.503064955214644,35.0,0.12468842882709158,12.587895700181097
16.353306039000003,107.74208323299973,SAT_10081,19.165209693890077,186.5543045281317,98.87006951783438,170.71460593750902,-65.82449034947011,29.563120464951766,35.0,0.12412765880546273,12.548877218107387
16.353306039000003,107.84208323299973,SAT_10081,19.291556801714663,187.265007009645,98.88663274426703,170.681450852891,-65.69814324164552,29.619194572786597,35.0,0.12360266269468087,12.512284298846437
16.353306039000003,112.04208323299949,SAT_10081,19.646204739541346,189.25990165992008,98.93125008721667,170.58760533785608,-65.34349530381884,29.775610170896865,35.0,0.12213089297691392,12.409369243882725
16.453306039000005,106.74208323299979,SAT_10081,19.63472936648911,189.19535268650122,98.92985552484895,170.59066007768428,-65.35497067687108,29.770571794533932,35.0,0.12217847179776539,12.412703921922976
16.453306039000005,106.94208323299978,SAT_10081,19.440002606750824,188.10001466297336,98.9056469307112,170.6423105408702,-65.54969743660936,29.6848424078388,35.0,0.12298628505107397,12.469243018526885
16.453306039000005,107.04208323299977,SAT_10081,19.329516567050803,187.47853068966074,98.89155048828177,170.67146130093084,-65.66018347630938,29.636005783905393,35.0,0.12344500023312373,12.501282959050807
16.453306039000005,107.14208323299977,SAT_10081,19.210379000279772,186.80838187657375,98.87604649760536,170.7027696195167,-65.77932104308042,29.583188016743986,35.0,0.12393993219397546,12.535799508113744
16.453306039000005,107.24208323299976,SAT_10081,19.08266799676794,186.09000748181967,98.85906547571986,170.73618764412774,-65.90703204659225,29.526389225462736,35.0,0.1244708209115276,12.572762807015717
16.453306039000005,107.34208323299976,SAT_10081,18.94646554668354,185.32386870009492,98.84052896017204,170.77166518717382,-66.04323449667665,29.465609538162006,35.0,0.12503739307255268,12.612141454592273
16.453306039000005,107.44208323299975,SAT_10081,18.801857177079654,184.51044662107307,98.82034844573815,170.80914995665705,-66.18784286628053,29.400849091937275,35.0,0.12563936325504288,12.653902638305718
16.453306039000005,107.54208323299974,SAT_10081,18.858716983484214,184.83028303209872,98.82834609782746,170.79443332026716,-66.13098305987597,29.426340943392177,35.0,0.12540261668015965,12.637488066320834
16.453306039000005,107.64208323299974,SAT_10081,19.00183861237224,185.63534219459385,98.84811908070506,170.7572619611747,-65.98786143098795,29.490344880585344,35.0,0.12480700560572627,12.59613734479287
16.453306039000005,107.74208323299973,SAT_10081,19.136536421862886,186.3930173729787,98.86627444327533,170.72210996995037,-65.8531636214973,29.55036959311378,35.0,0.12424684960959193,12.557176395051114
16.453306039000005,111.54208323299952,SAT_10043,19.374035955775213,187.72895225123557,98.89717252878319,170.6574196786196,-65.61566408758497,29.654397133240447,35.0,0.12327432355658251,12.489367218649246
16.453306039000005,111.7420832329995,SAT_10081,19.33156432618594,187.4900493347959,98.89181419215366,170.67092203500653,-65.65813571717425,29.6369122032783,35.0,0.1234364959404471,12.500689389505567
16.553306039000006,106.74208323299979,SAT_10081,19.58795823307912,188.93226506107004,98.92412150907226,170.6030979050594,-65.40174181028107,29.75002064875959,35.0,0.12237242294203454,12.426292131039215
16.553306039000006,106.84208323299978,SAT_10081,19.495154261675523,188.41024272192485,98.91259412480824,170.62771731476235,-65.49454578168466,29.70916770748234,35.0,0.1227574067029633,12.45323876770169
16.553306039000006,106.94208323299978,SAT_10081,19.39356979913761,187.83883012014905,98.8997662541336,170.6545750612496,-65.59613024422258,29.664335464605557,35.0,0.12317903200351513,12.482711615575017
16.553306039000006,107.04208323299977,SAT_10081,19.28327364494629,187.21841425282287,98.88558323092941,170.6836289124554,-65.7064263984139,29.61552402122939,35.0,0.12363707019706803,12.514684436990835
16.553306039000006,107.14208323299977,SAT_10081,19.16433917547991,186.5494078620745,98.86998301434963,170.71483386913536,-65.82536086788028,29.562733487438177,35.0,0.12413127716907574,12.549129209014026
16.553306039000006,107.24208323299976,SAT_10081,19.036844001863116,185.83224751048004,98.85289540158522,170.74814238318743,-65.95285604149707,29.505963982302926,35.0,0.12466139443675765,12.586016246175813
16.553306039000006,107.34208323299976,SAT_10081,18.900869617440605,185.0673915981034,98.83424110684749,170.78350458214067,-66.08883042591958,29.445215633884025,35.0,0.1252271502899618,12.625314327372985
16.553306039000006,107.44208323299975,SAT_10043,18.88845145057897,184.99753940950671,98.83241842199901,170.78443869547613,-66.10124859278122,29.438407837077293,35.0,0.12529358256365014,12.629924151818736
16.553306039000006,107.54208323299974,SAT_10043,18.884318499207893,184.9742915580444,98.83184296153821,170.78551065698196,-66.1053815441523,29.4365579940341,35.0,0.1253107907249838,12.631118090479466
16.553306039000006,107.64208323299974,SAT_10081,18.963687695838416,185.42074328909112,98.84291530790865,170.76718844479325,-66.02601234752177,29.47330645234387,35.0,0.12496573089770198,12.607164624174697
16.653306039000004,106.6420832329998,SAT_10081,19.615225312187363,189.08564238105393,98.9274821493558,170.59584924684617,-65.37447473117282,29.762004836976793,35.0,0.12225934557558962,12.418370975727843
16.653306039000004,106.74208323299979,SAT_10081,19.531434569057595,188.61431945094895,98.91713113730698,170.61810219876463,-65.45826547430259,29.72515041316315,35.0,0.12260688053467897,12.442706808166436
16.653306039000004,106.84208323299978,SAT_10081,19.438816010225338,188.09334005751754,98.9055176324165,170.6426242088946,-65.55088403313485,29.68431865952954,35.0,0.12299121013757028,12.469587273632222
16.653306039000004,106.94208323299978,SAT_10081,19.337433054099236,187.5230609293082,98.89259307285448,170.66937632584109,-65.65226698926095,29.63950966816579,35.0,0.12341212376492876,12.49898820782072
16.653306039000004,107.04208323299977,SAT_10081,19.22735399313413,186.9038662113795,98.87830210431014,170.6983166406714,-65.76234605022606,29.590723540140825,35.0,0.12386939438557076,12.530883555309908
16.653306039000004,107.14208323299977,SAT_10081,19.108651668741658,186.2361656366718,98.86258189631208,170.72940049465382,-65.88104837461853,29.537960385504952,35.0,0.12436277959606014,12.565245485873607
16.653306039000004,107.24208323299976,SAT_10043,19.021378427638993,185.74525365546933,98.85071846891034,170.74987972601724,-65.9683216157212,29.497800827211247,35.0,0.12474031478299089,12.591502402132214
16.653306039000004,107.34208323299976,SAT_10043,19.0348689605741,185.82113790322933,98.85254973261972,170.74636350894875,-65.95483108278609,29.503817331761603,35.0,0.12468418562660101,12.587600719972352
16.653306039000004,107.44208323299975,SAT_10043,19.039542491749515,185.84742651609102,98.85318311825263,170.74514500154012,-65.95015755161067,29.505901150228958,35.0,0.12466474168603253,12.586248958613485
16.753306039,106.6420832329998,SAT_10081,19.54880284967186,188.71201602940423,98.91929751769526,170.6134949048641,-65.44089719368833,29.73279634042133,35.0,0.12253483019295272,12.437663799052602
16.753306039,106.74208323299979,SAT_10081,19.46520173592262,188.24175976456473,98.90885475068598,170.63564628001274,-65.52449830743757,29.695961142136852,35.0,0.12288170085203297,12.461931468709652
16.753306039,106.84208323299978,SAT_10081,19.37279139133892,187.72195157628144,98.8971374648725,170.66005695434242,-65.61690865202127,29.65515068891639,35.0,0.12326530038455162,12.488737086210689
16.753306039,106.94208323299978,SAT_10081,19.27163469308981,187.15294514863018,98.88409637331873,170.6866883219035,-65.71806535027038,29.61036507282158,35.0,0.12368541989009668,12.518056681298372
16.753306039,107.04208323299977,SAT_10081,19.161799356482916,186.53512138021642,98.86967528678571,170.71549884170804,-65.82790068687727,29.56160439489039,35.0,0.1241418341770466,12.54986440588258
16.753306039,107.14208323299977,SAT_10043,19.140905660466785,186.41759434012567,98.86680754820074,170.7186685083227,-65.8487943828934,29.5510355230848,35.0,0.12424314159325285,12.556918256062241
16.753306039,107.24208323299976,SAT_10043,19.163273206306073,186.54341178547165,98.86977788777803,170.71281348077574,-65.82642683705411,29.560979449075074,35.0,0.12415013793399354,12.550442667419464
16.753306039,107.34208323299976,SAT_10043,19.176805627766726,186.61953165618783,98.87156931476234,170.70926897031782,-65.81289441559346,29.566992778207698,35.0,0.12409387572023602,12.54652434776309
16.853306039000003,106.6420832329998,SAT_10081,19.47270124117007,188.28394448158167,98.90980743577876,170.63366180318891,-65.51699880219012,29.699268770533294,35.0,0.12285057826854485,12.459755191265947
16.853306039000003,106.74208323299979,SAT_10081,19.38931001995377,187.81486886223996,98.89925662754457,170.65569922616152,-65.60039002340642,29.66245289952285,35.0,0.12319671710733877,12.483946979660418
16.853306039000003,106.84208323299978,SAT_10081,19.297130120827077,187.29635692965235,98.88741712509066,170.67998499381585,-65.69256992253311,29.621663859442382,35.0,0.12357951245654988,12.510669275703084
16.853306039000003,106.94208323299978,SAT_10043,19.202123689011927,186.7619457506921,98.87492344047173,170.70263301232995,-65.78757635434826,29.578237613514595,35.0,0.1239886242990551,12.539192331233851
16.853306039000003,107.04208323299977,SAT_10043,19.242224714376903,186.9875140183701,98.88018338879871,170.6921104562606,-65.74747532898328,29.596033205501534,35.0,0.12382194596432342,12.527576132259894
16.853306039000003,107.14208323299977,SAT_10043,19.273502042612023,187.16344898969263,98.88426060329117,170.68389308211732,-65.71619800074816,29.609900340975276,35.0,0.12369196714927004,12.518513292456847
16.853306039000003,107.24208323299976,SAT_10043,19.29593423180397,187.28963005389735,98.88717122522979,170.6779940632274,-65.69376581155622,29.6198389885349,35.0,0.12359875904060326,12.512011977823109
16.953306039000005,106.6420832329998,SAT_10080,19.39157223863434,187.82759384231815,98.89953079296708,170.65445802219568,-65.59812780472585,29.663088432965864,35.0,0.12319127645176937,12.483566939044259
16.953306039000005,106.74208323299979,SAT_10080,19.333097827628563,187.49867528041068,98.8920457503203,170.66987469234945,-65.65660221573162,29.637228537667294,35.0,0.12343409721243903,12.500521963837038
16.953306039000005,106.84208323299978,SAT_10043,19.27618139760962,187.17852036155412,98.88462158252727,170.6831887305128,-65.71351864575057,29.611087740410483,35.0,0.12368083357257285,12.517736822075685
16.953306039000005,106.94208323299978,SAT_10043,19.32520802944947,187.4542951656533,98.89096464113709,170.6702889865639,-65.66449201391072,29.63280015105617,35.0,0.12347713977523311,12.503526038627761
16.953306039000005,107.04208323299977,SAT_10043,19.365415531770296,187.68046236620793,98.89612683643537,170.65969330338118,-65.62428451158989,29.650586242715136,35.0,0.12331012637234849,12.491867324551503
16.953306039000005,107.14208323299977,SAT_10043,19.396776215520248,187.8568662123014,98.9001285372685,170.65141869792396,-65.59292382783994,29.664445975106027,35.0,0.12317988525616982,12.482771219765825
17.053306039000002,106.4420832329998,SAT_10080,19.58570392509627,188.9195845786665,98.9238605583185,170.60305018548286,-65.40399611826392,29.748659113869255,35.0,0.12238566253004526,12.427219384120265
17.053306039000002,106.5420832329998,SAT_10080,19.544800859024406,188.6895048320123,98.91880294074984,170.613910590356,-65.44489918433578,29.73066581027255,35.0,0.12255533444161187,12.43909906981072
17.053306039000002,106.6420832329998,SAT_10080,19.495031563518367,188.4095525447908,98.91260172996947,170.62710427520219,-65.49466847984182,29.70874612414927,35.0,0.12276183452542257,12.453548494263485
17.053306039000002,106.74208323299979,SAT_10080,19.43643070938026,188.07992274026398,98.90523268911303,170.64260991590953,-65.55326933397993,29.682900105147972,35.0,0.12300504783116105,12.470554475387214
17.053306039000002,106.84208323299978,SAT_10043,19.38975219392026,187.81735609080147,98.89924517356835,170.65327278974388,-65.59994784943993,29.661342719530566,35.0,0.12320905419444239,12.48480872503217
17.053306039000002,106.94208323299978,SAT_10043,19.43889745109135,188.09379816238885,98.9054799809002,170.6402906878907,-65.55080259226884,29.683043472769256,35.0,0.12300498934898789,12.47055038779839
17.053306039000002,107.04208323299977,SAT_10043,19.47920269678309,188.3205151694049,98.91055445306948,170.62962717258827,-65.5104973465771,29.700820015073134,35.0,0.12283767021856858,12.458852518843388
17.153306039,106.4420832329998,SAT_10080,19.679794822642577,189.4488458773645,98.93537076367001,170.57800874198534,-65.30990522071761,29.78997611513145,35.0,0.1219955002952944,12.399877093568422
17.153306039,106.5420832329998,SAT_10080,19.638812129959163,189.2183182310203,98.9303831847291,170.58892601272657,-65.35088791340102,29.771992521426657,35.0,0.12216541713058075,12.411789004970528
17.153306039,106.6420832329998,SAT_10080,19.5889464258441,188.93782364537304,98.92426822039026,170.602188588626,-65.40075361751609,29.75008466403701,35.0,0.12237221374316652,12.42627747918394
17.153306039,106.74208323299979,SAT_10080,19.530232724340223,188.60755907441379,98.91700219915006,170.61777492385534,-65.45946731901996,29.724252592591263,35.0,0.12261577411523647,12.44332921364065
17.153306039,106.84208323299978,SAT_10043,19.49385658654471,188.402943299314,98.91240034813701,170.62574650102744,-65.49584345681548,29.707278432761566,35.0,0.12277684638581043,12.454598542163797
17.153306039,106.94208323299978,SAT_10043,19.543109417164416,188.67999047154984,98.91853843091639,170.61268875593854,-65.44659062619577,29.72896746877194,35.0,0.12257244754061654,12.440296891488565
17.153306039,107.34208323299976,SAT_10043,19.651278591746774,189.2884420785756,98.93184142489282,170.58393257096452,-65.33842145161341,29.776502334107864,35.0,0.12212373450521517,12.408867480251534
17.253306039,106.24208323299982,SAT_10080,19.81955003585672,190.23496895169407,98.95213080250271,170.54066211412015,-65.17015000750347,29.85115487709185,35.0,0.12141634793001213,12.359226422545156
17.253306039,106.34208323299981,SAT_10080,19.796374543498032,190.10460680717645,98.9493793778602,170.5468678856015,-65.19332549986215,29.8410254241846,35.0,0.12151235806861146,12.365970680376652
17.253306039,106.4420832329998,SAT_10080,19.764249063739285,189.92390098353349,98.9455479545589,170.55546191893785,-65.2254509796209,29.826973764699257,35.0,0.12164546562635808,12.375317359755956
17.253306039,106.5420832329998,SAT_10080,19.72319663242712,189.69298105740256,98.94062212351957,170.56643002234046,-65.26650341093307,29.80899993046992,35.0,0.12181559439039098,12.38725772467215
17.253306039,106.6420832329998,SAT_10080,19.673246504373253,189.41201158709956,98.93458319184394,170.57975417858106,-65.31645353898693,29.787103962217724,35.0,0.12202264753118611,12.40178067509242
17.253306039,106.74208323299979,SAT_10080,19.61443400154883,189.08119125871218,98.92740798360418,170.59541264268466,-65.37526604181136,29.76128590955174,35.0,0.12226650807624004,12.418872800602198
17.253306039,106.84208323299978,SAT_10043,19.588417927598016,188.93485084273883,98.92414829071838,170.6006569245922,-65.40128211576217,29.74889477965016,35.0,0.12238446486984683,12.42713550595029
17.353306039000003,106.14208323299982,SAT_10080,19.908613198172205,190.73594923971868,98.96261152229245,170.5167665762002,-65.08108684518798,29.89002373334082,35.0,0.12104749440834824,12.333296507920243
17.353306039000003,106.24208323299982,SAT_10080,19.89438357625923,190.65590761645817,98.96094807939309,170.5205893622374,-65.09531646710096,29.88381989748123,35.0,0.1211064141397287,12.337440588205066
17.353306039000003,106.34208323299981,SAT_10080,19.871174209419905,190.52535492798694,98.95822658302545,170.52682047559927,-65.11852583394028,29.873695972610548,35.0,0.12120252555714134,12.34419880539443
17.353306039000003,106.4420832329998,SAT_10080,19.83900192358486,190.34438582016486,98.95443694472607,170.5354495435322,-65.15069811977533,29.859651981667483,35.0,0.12133577304113574,12.353564784869475
17.353306039000003,106.5420832329998,SAT_10080,19.79788993284012,190.1131308722257,98.94956502074201,170.54646225871736,-65.19181011052007,29.84168795647359,35.0,0.12150607982994616,12.365529728446365
17.353306039000003,106.6420832329998,SAT_10080,19.74786771751411,189.83175591101687,98.94359246375066,170.559840457811,-65.24183232584608,29.819803937733973,35.0,0.1217133483984576,12.380082457370602
17.353306039000003,106.74208323299979,SAT_10080,19.68897087060749,189.50046114716716,98.93649652840365,170.57556222032127,-65.3007291727527,29.793999975038158,35.0,0.12195746093656291,12.39720946653302
17.453306039,106.04208323299983,SAT_10080,19.9789361949677,191.13151609669333,98.97077895940309,170.49784634672824,-65.01076384839249,29.920648257897433,35.0,0.12075637947678951,12.312809380084886
17.453306039,106.14208323299982,SAT_10080,19.97369033598504,191.10200813991585,98.97017321131567,170.49925933982632,-65.01600970737515,29.918365778404254,35.0,0.1207780918044737,12.314338054148601
17.453306039,106.24208323299982,SAT_10080,19.959443540850103,191.0218699172818,98.96852550373202,170.50309546227174,-65.03025650251008,29.912165347173605,35.0,0.12083706167107186,12.318489325740883
17.453306039,106.34208323299981,SAT_10080,19.93620622698863,190.89116002681106,98.96582979695464,170.5093482886482,-65.05349381637156,29.90204697825636,35.0,0.1209332546654314,12.325259251314288
17.453306039,106.4420832329998,SAT_10080,19.903995331576795,190.7099737401195,98.96207616453103,170.51800737396195,-65.0857047117834,29.888010694582263,35.0,0.12106661482711469,12.33464141757659
17.453306039,106.5420832329998,SAT_10080,19.862834221748003,190.4784424973325,98.9572506905209,170.52905831153896,-65.12686582161218,29.87005652796042,35.0,0.12123706492467207,12.346626973108972
17.453306039,106.6420832329998,SAT_10080,19.812752571466476,190.19673321449895,98.9513353242916,170.54248281238085,-65.17694747189371,29.848184519080004,35.0,0.12144450683779956,12.361204671755072
17.553306039,105.94208323299983,SAT_10080,20.030427118749074,191.42115254296357,98.9766999155939,170.4839632767954,-64.95927292461111,29.943034818724836,35.0,0.12054329449861433,12.297801172041934
17.553306039,106.04208323299983,SAT_10080,20.034189592434245,191.44231645744264,98.97713040712352,170.4829478505006,-64.95551045092594,29.94466939359817,35.0,0.12052772661168532,12.296704267411815
17.553306039,106.14208323299982,SAT_10080,20.0289387736357,191.41278060170083,98.97652955115076,170.4843649183535,-64.96076126972449,29.942388173698376,35.0,0.12054945287344003,12.298235072195927
17.553306039,106.24208323299982,SAT_10080,20.01467852557758,191.33256670637388,98.9748951630057,170.48821209661213,-64.97502151778261,29.936191164195755,35.0,0.1206084605296501,12.302392124836578
17.553306039,106.34208323299981,SAT_10080,19.99141932258412,191.2017336895357,98.97222128606235,170.4944829228321,-64.99828072077607,29.926078379135724,35.0,0.12070471499560859,12.309171462084082
17.553306039,106.4420832329998,SAT_10080,19.959178194163584,191.02037734217018,98.96849813067405,170.50316689194398,-65.0305218491966,29.91204984143911,35.0,0.12083816002901097,12.31856663866273
17.553306039,106.5420832329998,SAT_10080,19.917978634472973,190.7886298189105,98.9637119732614,170.51424951465097,-65.07172140888721,29.894105582902675,35.0,0.12100871801015876,12.330568759128768
17.653306039,105.84208323299984,SAT_10080,20.06302204898354,191.60449902553242,98.9804227447208,170.47516202718396,-64.92667799437665,29.9571898669427,35.0,0.12040843803457446,12.288297396100814
17.653306039,105.94208323299983,SAT_10080,20.0758037059165,191.67639584578032,98.98187630690953,170.47170799285277,-64.91389633744369,29.96273715289829,35.0,0.12035556252815259,12.284569934961048
17.653306039,106.04208323299983,SAT_10080,20.079568733389607,191.69757412531652,98.98230390554306,170.47069026056374,-64.91013130997058,29.96437082072027,35.0,0.12033998797131765,12.283471882155778
17.653306039,106.14208323299982,SAT_10080,20.074314350970425,191.66801822420865,98.98170708759886,170.47211054637398,-64.91538569238976,29.962090866705367,35.0,0.12036172354023747,12.285004289180913
17.653306039,106.24208323299982,SAT_10080,20.060044438469433,191.5877499663906,98.98008369350384,170.4759664557168,-64.92965560489075,29.955897296021888,35.0,0.12042075643038028,12.28916568876547
17.653306039,106.34208323299981,SAT_10080,20.03676951513745,191.45682852264815,98.97742783513162,170.48225149682995,-64.95293052822274,29.945790122709827,35.0,0.12051705192072772,12.29595210218189
17.653306039,106.4420832329998,SAT_10080,20.004506683384633,191.27535009403857,98.97372983564149,170.49095511708015,-64.98519335997555,29.931769369681177,35.0,0.12065055354759255,12.30535705902899
17.753306039,105.74208323299985,SAT_10080,20.076685852933394,191.68135792275032,98.98197842204613,170.47146954993116,-64.9130141904268,29.963119936758382,35.0,0.12035191337597238,12.284312663878044
17.753306039,105.84208323299984,SAT_10080,20.098483576609226,191.8039701184269,98.98444981712653,170.4655753179385,-64.89121646675096,29.972575549261293,35.0,0.12026174900858398,12.277954949065188
17.753306039,105.94208323299983,SAT_10080,20.111270449014214,191.87589627570497,98.98589555358312,170.46211557641922,-64.87842959434597,29.978119739930122,35.0,0.12020886229234926,12.274224895564522
17.753306039,106.04208323299983,SAT_10080,20.115037015080887,191.89708320983,98.98632085192624,170.46109616163824,-64.8746630282793,29.979752496194752,35.0,0.12019328442628494,12.273126078409526
17.753306039,106.14208323299982,SAT_10080,20.109780485725906,191.86751523220826,98.98572724482658,170.46251879532403,-64.87991955763428,29.97747381435333,35.0,0.12021502461258007,12.274659552050997
17.753306039,106.24208323299982,SAT_10080,20.09550475283075,191.78721423467297,98.98411259268491,170.46638107499626,-64.89419529052944,29.971283699572187,35.0,0.12027407001039442,12.278823845094962
17.753306039,106.34208323299981,SAT_10080,20.072220368340666,191.65623957191625,98.98147106189215,170.47267648746077,-64.91747967501952,29.96118216588593,35.0,0.12037038580032008,12.28561496764436
17.753306039,106.4420832329998,SAT_10080,20.039944487719424,191.47468774342175,98.97779306538743,170.48139444531296,-64.94975555564076,29.94716923619778,35.0,0.12050391535887141,12.295026431166715
17.853306039,105.74208323299985,SAT_10080,20.102209285324946,191.8249272299528,98.98487296452136,170.4645674137759,-64.88749075803524,29.974191158697124,35.0,0.12024633902929328,12.276868163927157
17.853306039,105.84208323299984,SAT_10080,20.124009945855477,191.94755594543705,98.9873343239771,170.4586671105513,-64.86569009750471,29.98364146610547,35.0,0.1201561752450035,12.270508277813889
17.853306039,105.94208323299983,SAT_10080,20.136798551861418,192.0194918542205,98.98877419960233,170.45520380155327,-64.85290149149877,29.989182546193987,35.0,0.12010328883631287,12.266776947303175
17.853306039,106.04208323299983,SAT_10080,20.140565630111013,192.04068166937444,98.98919777522997,170.45418333506973,-64.84913441324917,29.990814386397346,35.0,0.1200877110559705,12.265677753520816
17.853306039,106.14208323299982,SAT_10080,20.135308386157604,192.0111096721365,98.98860657277255,170.45560743637967,-64.85439165720258,29.988536983015102,35.0,0.12010945112202226,12.267211752716001
17.853306039,106.24208323299982,SAT_10080,20.121030719365493,191.93079779643088,98.98699846765037,170.45947369804935,-64.8686693239947,29.982350341211614,35.0,0.12016849617150219,12.271377470985454
17.853306039,106.34208323299981,SAT_10080,20.097743201947395,191.7998055109541,98.98436766724943,170.46577559346963,-64.89195684141279,29.972254475016157,35.0,0.12026481132504332,12.278170911634277
17.853306039,106.4420832329998,SAT_10080,20.065463022254136,191.61822950017952,98.98070465202242,170.47450251347203,-64.92423702110605,29.958249407323226,35.0,0.12039833986177023,12.287585575095468
17.953306038999997,105.64208323299985,SAT_10080,20.086990410651907,191.73932105991696,98.98315137779822,170.46868369846834,-64.90270963270828,29.967590640202157,35.0,0.12030928812541264,12.281307286316691
17.953306038999997,105.74208323299985,SAT_10080,20.117782720151226,191.91252780085063,98.98663353906944,170.46035295632993,-64.87191732320896,29.980942617043148,35.0,0.12018192886955349,12.27232505505263
17.953306038999997,105.84208323299984,SAT_10080,20.13958034725674,192.03513945331918,98.98908816300896,170.4544502520567,-64.85011969610345,29.99038759328566,35.0,0.12009178540761394,12.265965251924813
17.953306038999997,105.94208323299983,SAT_10080,20.152367179068264,192.10706538225898,98.99052410524504,170.45098553219117,-64.83733286429192,29.995925547507323,35.0,0.12003891090254276,12.262233968705534
17.953306038999997,106.04208323299983,SAT_10080,20.156133735444158,192.1282522618734,98.99094652472772,170.44996464978,-64.83356630791603,29.99755646714755,35.0,0.12002333662608307,12.261134788657507
17.953306038999997,106.14208323299982,SAT_10080,20.150877219898348,192.09868436192824,98.9903569360714,170.4513893315065,-64.83882282346184,29.995280348507297,35.0,0.12004507180188499,12.262668768660745
17.953306038999997,106.24208323299982,SAT_10080,20.136601534640917,192.01838363235515,98.98875322488546,170.4552571679773,-64.85309850871927,29.989097196748972,35.0,0.12010410355916262,12.266834433931788
17.953306038999997,106.34208323299981,SAT_10080,20.113317259594453,191.88740958521882,98.98612962636825,170.46156162727354,-64.87638278376573,29.979007025896546,35.0,0.12020039699735283,12.273627785391389
17.953306038999997,106.4420832329998,SAT_10080,20.081041595618544,191.70585897535432,98.98247666677977,170.47029209161389,-64.90865844774164,29.965009858835863,35.0,0.12033389536113799,12.28304231960247
18.053306039,105.64208323299985,SAT_10080,20.0926138835282,191.77095309484616,98.98379030782765,170.46716296036377,-64.89708615983199,29.970029893493166,35.0,0.12028602740921632,12.279667065552163
18.053306039,105.74208323299985,SAT_10080,20.123393442493352,191.9440881140251,98.987267522392,170.45883402787183,-64.86630660086684,29.98337429703818,35.0,0.12015872484736463,12.270688145185819
18.053306039,105.84208323299984,SAT_10080,20.14518204281832,192.06664899085305,98.98971866929683,170.45293260791686,-64.84451800054187,29.99281391605546,35.0,0.12006862151601792,12.26433068716446
18.053306039,105.94208323299983,SAT_10080,20.15796357907341,192.13854513228796,98.99115258130671,170.4494686427228,-64.83173646428678,29.998348729130676,35.0,0.12001577055118087,12.260600780143468
18.053306039,106.04208323299983,SAT_10080,20.161728575519177,192.15972323729537,98.99157440408281,170.4484479827909,-64.82797146784101,29.999978723707958,35.0,0.12000020320871571,12.25950200554935
18.053306039,106.14208323299982,SAT_10080,20.15647423696886,192.13016758294984,98.99098564834237,170.44987235405327,-64.83322580639133,29.997703896089654,35.0,0.12002192870758395,12.261035419720129
18.053306039,106.24208323299982,SAT_10080,20.142204463819652,192.04990010898555,98.98938420513575,170.45373934816465,-64.84749557954054,29.991524251436232,35.0,0.12008093418354157,12.265199548628583
18.053306039,106.34208323299981,SAT_10080,20.118929831081886,191.91898029983562,98.98676432451514,170.4600424360466,-64.8707702122783,29.981439803766396,35.0,0.12017718475374474,12.27199039524436
18.153306039,105.54208323299986,SAT_10080,20.048557974092958,191.5231386042729,98.97878547163035,170.47906884223448,-64.94114206926723,29.950910079093934,35.0,0.12046827790994391,12.292515028216734
18.153306039,105.64208323299985,SAT_10080,20.088278503478122,191.74656658206445,98.98330091552775,170.46833539003723,-64.90142153988207,29.968149399940348,35.0,0.12030396004411943,12.280931589741064
18.153306039,105.74208323299985,SAT_10080,20.11903686316066,191.9195823552787,98.98677778915817,170.4600134620727,-64.87066318019953,29.98148619336677,35.0,0.12017674210186173,12.27195916939173
18.153306039,105.84208323299984,SAT_10080,20.140810441523243,192.04205873356824,98.9892286978988,170.4541170132681,-64.84888960183694,29.990920429111206,35.0,0.12008669871279183,12.265606318967262
18.153306039,105.94208323299983,SAT_10080,20.153583159791637,192.11390527382798,98.99066247141157,170.45065596914247,-64.83611688356855,29.9964520857673,35.0,0.12003388292680428,12.261879117266574
18.153306039,106.04208323299983,SAT_10080,20.157345557936097,192.13506876339054,98.9910842535613,170.44963617034983,-64.83235448542409,29.99808115078386,35.0,0.1200183259490322,12.260781139909083
18.153306039,106.14208323299982,SAT_10080,20.1520948454083,192.1055335054217,98.99049555453938,170.45105933991434,-64.83760519795189,29.99580762046462,35.0,0.12004003698346367,12.262313441518712
18.153306039,106.24208323299982,SAT_10080,20.137834916134068,192.0253214032541,98.98889426613043,170.45492307354752,-64.85186512722612,29.989631499968123,35.0,0.12009900318674749,12.266474550459973
18.253306038999998,105.34208323299987,SAT_10080,19.928201936498283,190.84613589280286,98.96492877329997,170.5115009509912,-65.0614981068619,29.898560150526237,35.0,0.1209663919909903,12.327590914405953
18.253306038999998,105.44208323299986,SAT_10080,19.985698438599343,191.1695537171213,98.97158320104755,170.49602452650862,-65.00400160476084,29.923590040308692,35.0,0.12072839183609468,12.31083872672483
18.253306038999998,105.54208323299986,SAT_10080,20.034305457018704,191.4429681957302,98.97716060237435,170.48291657853775,-64.95539458634148,29.94471972733729,35.0,0.12052724720700447,12.296670487934016
18.253306038999998,105.64208323299985,SAT_10080,20.073987806899822,191.6661814138115,98.98168160294935,170.4721988042358,-64.91571223646037,29.961949163654378,35.0,0.12036307436131273,12.285099521517633
18.253306038999998,105.74208323299985,SAT_10080,20.104716545922713,191.83903057081525,98.98516274444276,170.463889058412,-64.88498349743747,29.975278310156156,35.0,0.12023596887673464,12.276136780304885
18.253306038999998,105.84208323299984,SAT_10080,20.126469126610402,191.96138883718353,98.98761665603551,170.45800125530485,-64.86323091674979,29.984707136591837,35.0,0.12014600517941497,12.269790792857355
18.253306038999998,105.94208323299983,SAT_10080,20.1392295159188,192.03316602704325,98.98905218404099,170.45454529141443,-64.85047052744139,29.99023562156299,35.0,0.12009323617429428,12.266067621415653
18.253306038999998,106.04208323299983,SAT_10080,20.142988280771334,192.05430907933876,98.98947448201616,170.4535269902873,-64.84671176258885,29.991863752523084,35.0,0.12007769298111864,12.264970831843538
18.253306038999998,106.14208323299982,SAT_10080,20.137742638576356,192.024802341992,98.98888506299677,170.4549480698971,-64.85195740478383,29.989591525777204,35.0,0.12009938477867399,12.26650147588525
18.353306038999996,105.24208323299987,SAT_10081,19.890766803821847,190.63556327149792,98.96059014813255,170.52221132469504,-65.09893323953834,29.882622646520034,35.0,0.12111759598188036,12.338226965381459
18.353306038999996,105.34208323299987,SAT_10080,19.90414679792181,190.71082573831018,98.96213022844927,170.51796667888772,-65.08555324543838,29.888076726363295,35.0,0.12106598766841345,12.334597305245543
18.353306038999996,105.44208323299986,SAT_10080,19.961572802495454,191.03384701403695,98.9688018760039,170.50252225430546,-65.02812724086473,29.913092187367596,35.0,0.12082824800871982,12.317868925918152
18.353306038999996,105.54208323299986,SAT_10080,20.010120028805545,191.3069251620312,98.97439364723807,170.48944149819363,-64.97958001455464,29.934209693956113,35.0,0.1206273241655074,12.303720886151627
18.353306038999996,105.64208323299985,SAT_10080,20.049753432240777,191.52986305635437,98.97892625378563,170.47874601838197,-64.93994661111941,29.95142919818884,35.0,0.12046333195360787,12.292166458972673
18.353306038999996,105.74208323299985,SAT_10080,20.08044418635913,191.7024985482701,98.98241630602071,170.47045359583464,-64.90925585700106,29.96475066097636,35.0,0.12033636658544129,12.283216555557331
18.353306038999996,105.84208323299984,SAT_10080,20.102169834280787,191.82470531782943,98.98487648543423,170.46457808703133,-64.8875302090794,29.97417405207901,35.0,0.12024650220189266,12.27687967192519
18.353306038999996,105.94208323299983,SAT_10080,20.114914407554593,191.8963935424946,98.9863156749065,170.46112934727915,-64.8747856358056,29.979699350106234,35.0,0.12019379150470094,12.27316184712797
18.453306038999997,105.14208323299988,SAT_10081,19.958591969247422,191.01707982701674,98.9684836135004,170.50397619672452,-65.03110807411277,29.912176766223716,35.0,0.12083681312263374,12.318471830489333
18.453306038999997,105.24208323299987,SAT_10081,19.958751430309718,191.01797679549216,98.96850205917721,170.50393327383057,-65.03094861305047,29.912246186055775,35.0,0.120836153107773,12.318425372167903
18.453306038999997,105.34208323299987,SAT_10081,19.950016953622622,190.96884536412725,98.96749099324566,170.50628402181428,-65.03968308973757,29.908443275711505,35.0,0.12087230625756534,12.320970037377222
18.453306038999997,105.44208323299986,SAT_10081,19.93239484724917,190.86972101577658,98.96544675575308,170.51102455012256,-65.05730519611102,29.900768043843893,35.0,0.12094525173435164,12.326103438098007
18.453306038999997,105.54208323299986,SAT_10080,19.976021250179656,191.11511953226056,98.97047381716865,170.49863153079536,-65.01367879318053,29.91938000192615,35.0,0.1207684441991343,12.31365882011219
18.453306038999997,105.64208323299985,SAT_10080,20.015595051200563,191.33772216300318,98.97502416464826,170.4879648909809,-64.97410499215962,29.936589526540597,35.0,0.12060466788783582,12.3021249598315
18.453306038999997,105.74208323299985,SAT_10080,20.046239542595785,191.5100974271013,98.97852783615637,170.47969487746832,-64.9434605007644,29.94990326884058,35.0,0.12047787002489291,12.293191022111777
18.453306038999997,105.84208323299984,SAT_10080,20.06793238410154,191.63211966057116,98.98099759447805,170.4738352721996,-64.92176765925865,29.95932119859748,35.0,0.12038812438535736,12.286865461271168
18.453306038999997,105.94208323299983,SAT_10080,20.08065769040934,191.70369950855255,98.98244237930903,170.47039587732303,-64.90904235295085,29.96484329442855,35.0,0.12033548341038357,12.283154286645983
18.553306039,105.14208323299988,SAT_10081,20.01676228151068,191.34428783349756,98.97518354397693,170.48830230827704,-64.97293776184951,29.937480793061926,35.0,0.12059608245718616,12.301520164177202
18.553306039,105.24208323299987,SAT_10081,20.01692190028568,191.34518568910698,98.97520183269978,170.488259255346,-64.9727781430745,29.937550172241824,35.0,0.12059542200029964,12.301473637970028
18.553306039,105.34208323299987,SAT_10081,20.008178789716567,191.2960056921557,98.97419937341316,170.49061712314025,-64.98152125364362,29.933749488877112,35.0,0.12063159934708365,12.304022020033392
18.553306039,105.44208323299986,SAT_10081,19.99053929408302,191.19678352921702,98.97217255916404,170.4953719975366,-64.99916074927717,29.9260787516172,35.0,0.12070459354940877,12.309162909808352
18.553306039,105.54208323299986,SAT_10081,19.964016184365505,191.04759103705598,98.96911407381646,170.50251600038254,-65.02568385899468,29.914537977918968,35.0,0.1208143624318504,12.316891474099261
18.553306039,105.64208323299985,SAT_10080,19.971540252944976,191.0899139228155,98.96995992400936,170.4998383983346,-65.01815979041521,29.917430181150426,35.0,0.12078699106270353,12.314964582168349
18.553306039,105.74208323299985,SAT_10080,20.002130318792624,191.26198304320852,98.97348202151531,170.4915958058221,-64.98756972456756,29.93073616620581,35.0,0.12066038773529066,12.306049697215983
18.553306039,105.84208323299984,SAT_10080,20.023784561976356,191.38378816111702,98.9759647387976,170.48575566085336,-64.96591548138383,29.940148608615715,35.0,0.12057078001531471,12.299737649130872
18.653306038999997,105.24208323299987,SAT_10081,20.065231846520334,191.61692913667687,98.98071750985295,170.47521786141263,-64.92446819683985,29.958534549752834,35.0,0.12039555590045772,12.2873893292796
18.653306038999997,105.34208323299987,SAT_10081,20.05648241548876,191.56771358712425,98.97972222051489,170.47758142976008,-64.93321762787143,29.95473610384938,35.0,0.12043174977503021,12.289940552185701
18.653306038999997,105.44208323299986,SAT_10081,20.038830192468225,191.46841983263377,98.97770992100862,170.48234779045566,-64.95086985089196,29.94706988235192,35.0,0.12050477724689529,12.295087165541323
18.653306038999997,105.54208323299986,SAT_10081,20.01228800673637,191.31912003789208,98.97467338475863,170.48950902731144,-64.97741203662382,29.935535902710132,35.0,0.12061459596361773,12.302824316058885
18.653306038999997,105.64208323299985,SAT_10081,19.976875075888657,191.11992230187371,98.9706016483376,170.49905328467202,-65.01282496747153,29.920134191177926,35.0,0.12076114246561347,12.313144731511823
18.653306038999997,105.74208323299985,SAT_10080,19.948152002831378,190.95835501592651,98.96725869876963,170.50613448749718,-65.04154804052881,29.907249394973782,35.0,0.12088380250222888,12.32177914550318
18.753306038999995,104.94208323299989,SAT_10081,20.076430341391173,191.67992067032534,98.98199125104813,170.47219164631915,-64.91326970196901,29.963394904434647,35.0,0.1203492335032281,12.284123726581292
18.753306038999995,105.04208323299989,SAT_10081,20.094409703902386,191.78105458445094,98.984028210042,170.46733052479695,-64.8952903394578,29.971195182997583,35.0,0.12027486814434378,12.27888012951409
18.753306038999995,105.14208323299988,SAT_10081,20.103482602522604,191.83208963918963,98.98505388755333,170.4648763011065,-64.88621744083758,29.975129975408787,35.0,0.12023734407038893,12.276233771069478
18.753306038999995,105.24208323299987,SAT_10081,20.10364240930778,191.83298855235628,98.98507194009404,170.46483306629412,-64.8860576340524,29.975199272710444,35.0,0.12023668315166886,12.276187157317054
18.753306038999995,105.34208323299987,SAT_10081,20.094889007423703,191.78375066675832,98.98408243194915,170.46720089247773,-64.89481103593648,29.97140307474479,35.0,0.12027288577368091,12.278740332429857
18.753306038999995,105.44208323299986,SAT_10081,20.077228791764597,191.68441195367586,98.98208183582211,170.47197583244787,-64.91247125159559,29.963741390154123,35.0,0.12034593083520227,12.283890878466643
18.753306038999995,105.54208323299986,SAT_10081,20.050674635060517,191.5350448222154,98.97906299737748,170.47914994154814,-64.93902540829967,29.952214236380982,35.0,0.12045577585286232,12.291633927279653
18.753306038999995,105.64208323299985,SAT_10081,20.015245819849397,191.33575773665285,98.97501506304769,170.4887113215848,-64.97445422351079,29.93682163966851,35.0,0.12060235717118145,12.301962184423333
18.753306038999995,105.74208323299985,SAT_10081,19.970967937075272,191.0866946460484,98.96992336980753,170.50064418625468,-65.01873210628492,29.917563635061008,35.0,0.12078559027604191,12.314865964815217
18.853306038999996,104.7420832329999,SAT_10081,20.042274952154912,191.48779660587138,98.97810769555106,170.48141788596712,-64.94742509120528,29.948566203083498,35.0,0.12049052567450913,12.294082882647148
18.853306038999996,104.8420832329999,SAT_10081,20.078027896160563,191.68890691590317,98.98217436552638,170.47175983575383,-64.91167214719962,29.964088152145226,35.0,0.12034262547648807,12.28365783811453
18.853306038999996,104.94208323299989,SAT_10081,20.104905455324754,191.84009318620176,98.98521616255053,170.4644913478902,-64.88479458803543,29.975746958985333,35.0,0.12023145954698507,12.275818739583567
18.853306038999996,105.04208323299989,SAT_10081,20.12288807611172,191.94124542812844,98.9872439891298,170.45962448954305,-64.86681196724847,29.98354259705594,35.0,0.12015709242282718,12.270572982338537
18.853306038999996,105.14208323299988,SAT_10081,20.131962625738197,191.99228976977736,98.98826507420793,170.45716736707146,-64.85773741762199,29.98747504860621,35.0,0.12011956743644728,12.26792553172029
18.853306038999996,105.24208323299987,SAT_10081,20.1321224616446,191.99318884675085,98.98828304595536,170.45712408117788,-64.85757758171559,29.987544304681972,35.0,0.12011890650152605,12.267878898718154
18.853306038999996,105.34208323299987,SAT_10081,20.123367466738472,191.94394200040392,98.98729796815897,170.45949470415098,-64.86633257662172,29.983750365125534,35.0,0.12015511000432556,12.270433127591938
18.853306038999996,105.44208323299986,SAT_10081,20.105704050016854,191.84458528134482,98.98530634086134,170.46427527946372,-64.88399599334333,29.97609323857567,35.0,0.12022815680177223,12.275585795653512
18.853306038999996,105.54208323299986,SAT_10081,20.079145112558948,191.6951912581441,98.98230106525972,170.4714578437324,-64.91055493080124,29.964572942467814,35.0,0.12033800432630798,12.283332025210349
18.853306038999996,105.64208323299985,SAT_10081,20.04370997927147,191.495868633402,98.97827137224051,170.4810304707807,-64.94599006408872,29.94918950303442,35.0,0.1204845887964886,12.293664507545959
18.953306038999997,104.64208323299991,SAT_10081,20.016211438727368,191.34118934284146,98.97513096654241,170.48845088165945,-64.97348860463282,29.937241363905216,35.0,0.120598361691695,12.3016807251869
18.953306038999997,104.7420832329999,SAT_10081,20.060809651181472,191.5920542878958,98.98022091154178,170.4764125623329,-64.92889039217872,29.956614827035885,35.0,0.12041384902984371,12.28867880785184
18.953306038999997,104.8420832329999,SAT_10081,20.09655923559619,191.79314570022856,98.98427466434178,170.4667491459352,-64.893140807764,29.972127493546964,35.0,0.12026597785101494,12.278253177524732
18.953306038999997,104.94208323299989,SAT_10081,20.123434294550506,191.94431790684658,98.98730682970775,170.4594766116887,-64.86626574880968,29.983779328107282,35.0,0.12015483365246718,12.270413631575806
18.953306038999997,105.04208323299989,SAT_10081,20.141415254752232,192.0454608079813,98.98932824964606,170.4546070401612,-64.84828478860796,29.991570304179717,35.0,0.12008048102702726,12.26516757159945
18.953306038999997,105.14208323299988,SAT_10081,20.150488970118587,192.09650045691708,98.99034611309018,170.45214854673463,-64.8392110732416,29.995500404020614,35.0,0.12004296334477067,12.26251996718281
18.953306038999997,105.24208323299987,SAT_10081,20.150648791353007,192.09739945136067,98.99036402816084,170.45210523668266,-64.83905125200718,29.99556961867943,35.0,0.12004230253842743,12.262473331465523
18.953306038999997,105.34208323299987,SAT_10081,20.141894601244218,192.04815713199872,98.9893820582927,170.4544771823746,-64.84780544211597,29.991777947998532,35.0,0.12007849899459543,12.2650277087453
18.953306038999997,105.44208323299986,SAT_10081,20.12423281528953,191.9488095860036,98.9873967228687,170.45926042287275,-64.86546722807066,29.9841254006132,35.0,0.12015153155182136,12.270180674259283
18.953306038999997,105.54208323299986,SAT_10081,20.097676347634106,191.79942945544187,98.98440096237319,170.466446985929,-64.89202369572608,29.97261199395181,35.0,0.12026135760556775,12.277927346143318
19.053306038999995,104.44208323299992,SAT_10081,19.909252904943656,190.73954759030806,98.96277706528211,170.517245533872,-65.08044713841653,29.890683130428084,35.0,0.12104105685111448,12.332843678121511
19.053306038999995,104.54208323299991,SAT_10081,19.971423189188897,191.08925543918753,98.96998546821729,170.5005215901503,-65.01827685417129,29.91776175760342,35.0,0.12078370610098703,12.314733315523421
19.053306038999995,104.64208323299991,SAT_10081,20.02481828871349,191.38960287401338,98.97611863923873,170.48612911353024,-64.9648817546467,29.940982006076705,35.0,0.12056274972451074,12.299171897468655
19.053306038999995,104.7420832329999,SAT_10081,20.06940010176956,191.6403755724538,98.9811991217943,170.47409159548633,-64.92029994159063,29.960343822947596,35.0,0.12037831364400343,12.286173855407888
19.053306038999995,104.8420832329999,SAT_10081,20.10513654795065,191.8413930822224,98.9852453704801,170.46442882390411,-64.88456349540954,29.97584716410791,35.0,0.1202305038165386,12.275751331796783
19.053306038999995,104.94208323299989,SAT_10081,20.13200173445685,191.9925097563198,98.98827194139552,170.45715677588274,-64.85769830890334,29.9874919942407,35.0,0.12011940571855102,12.267914121542752
19.053306038999995,105.04208323299989,SAT_10081,20.14997609149887,192.09361551468115,98.99028964056347,170.45228753037884,-64.83972395186132,29.995278286819516,35.0,0.12004508392705357,12.262669624374944
19.053306038999995,105.14208323299988,SAT_10081,20.159046475350223,192.144636423845,98.99130563312613,170.44982920169045,-64.83065356800996,29.99920602410785,35.0,0.12000758180146462,12.260022808625898
19.053306038999995,105.24208323299987,SAT_10081,20.159206237908123,192.1455350882332,98.99132351528405,170.4497858945416,-64.83049380545206,29.999275197158752,35.0,0.12000692126911282,12.259976186800099
19.053306038999995,105.34208323299987,SAT_10081,20.1504552619827,192.09631084865268,98.99034335026246,170.45215768129157,-64.83924478137749,29.995485805814656,35.0,0.12004310271650079,12.262529803184066
19.053306038999995,105.44208323299986,SAT_10081,20.132799961919233,191.99699978579568,98.98836166894276,170.45694060153318,-64.85690008144095,29.987837858707373,35.0,0.12011610498738687,12.26768123362775
19.053306038999995,105.54208323299986,SAT_10081,20.10625324954765,191.84767452870554,98.98537143517036,170.46412668408354,-64.88344679381254,29.976331373258258,35.0,0.12022588548770376,12.27542559749955
19.153306038999993,104.24208323299993,SAT_10081,19.757605567099446,189.88653131493442,98.94488951869003,170.55788684956482,-65.23209447626074,29.824442168850148,35.0,0.12166915868248902,12.376980636863564
19.153306038999993,104.34208323299993,SAT_10081,19.8371382183186,190.33390247804212,98.95432840749785,170.53659904559342,-65.15256182504159,29.85921633385373,35.0,0.1213396812553893,12.353839432046517
19.153306038999993,104.44208323299992,SAT_10081,19.907994563643683,190.73246942049573,98.96263439010083,170.51758365504736,-65.0817054797165,29.890134583801732,35.0,0.12104626659363357,12.333210141877242
19.153306038999993,104.54208323299991,SAT_10081,19.970125137733362,191.08195389975018,98.96983890926192,170.50087114087137,-65.01957490562683,29.917196848234166,35.0,0.1207890784249043,12.315111534564727
19.153306038999993,104.64208323299991,SAT_10081,20.023486071880114,191.38210915432566,98.97596880291259,170.48648853569065,-64.96621397148007,29.940403065482094,35.0,0.1205682618356125,12.299560239435893
19.153306038999993,104.7420832329999,SAT_10081,20.068039315859664,191.63272115171063,98.9810465894347,170.4744592990215,-64.92166072750052,29.959753182666336,35.0,0.12038394257902235,12.286570668566334
19.153306038999993,104.8420832329999,SAT_10081,20.10375283286041,191.8336096848398,98.9850907030901,170.46480319169154,-64.88594721049978,29.97524715569635,35.0,0.12023622646931692,12.276154948035263
19.153306038999993,104.94208323299989,SAT_10081,20.13060076541116,191.98462930543778,98.98811568405907,170.45753616886077,-64.85909927794903,29.986884949269324,35.0,0.12012519886723566,12.268322859490347
19.153306038999993,105.04208323299989,SAT_10081,20.148563570506695,192.0856700841002,98.99013232661555,170.4526702928465,-64.84113647285349,29.99466653686941,35.0,0.12005092426213393,12.263081792614258
19.153306038999993,105.14208323299988,SAT_10081,20.15762812245096,192.1366581887866,98.99114778814406,170.4502136667419,-64.83207192090923,29.9985919007672,35.0,0.12001344595445294,12.260436708980082
19.153306038999993,105.24208323299987,SAT_10081,20.157787782272933,192.13755627528528,98.99116566096147,170.4501703895952,-64.83191226108725,29.998661032019317,35.0,0.12001278584165921,12.260390117669706
19.153306038999993,105.34208323299987,SAT_10081,20.149042432943745,192.08836368530856,98.99018600822484,170.45254053366568,-64.84065761041644,29.994873930468263,35.0,0.12004894430972875,12.26294206290929
19.153306038999993,105.44208323299986,SAT_10081,20.1313984799976,191.9891164499865,98.98820536456172,170.45732014402262,-64.85830156336259,29.98723060474239,35.0,0.1201219002312328,12.26809012385113
19.153306038999993,105.54208323299986,SAT_10081,20.10486881755145,191.83988709872693,98.98521670143464,170.46450126049064,-64.88483122580874,29.975731072256092,35.0,0.12023161107004354,12.27582942650415
19.153306038999993,105.64208323299985,SAT_10081,20.069472760103295,191.64078427558107,98.9812093566251,170.47407196168712,-64.92022728325689,29.960375359210172,35.0,0.12037801309164024,12.286152667688308
19.253306038999995,104.04208323299994,SAT_10081,19.56187248771343,188.78553274338802,98.92113111258493,170.6100260766161,-65.42782755564676,29.738547600857203,35.0,0.12248061666829271,12.433868463219572
19.253306038999995,104.14208323299994,SAT_10081,19.658501629148986,189.32907166396308,98.93296001495786,170.58433055387405,-65.3311984142112,29.7810075436313,35.0,0.12207991125433965,12.405795492714113
19.253306038999995,104.24208323299993,SAT_10081,19.74657649707153,189.82449279602736,98.94357684713236,170.56083423843918,-65.24312354628866,29.81961408068994,35.0,0.12171485964635566,12.380188528893067
19.253306038999995,104.34208323299993,SAT_10081,19.826037341284206,190.27146004472365,98.953023394112,170.5395738720496,-65.16366270207598,29.854367124021454,35.0,0.12138565999340016,12.357070294054434
19.253306038999995,104.44208323299992,SAT_10081,19.896829481944735,190.66966583593913,98.96133608626101,170.52058310403413,-65.09287056141545,29.88526659440486,35.0,0.12109249345653761,12.336461558329654
19.253306038999995,104.54208323299991,SAT_10081,19.958903577092514,191.0188326211454,98.96854640265737,170.50389231953284,-65.03079646626767,29.91231242140821,35.0,0.12083552336750529,12.318381044775553
19.253306038999995,104.64208323299991,SAT_10081,20.012215868180306,191.31871425851423,98.97468121218573,170.48952848164618,-64.97748417517988,29.93550454338709,35.0,0.12061489445988187,12.302845342460904
19.253306038999995,104.7420832329999,SAT_10081,20.056728401092684,191.56909725614634,98.97976305917032,170.47751498919072,-64.9329716422675,29.954842907483354,35.0,0.12043073217962665,12.289868828380504
19.253306038999995,104.8420832329999,SAT_10081,20.092409220338922,191.76980186440645,98.98381039909195,170.46787155160325,-64.89729082302127,29.970327469623985,35.0,0.12028314208127723,12.279463598960714
19.253306038999995,104.94208323299989,SAT_10081,20.119232534349592,191.92068300571648,98.98683778885658,170.4606140823766,-64.8704675090106,29.98195819452021,35.0,0.12017220931540842,12.271639411838809
19.253306038999995,105.04208323299989,SAT_10081,20.137178850085604,192.02163103173152,98.98885603514901,170.45575461222415,-64.85252119327458,29.98973505566673,35.0,0.12009799821218002,12.266403638504976
19.253306038999995,105.14208323299988,SAT_10081,20.146235075485308,192.07257229960487,98.98987230358046,170.4533012229594,-64.84346496787488,29.993658035341173,35.0,0.12006055196494243,12.26376122829171
19.253306038999995,105.24208323299987,SAT_10081,20.14639458861322,192.07346956094935,98.98989019059607,170.45325800285082,-64.84330545474697,29.993727124603726,35.0,0.12005989241694366,12.263714684082938
19.253306038999995,105.34208323299987,SAT_10081,20.137657272740768,192.02432215916684,98.98890975942541,170.45562502396763,-64.85204277061942,29.989942323296948,35.0,0.12009601995320368,12.266264049995533
19.253306038999995,105.44208323299986,SAT_10081,20.120029516965232,191.9251660329294,98.98692754071375,170.46039834178015,-64.86967052639496,29.982303640045767,35.0,0.120168913498607,12.271406911161966
19.253306038999995,105.54208323299986,SAT_10081,20.093524182360326,191.77607352577684,98.98393649784506,170.4675700170189,-64.89617586099986,29.970811092257648,35.0,0.12027853062223197,12.279138405616392
19.253306038999995,105.64208323299985,SAT_10081,20.058160534037356,191.57715300396012,98.97992595634199,170.47712815953898,-64.93153950932283,29.95546470612298,35.0,0.1204248077469027,12.289451248159933
19.253306038999995,105.74208323299985,SAT_10081,20.013964139875583,191.32854828680018,98.97488149608326,170.48905699368152,-64.9757359034846,29.93626451661561,35.0,0.12060766046193387,12.302335765956771
19.353306038999996,103.94208323299995,SAT_10081,19.436201925174075,188.07863582910417,98.90546654349318,170.64331517730136,-65.55349811818611,29.68316477903399,35.0,0.12300206026546906,12.470345659653274
19.353306038999996,104.04208323299994,SAT_10081,19.541199861311682,188.66924921987822,98.91858428198674,170.61551209688642,-65.4485001820485,29.729449755087447,35.0,0.1225663695093984,12.439871470740131
19.353306038999996,104.14208323299994,SAT_10081,19.637717188794454,189.2121591869688,98.93043931767461,170.58986483821425,-65.35198285456573,29.77188377487042,35.0,0.12216608350423004,12.411835707717668
19.353306038999996,104.24208323299993,SAT_10081,19.725689603495866,189.70700401966425,98.94107943196451,170.56641290623415,-65.26401043986432,29.81046674161703,35.0,0.12180141574439432,12.386262859502812
19.353306038999996,104.34208323299993,SAT_10081,19.80505756978461,190.15344883003843,98.95054655610477,170.54519290676177,-65.18464247357558,29.845198567350426,35.0,0.12147256369297914,12.363175570471252
19.353306038999996,104.44208323299992,SAT_10081,19.875766605854764,190.55118715793304,98.9588772471374,170.52623836354735,-65.11393343750542,29.876079172880967,35.0,0.12117970787962856,12.342594538959407
19.353306038999996,104.54208323299991,SAT_10081,19.93776754981826,190.89994246772773,98.9661030929768,170.50957954743996,-65.05193249354193,29.90310848780455,35.0,0.12092301106333253,12.324538422843183
19.353306038999996,104.64208323299991,SAT_10081,19.991016803902454,191.19946952195133,98.97225105494394,170.4952433194161,-64.99868323945773,29.92628645050113,35.0,0.12070261746740346,12.309023753075358
19.353306038999996,104.7420832329999,SAT_10081,20.03547655425791,191.44955561770075,98.97734375459292,170.48325298913363,-64.95422348910228,29.945613008133463,35.0,0.12051865209346241,12.296064856008643
19.353306038999996,104.8420832329999,SAT_10081,20.07111496407677,191.65002167293184,98.98139971040317,170.47362819054575,-64.91858507928342,29.961088116645957,35.0,0.12037122012068054,12.285673785262931
19.353306038999996,104.94208323299989,SAT_10081,20.09790633796848,191.8007231510727,98.98443352882862,170.4663847759453,-64.8917937053917,29.97271174076377,35.0,0.12026040639583949,12.277860263814343
19.353306038999996,105.04208323299989,SAT_10081,20.115831255815138,191.90155081396017,98.98645605325581,170.4615347296276,-64.87386878754505,29.980483853992084,35.0,0.12018627501900454,12.272631636890527
19.353306038999996,105.14208323299988,SAT_10081,20.12487667464174,191.95243129485976,98.98747447359347,170.45908610215164,-64.86482336871845,29.98440443861553,35.0,0.12014886902875238,12.269992836153572
19.353306038999996,105.24208323299987,SAT_10081,20.125035997374823,191.9533274852334,98.98749239847024,170.4590429659532,-64.86466404598536,29.98447348569783,35.0,0.12014821018997479,12.269946355540041
19.353306038999996,105.34208323299987,SAT_10081,20.116309107724277,191.90423873094903,98.98650989132983,170.46140539282217,-64.87339093563591,29.9806909950816,35.0,0.12018429888631013,12.272492239009031
19.353306038999996,105.44208323299986,SAT_10081,20.098702370798776,191.8052008357431,98.9845234710648,170.46616945350553,-64.89099767256141,29.97305697538836,35.0,0.12025711411824555,12.277628080325991
19.353306038999996,105.54208323299986,SAT_10081,20.07222859944855,191.65628587189812,98.9815260772001,170.47332723943882,-64.91747144391164,29.961571444018702,35.0,0.12036661360690903,12.285349034884614
19.353306038999996,105.64208323299985,SAT_10081,20.0369069867091,191.4576018002387,98.97750699900806,170.48286690635774,-64.95279305665109,29.946234427152664,35.0,0.12051273400254359,12.29564784344346
19.353306038999996,105.74208323299985,SAT_10081,19.992763005102717,191.20929190370276,98.97245176728948,170.4947727392813,-64.99693703825747,29.927045959750263,35.0,0.12069539119564851,12.308514867530777
19.453306038999994,104.14208323299994,SAT_10081,19.60711435583633,189.04001825157934,98.9267091203684,170.5980061765878,-65.38258568752386,29.75844088171276,35.0,0.12229298022713528,12.420727412421671
19.453306038999994,104.24208323299993,SAT_10081,19.69496134911634,189.5341575887794,98.9373873286774,170.57461270946766,-65.29473869424385,29.797000171633698,35.0,0.12192877250991928,12.395197383899971
19.453306038999994,104.34208323299993,SAT_10081,19.774215559862142,189.97996252422456,98.94688810619101,170.553445882801,-65.21548448349805,29.831710683888275,35.0,0.12160033727880558,12.372148947306526
19.453306038999994,104.44208323299992,SAT_10081,19.844822765743928,190.3771280573096,98.95524822243134,170.53453905526766,-65.14487727761626,29.862572339317982,35.0,0.12130785423955011,12.35160270742703
19.453306038999994,104.54208323299991,SAT_10081,19.90673404080293,190.7253789795165,98.96249944771226,170.51792234749217,-65.08296600255726,29.889585067546395,35.0,0.12105148540393681,12.333577237207543
19.453306038999994,104.64208323299991,SAT_10081,19.95990599790582,191.02447123822026,98.96866889815107,170.50362248622392,-65.02979404545437,29.91274880697769,35.0,0.12083137432968025,12.31808899187845
19.453306038999994,104.7420832329999,SAT_10081,20.004301006965918,191.2741931641833,98.97377932454586,170.49166266394116,-64.98539903639427,29.932063504795366,35.0,0.12064764543887205,12.305152231809611
19.453306038999994,104.8420832329999,SAT_10081,20.039887386659345,191.47436654995883,98.97784935074323,170.48206241539248,-64.94981265670084,29.94752911696115,35.0,0.12050040342116033,12.294778954848349
19.453306038999994,104.94208323299989,SAT_10081,20.06663956759482,191.62484756772085,98.98089366602798,170.47483751244087,-64.92306047576537,29.959145608214058,35.0,0.12038973272717625,12.286978838811377
19.453306038999994,105.04208323299989,SAT_10081,20.084538225183266,191.7255275166559,98.98292317511877,170.4699998783799,-64.90516181817692,29.966912952069677,35.0,0.12031569715695788,12.281759194709744
19.453306038999994,105.14208323299988,SAT_10081,20.093570380754343,191.77633339174318,98.9839451085169,170.46755752269465,-64.89612966260584,29.97083113081959,35.0,0.12027833954727665,12.279124931183516
19.453306038999994,105.24208323299987,SAT_10081,20.09372946980345,191.7772282676444,98.98396309520191,170.46751449701472,-64.89597057355674,29.970900135531036,35.0,0.1202776815608606,12.2790785305122
19.453306038999994,105.34208323299987,SAT_10081,20.085015376615047,191.72821149345964,98.98297719897522,170.46987087276295,-64.90468466674514,29.96711996604669,35.0,0.12031372357954662,12.281620036449318
19.453306038999994,105.44208323299986,SAT_10081,20.067434434872865,191.62931869615986,98.9809839190981,170.4746227407618,-64.92226560848732,29.959490630984682,35.0,0.12038644470239551,12.286747054007808
19.453306038999994,105.54208323299986,SAT_10081,20.04099939425288,191.48062159267243,98.97797615523574,170.48176223279896,-64.94870064910731,29.948012147738776,35.0,0.12049580284878826,12.294454761198338
19.453306038999994,105.64208323299985,SAT_10081,20.005729353370157,191.28222761270715,98.97394313608352,170.4912775649047,-64.98397068999003,29.93268454247872,35.0,0.12064173496550575,12.304735932598563
19.453306038999994,105.74208323299985,SAT_10081,19.961649659823692,191.03427933650826,98.96887031039839,170.50315310184246,-65.0280503835365,29.91350785015081,35.0,0.12082415733579502,12.317580974509049
19.55330603899999,104.14208323299994,SAT_10081,19.566716954986745,188.81278287180047,98.92175417052421,170.60873989963187,-65.42298308837344,29.74067889355607,35.0,0.12246052252870678,12.432461559768935
19.55330603899999,104.24208323299993,SAT_10081,19.654415847815557,189.3060891439625,98.9324855677405,170.58541879383012,-65.33528419554463,29.779214400187755,35.0,0.12209685013868202,12.406982951763588
19.55330603899999,104.34208323299993,SAT_10081,19.733535689775863,189.75113825498923,98.94203332364094,170.5643177766711,-65.25616435358432,29.81390350312787,35.0,0.12176890011624336,12.383981179924861
19.55330603899999,104.44208323299992,SAT_10081,19.804022578233457,190.1476270025632,98.95043450803766,170.54547000308116,-65.18567746512673,29.844746123248846,35.0,0.12147685115419916,12.36347673414022
19.55330603899999,104.54208323299991,SAT_10081,19.865827877897274,190.49528181317217,98.95772114891322,170.52890540826823,-65.12387216546291,29.87174219020175,35.0,0.12122086434578425,12.345488083050657
19.55330603899999,104.64208323299991,SAT_10081,19.91890846113037,190.79386009385834,98.96392058097621,170.51465055332062,-65.07079158222982,29.894891642414823,35.0,0.12100108243057882,12.330031588893435
19.55330603899999,104.7420832329999,SAT_10081,19.963226924224088,191.04315144876048,98.96905573747186,170.50272848610064,-65.0264731191361,29.914194427092188,35.0,0.12081762911840209,12.317121431009246
19.55330603899999,104.8420832329999,SAT_10081,19.99875177738656,191.24297874779938,98.97314539094523,170.49315861893217,-64.99094826597363,29.92965050021277,35.0,0.12067060849730114,12.306769538756935
19.55330603899999,104.94208323299989,SAT_10081,20.0254576064347,191.3931990361952,98.97620434754745,170.48595662442466,-64.96424243692549,29.94125982652935,35.0,0.12056010453108884,12.298985534499085
19.55330603899999,105.04208323299989,SAT_10081,20.043325204450426,191.49370427503365,98.97824359851475,170.48113435059565,-64.94637483890976,29.949022379567857,35.0,0.12048618065112679,12.29377668723083
19.55330603899999,105.14208323299988,SAT_10081,20.05234167197115,191.54442190483772,98.97927043160209,170.4786997562466,-64.93735837138904,29.952938141626788,35.0,0.12044887944621507,12.291147877322999
19.55330603899999,105.24208323299987,SAT_10081,20.052500484609396,191.54531522592785,98.97928850449055,170.4786568673329,-64.93719955875079,29.953007103776866,35.0,0.12044822245354926,12.291101572741223
19.55330603899999,105.34208323299987,SAT_10081,20.043801527356806,191.49638359138203,98.9782978814859,170.48100575482482,-64.94589851600338,29.94922926586083,35.0,0.12048421005275266,12.293637816986623
19.55330603899999,105.44208323299986,SAT_10081,20.026251095189608,191.39766241044154,98.97629503416293,170.48574253431698,-64.96344894817058,29.941604636493448,35.0,0.12055682146400723,12.298754228883036
19.55330603899999,105.54208323299986,SAT_10081,19.999861859968647,191.24922296232364,98.97327280596706,170.4928593873899,-64.98983818339154,29.930133233061692,35.0,0.12066601485030023,12.306446014213037
19.55330603899999,105.64208323299985,SAT_10081,19.964652804002796,191.05117202251571,98.96922034014179,170.50234460447763,-65.02504723935739,29.91481508172509,35.0,0.12081172752280064,12.316705989082058
19.55330603899999,105.74208323299985,SAT_10081,19.920649121009617,190.80365130567913,98.96412296968904,170.51418264875008,-65.06905092235057,29.895650217416296,35.0,0.12099387624739144,12.329524614769394
19.653306038999993,104.14208323299994,SAT_10081,19.516556248139153,188.53062889578274,98.91555390808082,170.62204676478297,-65.47314379522103,29.71859784924476,35.0,0.12266860684566071,12.44702627283716
19.653306038999993,104.24208323299993,SAT_10081,19.604084726095195,189.02297658428546,98.92635398069758,170.59881168334482,-65.38561531726499,29.757109466173365,35.0,0.12230554392080029,12.421607556172736
19.653306038999993,104.34208323299993,SAT_10081,19.683049919299236,189.4671557960582,98.93596238414936,170.57778889892188,-65.30665012406095,29.791777064008162,35.0,0.12197814644926022,12.39866014269797
19.653306038999993,104.44208323299992,SAT_10081,19.75339830351595,189.8628654572772,98.94441657917862,170.55901132500938,-65.23630173984424,29.82260056365232,35.0,0.12168659192606236,12.378204386561114
19.653306038999993,104.7420832329999,SAT_10081,19.912287257174114,190.7566158216044,98.96315412160081,170.5164301304795,-65.07741278618607,29.892005814092315,35.0,0.12102849427466172,12.331959975524219
19.653306038999993,104.8420832329999,SAT_10081,19.947741243965737,190.95604449730726,98.96726910065952,170.50689637554868,-65.04195879939445,29.90745230548914,35.0,0.12088172600334686,12.321633003331568
19.653306038999993,104.94208323299989,SAT_10081,19.974393680474464,191.10596445266884,98.9703469483497,170.49972161035328,-65.01530636288572,29.919054434812953,35.0,0.12077141209313397,12.313867775252259
19.653306038999993,105.04208323299989,SAT_10081,19.992225499017835,191.20626843197533,98.97239876839144,170.49491759374462,-64.99747454434235,29.92681217559995,35.0,0.12069761553964702,12.308671510658037
19.653306038999993,105.14208323299988,SAT_10081,20.00122389385362,191.25688440292663,98.97343192296964,170.4924922244908,-64.98847614950657,29.930725510155504,35.0,0.12066037863861934,12.306049056532645
19.653306038999993,105.24208323299987,SAT_10081,20.001382388061714,191.25777593284715,98.97345010707535,170.4924494981367,-64.98831765529847,29.930794429553792,35.0,0.12065972277888783,12.30600286393669
19.653306038999993,105.34208323299987,SAT_10081,19.992700867470745,191.20894237952294,98.97245338567005,170.49478948511643,-64.99699917588944,29.927018933637623,35.0,0.12069564833745987,12.308532976073185
19.653306038999993,105.44208323299986,SAT_10081,19.97518558125759,191.11041889457397,98.97043819433804,170.49950833036635,-65.0145144621026,29.91939903101842,35.0,0.1207681346776624,12.313637028076997
19.653306038999993,105.54208323299986,SAT_10081,19.94884910920979,190.96227623930508,98.967397303439,170.50659827444605,-65.0408509341504,29.907934739076403,35.0,0.12087714025039033,12.321310258530366
19.653306038999993,105.64208323299985,SAT_10081,19.913710296016205,190.76462041509114,98.96331974511855,170.51604769592188,-65.07598974734398,29.89262608396096,35.0,0.12102260279748124,12.331545532585578
19.653306038999993,105.74208323299985,SAT_10081,19.869794153308902,190.51759211236256,98.95819070186323,170.52784117453032,-65.11990589005129,29.873473100591173,35.0,0.12120443965526963,12.344333376456865
19.753306038999995,104.8420832329999,SAT_10081,19.886896519907324,190.6137929244787,98.96019673322051,170.5232505654086,-65.10280352345286,29.880934581324812,35.0,0.12113362133012048,12.339353918038949
19.753306038999995,104.94208323299989,SAT_10081,19.91348866488009,190.7633737399505,98.96329785770014,170.51610725943053,-65.0762113784801,29.892529481614304,35.0,0.12102352036238764,12.33161008030149
19.753306038999995,105.04208323299989,SAT_10081,19.93128007915648,190.86345044525518,98.96536516433912,170.51132433595072,-65.05841996420371,29.900282388725348,35.0,0.12094986647515912,12.326428150503174
19.753306038999995,105.14208323299988,SAT_10081,19.94025806476654,190.91395161431177,98.96640610760281,170.50890962466067,-65.04944197859365,29.90419328497014,35.0,0.12091270162727105,12.323812937275845
19.753306038999995,105.24208323299987,SAT_10081,19.94041619937309,190.91484112147361,98.96642442873807,170.5088670861149,-65.0492838439871,29.90426216142631,35.0,0.12091204703701676,12.323766872261501
19.753306038999995,105.34208323299987,SAT_10081,19.93175436976722,190.8661183299406,98.96542019351915,170.51119679013055,-65.05794567359297,29.900489017936717,35.0,0.12094790307839656,12.32628999832074
19.753306038999995,105.44208323299986,SAT_10081,19.914278772460307,190.76781809508924,98.9633897929106,170.51589491540537,-65.07542127089988,29.892873863109468,35.0,0.12102024927928752,12.3313799693247
19.753306038999995,105.54208323299986,SAT_10081,19.88800188136311,190.6200105826675,98.96032590665845,170.52295377036089,-65.10169816199708,29.881416714318078,35.0,0.1211290444215508,12.33903206153272
19.753306038999995,105.64208323299985,SAT_10081,19.852942382907486,190.4228009038546,98.95621742915512,170.53236183497373,-65.1367576604527,29.866117597701848,35.0,0.1212742267421184,12.349239196438699
19.753306038999995,105.74208323299985,SAT_10081,19.80912507932699,190.17632857121433,98.95104935623786,170.54410382311437,-65.1805749640332,29.846976548166396,35.0,0.12145571423314297,12.361991974852076
19.753306038999995,105.84208323299984,SAT_10081,19.756580761146182,189.88076678144728,98.94480263085337,170.5581607646933,-65.233119282214,29.82399360938438,35.0,0.12167340503836768,12.377278721866722
19.853306038999992,104.8420832329999,SAT_10081,19.816265729976237,190.21649473111634,98.95189924922393,170.54219152558272,-65.17343431338395,29.850097385701908,35.0,0.12142613533382351,12.35991403816931
19.853306038999992,104.94208323299989,SAT_10081,19.842790848260776,190.36569852146684,98.9550282047925,170.53508380352125,-65.14690919509941,29.861685024930313,35.0,0.12131626968347553,12.352194146825003
19.853306038999992,105.04208323299989,SAT_10081,19.860537343473695,190.46552255703955,98.95711402757482,170.53032473843732,-65.12916269988649,29.86943307695085,35.0,0.12124277345901012,12.347028264941018
19.853306038999992,105.14208323299988,SAT_10081,19.869492638940372,190.5158960940396,98.95816428301367,170.52792208225483,-65.12020740441982,29.873341524082495,35.0,0.12120568823998207,12.344421158007492
19.853306038999992,105.24208323299987,SAT_10081,19.869650373754098,190.51678335236682,98.95818276798083,170.5278797561367,-65.12004966960609,29.8734103574063,35.0,0.12120503505268952,12.344375235822993
19.853306038999992,105.34208323299987,SAT_10081,19.861010435789623,190.46818370131663,98.9571695492281,170.53019782920506,-65.12868960757056,29.86963957676518,35.0,0.12124081426774744,12.34689054086293
19.853306038999992,105.44208323299986,SAT_10081,19.843578962285875,190.37013166285806,98.95512096406244,170.53487251816563,-65.14612108107431,29.86202919076395,35.0,0.12131300559828073,12.351964748074346
19.853306038999992,105.54208323299986,SAT_10081,19.81736830799069,190.22269673244762,98.95202958325717,170.54189620784103,-65.1723317353695,29.850579216769457,35.0,0.1214215681987544,12.359593176099175
19.853306038999992,105.64208323299985,SAT_10081,19.782396981216777,190.02598301934438,98.94788413552884,170.55125749237976,-65.20730306214341,29.83528968091098,35.0,0.12156644086349946,12.369768809811129
19.853306038999992,105.74208323299985,SAT_10081,19.73868954850694,189.78012871035156,98.94266939220702,170.5629412366744,-65.25101049485325,29.81616061808075,35.0,0.1217475423230525,12.382482333936547
19.853306038999992,105.84208323299984,SAT_10081,19.68627650894524,189.485305362817,98.93636600998028,170.57692865729538,-65.30342353441495,29.79319207193469,35.0,0.12196477163551556,12.397722177418753
19.95330603899999,104.94208323299989,SAT_10081,19.762355657637016,189.9132505742082,98.94550351779286,170.5566170942296,-65.22734438572317,29.82652113220698,35.0,0.12164947665333055,12.375598947047216
19.95330603899999,105.04208323299989,SAT_10081,19.780052842967862,190.01279724169424,98.94761102170177,170.5518845732145,-65.20964720039233,29.834264307732287,35.0,0.12157615270049889,12.370450782209613
19.95330603899999,105.14208323299988,SAT_10081,19.78898323006439,190.06303066911218,98.94867218086351,170.54949532903206,-65.2007168132958,29.838170294953354,35.0,0.12153915449009853,12.367852624726998
19.95330603899999,105.24208323299987,SAT_10081,19.789140525999386,190.06391545874655,98.94869085766203,170.54945323925102,-65.2005595173608,29.838239084954633,35.0,0.1215385028357987,12.367806860228619
19.95330603899999,105.34208323299987,SAT_10081,19.78052461984646,190.01545098663635,98.94766712000035,170.55175837222467,-65.20917542351373,29.834470677579105,35.0,0.12157419810446525,12.370313530763694
19.95330603899999,105.44208323299986,SAT_10081,19.763141583253287,189.91767140579975,98.9455972419904,170.55640698672153,-65.2265584601069,29.826865081428295,35.0,0.12164622021437942,12.375370334599296
19.95330603899999,105.54208323299986,SAT_10081,19.737003639098248,189.77064546992764,98.94247366605705,170.56339155211805,-65.25269640426194,29.81542231386244,35.0,0.12175452873266224,12.382972637273669
19.95330603899999,105.64208323299985,SAT_10081,19.702129098574517,189.57447617948168,98.93828492576769,170.5727007889231,-65.28757094478567,29.800142401000862,35.0,0.12189906307098217,12.393113493792455
19.95330603899999,105.74208323299985,SAT_10081,19.658542267381264,189.3293002540196,98.93301552797546,170.58431972918075,-65.33115777597892,29.78102537772249,35.0,0.12207974277770031,12.405783681742955
19.95330603899999,105.84208323299984,SAT_10081,19.60627332203798,189.03528743646362,98.92664579210022,170.5982297960722,-65.38342672132221,29.758071287666596,35.0,0.1222964679237158,12.420971744992897
19.95330603899999,105.94208323299983,SAT_10081,19.545358157641857,188.69263963673546,98.91915164353927,170.6144089018358,-65.44434188571833,29.73128018323371,35.0,0.1225491195784279,12.438664047537829
20.05330603899999,105.04208323299989,SAT_10081,19.68988896894271,189.50562545030274,98.93681581995153,170.5759654238243,-65.29981107441748,29.794776157976386,35.0,0.12194979759230175,12.396672010977268
20.05330603899999,105.14208323299988,SAT_10081,19.698792298687422,189.55570668011677,98.93788955526925,170.57359090409875,-65.29090774467277,29.798679674494373,35.0,0.12191289355332786,12.394083621515051
20.05330603899999,105.24208323299987,SAT_10081,19.698949117878158,189.55658878806463,98.93790845332117,170.57354907378115,-65.29075092548203,29.798748420983056,35.0,0.1219122435582279,12.394038029125706
20.05330603899999,105.34208323299987,SAT_10081,19.69035931689679,189.50827115754444,98.9368725833462,170.57584000038594,-65.2993407264634,29.79498239728548,35.0,0.12194784796977053,12.396535275393164
20.05330603899999,105.44208323299986,SAT_10081,19.673028895795056,189.4107875388472,98.93477814612265,170.58045998859026,-65.31667114756513,29.78738161199991,35.0,0.12201968693043873,12.401573084044328
20.05330603899999,105.54208323299986,SAT_10081,19.646969933507478,189.26420587597954,98.93161743512829,170.58740160005652,-65.34273010985271,29.77594608248,35.0,0.12212772045832795,12.409146871817866
20.05330603899999,105.64208323299985,SAT_10081,19.612200526049378,189.06862795902774,98.92737875744245,170.59665369321547,-65.37749951731081,29.760675834835187,35.0,0.12227188863979402,12.419249770290728
20.05330603899999,105.74208323299985,SAT_10081,19.568744694365733,188.82418890580726,98.9220463129336,170.6082014825662,-65.42095534899445,29.741570903931176,35.0,0.12245211191704455,12.431872658442398
20.05330603899999,105.84208323299984,SAT_10080,19.53412435200292,188.62944948001643,98.91774561725506,170.61674282520133,-65.45557569135727,29.725966014277297,35.0,0.12259962823369368,12.442199252199549
20.05330603899999,105.94208323299983,SAT_10080,19.49747430731435,188.42329297864322,98.91319129996124,170.6264572446621,-65.49222573604584,29.709822640105312,35.0,0.12275169795207515,12.452839433536978
20.05330603899999,106.04208323299983,SAT_10080,19.45227921281507,188.1690705720848,98.90753609561852,170.63841955877837,-65.53742083054512,29.68989402744335,35.0,0.12293926376569077,12.465956035444416
20.05330603899999,106.14208323299982,SAT_10080,19.398569350960287,187.8669525991516,98.90075872142721,170.65261114725573,-65.5911306923999,29.66618022199043,35.0,0.12316222524979789,12.481537541884801
20.05330603899999,106.24208323299982,SAT_10080,19.336380411234245,187.51713981319264,98.89283335195613,170.6690100746454,-65.65331963212594,29.63868127812787,35.0,0.12342046398643812,12.49957037162198
20.153306038999993,104.8420832329999,SAT_10081,19.546243086583857,188.6976173620342,98.91927856737482,170.6141741097789,-65.44345695677633,29.731669691652147,35.0,0.12254544866193157,12.438407089987644
20.153306038999993,104.94208323299989,SAT_10080,19.577392070739236,188.87283039790822,98.92309450645655,170.6052583658352,-65.41230797262095,29.745004289542514,35.0,0.1224201383279282,12.42963375800035
20.153306038999993,105.04208323299989,SAT_10080,19.618147279686752,189.102078448238,98.92808901764425,170.59442495456412,-65.37155276367344,29.762917186896058,35.0,0.1222511090461964,12.417793886959188
20.153306038999993,105.14208323299988,SAT_10080,19.650326830257313,189.2830884201974,98.9320085903256,170.58586021794767,-65.33937321310287,29.77704725345108,35.0,0.12211767268629362,12.408442575919999
20.153306038999993,105.24208323299987,SAT_10080,19.673908761068688,189.41573678101136,98.93486761003358,170.57957767396084,-65.3157912822915,29.78739445680176,35.0,0.12201990198311319,12.401588163149304
20.153306038999993,105.34208323299987,SAT_10080,19.68887690226437,189.4999325752371,98.93667649720769,170.57558727816797,-65.30082314109582,29.793958773218435,35.0,0.12195785047336347,12.39723678567292
20.153306038999993,105.44208323299986,SAT_10080,19.69522095684664,189.53561788226236,98.93744181321864,170.5738953713814,-65.29447908651355,29.79674018764715,35.0,0.12193155224179332,12.395392350537492
20.153306038999993,105.54208323299986,SAT_10080,19.692936552689588,189.52276810887892,98.93716632673582,170.57450464617844,-65.2967634906706,29.795738693709335,35.0,0.1219410217590779,12.396056516442417
20.153306038999993,105.64208323299985,SAT_10080,19.68202526467472,189.4613921137953,98.93584904164071,170.57741413264944,-65.30767477868547,29.790954293701702,35.0,0.1219862538128643,12.399228685924863
20.153306038999993,105.74208323299985,SAT_10080,19.66249460671392,189.3515321627658,98.93348518699028,170.582619203534,-65.32720543664627,29.78238699859626,35.0,0.122067223532618,12.404906008175901
20.153306038999993,105.84208323299984,SAT_10080,19.634357993744345,189.19326371481196,98.93006616884958,170.5901115986888,-65.35534204961584,29.770036828040556,35.0,0.12218388650803827,12.413083392459578
20.153306038999993,105.94208323299983,SAT_10080,19.597634674102395,188.98669504182595,98.92557948312188,170.5998794686147,-65.3920653692578,29.753903810358075,35.0,0.12233617899994602,12.423753532001244
20.153306038999993,106.04208323299983,SAT_10080,19.55234963299425,188.73196668559268,98.92000858778916,170.61190743656485,-65.43735041036594,29.73398798254878,35.0,0.12252401824169613,12.43690693810817
20.153306038999993,106.14208323299982,SAT_10080,19.498533468082385,188.42925075796342,98.91333273221089,170.62617667855304,-65.4911665752778,29.710289390289876,35.0,0.122747302828352,12.452531984186292
20.153306038999993,106.24208323299982,SAT_10080,19.436222238489023,188.07875009150075,98.90552674029409,170.64266502039396,-65.55347780487116,29.682808087936714,35.0,0.12300591319008858,12.470614959223814
20.25330603899999,104.64208323299991,SAT_10080,19.49421440095587,188.40495600537676,98.91280379789679,170.62732071179525,-65.49548564240432,29.70838598563043,35.0,0.122765225507234,12.453785690732259
20.25330603899999,104.7420832329999,SAT_10080,19.560622871161655,188.7785036502843,98.9210380697033,170.60971143299412,-65.42907717219853,29.737628229450944,35.0,0.12248969803557712,12.434504270619787
20.25330603899999,104.8420832329999,SAT_10080,19.618541200345007,189.10429425194067,98.92814488568027,170.594320168823,-65.37115884301518,29.76309023048441,35.0,0.12224947546819191,12.417679429208397
20.25330603899999,104.94208323299989,SAT_10080,19.667930462688588,189.3821088526233,98.93415097010909,170.5811708620488,-65.3217695806716,29.784771930319657,35.0,0.12204468684328991,12.403325962099172
20.25330603899999,105.04208323299989,SAT_10080,19.708757162088574,189.61175903674823,98.93907860935342,170.5702841255458,-65.28094288127161,29.80267327922004,35.0,0.12187544313324983,12.391456591812597
20.25330603899999,105.14208323299988,SAT_10080,19.740993397414798,189.79308786045826,98.94294588470676,170.56167713606288,-65.24870664594539,29.816794236122426,35.0,0.12174183672694043,12.382081909277993
20.25330603899999,105.24208323299987,SAT_10080,19.764617001542575,189.92597063367697,98.94576685875201,170.55536354478605,-65.22508304181761,29.82713476863638,35.0,0.1216439409952997,12.375210324672642
20.25330603899999,105.34208323299987,SAT_10080,19.779611652701917,190.01031554644828,98.94755171871095,170.55135340566812,-65.21008839065827,29.833694853043514,35.0,0.12158180994411343,12.370848028089544
20.25330603899999,105.44208323299986,SAT_10080,19.78596695696784,190.0460641329441,98.94830687941665,170.54965312231047,-65.20373308639235,29.836474474297017,35.0,0.12155547795717823,12.368998960421719
20.25330603899999,105.54208323299986,SAT_10080,19.78367850101354,190.03319156820118,98.9480350477769,170.5502654139835,-65.20602154234665,29.835473626021354,35.0,0.12156495963222505,12.369664794752262
20.25330603899999,105.64208323299985,SAT_10080,19.772747874564857,189.97170679442735,98.94673524988896,170.55318930116,-65.21695216879533,29.830692310512138,35.0,0.12161024971112883,12.372844928436342
20.25330603899999,105.74208323299985,SAT_10080,19.753182662306884,189.86165247547623,98.94440282128998,170.55842011072997,-65.2365173810533,29.82213053873617,35.0,0.12169132310505619,12.37853648595445
20.25330603899999,105.84208323299984,SAT_10080,19.724996405337663,189.70310478002435,98.94102936016958,170.56594950083155,-65.26470363802252,29.80978833033168,35.0,0.12180813501431574,12.386734332508345
20.25330603899999,105.94208323299983,SAT_10080,19.688208532578926,189.49617299575647,98.93660264270486,170.57576550502472,-65.30149151078126,29.793665713608682,35.0,0.12196062114179461,12.397431098223427
20.25330603899999,106.04208323299983,SAT_10080,19.6428442628751,189.24099897867245,98.93110649898867,170.5878525953203,-65.34685578048509,29.77376272554957,35.0,0.12214869799800089,12.41061721271636
20.25330603899999,106.14208323299982,SAT_10080,19.588934478824243,188.93775644338638,98.92452064728666,170.60219176336517,-65.40076556453594,29.750079411809853,35.0,0.12237226329490199,12.426280949685726
20.25330603899999,106.24208323299982,SAT_10080,19.526515573660106,188.5866501018381,98.91682048355375,170.61876061890558,-65.46318446970008,29.722615826719053,35.0,0.12263119642496503,12.444408481088576
20.25330603899999,106.34208323299981,SAT_10080,19.455629272776335,188.1879146593669,98.9079768222434,170.63753350446615,-65.53407077058385,29.69137203328181,35.0,0.12292535902108079,12.464983940378438
20.25330603899999,106.4420832329998,SAT_10080,19.3763224317141,187.74181367839182,98.89795558341928,170.6584816250312,-65.61337761164609,29.65634810317912,35.0,0.12325459559239738,12.487989494201617
20.25330603899999,106.5420832329998,SAT_10080,19.288646812635122,187.24863832107255,98.88671741999619,170.68157319138393,-65.70105323072507,29.617544116769782,35.0,0.12361873423051398,12.513405421880396
20.35330603899999,104.64208323299991,SAT_10080,19.5748441689409,188.85849845029256,98.9227978404005,170.6059351296878,-65.41485587441929,29.743883785490638,35.0,0.1224307067865891,12.430373823435545
20.35330603899999,104.7420832329999,SAT_10080,19.64135080641293,189.23259828607274,98.93093229930153,170.5882501945895,-65.34834923694726,29.773107083975674,35.0,0.12215489053368545,12.411051235799743
20.35330603899999,104.8420832329999,SAT_10080,19.69935538999124,189.55887406870073,98.93795348144376,170.57279255078316,-65.29034465336895,29.798552588825288,35.0,0.12191441411370747,12.394190277297366
20.35330603899999,104.94208323299989,SAT_10080,19.7488186771688,189.8371050590745,98.94388756599639,170.5595863460668,-65.24088136619139,29.82022024165594,35.0,0.12170940754625485,12.379805854234267
20.35330603899999,105.04208323299989,SAT_10080,19.789706897834762,190.06710130032053,98.94875638741738,170.5486523708167,-65.19999314552543,29.838109992754482,35.0,0.12153998265084737,12.367910784812352
20.35330603899999,105.14208323299988,SAT_10080,19.821991921571154,190.24870455883774,98.95257766217476,170.54000795038758,-65.16770812178903,29.852221801077206,35.0,0.12140623252385448,12.35851573995481
20.35330603899999,105.24208323299987,SAT_10080,19.845651398410197,190.38178911605738,98.95536517024459,170.53366685451635,-65.14404864494999,29.86255563424898,35.0,0.12130823109951658,12.3516291935831
20.35330603899999,105.34208323299987,SAT_10080,19.860668871570155,190.46626240258212,98.95712889474602,170.5296392247209,-65.12903117179003,29.869111468562632,35.0,0.12124603279906011,12.347257382832701
20.35330603899999,105.44208323299986,SAT_10080,19.867033860980072,190.5020654680129,98.95787512226019,170.52793152048625,-65.12266618238012,29.871889288978462,35.0,0.1212196722711392,12.345404278601192
20.35330603899999,105.54208323299986,SAT_10080,19.86474191669629,190.48917328141667,98.95760650563862,170.5285464848389,-65.1249581266639,29.870889089123942,35.0,0.12122916422601517,12.346071566722928
20.35330603899999,105.64208323299985,SAT_10080,19.853794641636725,190.42759485920658,98.9563220904228,170.53148312969287,-65.13590540172346,29.866110871293607,35.0,0.12127450336502356,12.349258639959181
20.35330603899999,105.74208323299985,SAT_10080,19.834199683388107,190.31737321905814,98.9540173053447,170.53673674113065,-65.15550035997208,29.857554646449074,35.0,0.12135566440598942,12.354962600884509
20.35330603899999,105.84208323299984,SAT_10080,19.80597069517428,190.15858516035533,98.95068391673907,170.54429890456063,-65.1837293481859,29.845220434219282,35.0,0.12147260220435256,12.36317827564021
20.35330603899999,105.94208323299983,SAT_10080,19.76912726640589,189.95134087353313,98.94630994605618,170.55415754946972,-65.2205727769543,29.829108262900874,35.0,0.12162525196886927,12.373898238416578
20.35330603899999,106.04208323299983,SAT_10080,19.723694823557864,189.69578338251299,98.94087954899601,170.5662970132725,-65.26600521980232,29.809218169458763,35.0,0.12181352956988023,12.387112846418693
20.35330603899999,106.14208323299982,SAT_10080,19.669704502428516,189.3920878261604,98.9343728540743,170.58069812355296,-65.31999554093167,29.785550199526867,35.0,0.12203733193729258,12.40281028496828
20.35330603899999,106.24208323299982,SAT_10080,19.607192993131235,189.04046058636322,98.92676575765405,170.59733829779591,-65.38250705022895,29.75810440740903,35.0,0.12229653754462855,12.420976622297443
20.35330603899999,106.34208323299981,SAT_10080,19.53620235942749,188.64113827177962,98.91802967160852,170.61619165953636,-65.4534976839327,29.726880856080083,35.0,0.12259100697475805,12.441595873501674
20.35330603899999,106.4420832329998,SAT_10080,19.456779834258185,188.19438656770228,98.90813121879543,170.63722916968726,-65.532920209102,29.69187961718713,35.0,0.12292058356226895,12.464650073039593
20.35330603899999,106.5420832329998,SAT_10080,19.36897759352675,187.70049896358796,98.89703187038123,170.66041877167993,-65.62072244983344,29.65310077105095,35.0,0.12328509410684438,12.490119355097628
20.45330603899999,104.44208323299992,SAT_10080,19.487276734912186,188.36593163388108,98.91195737086366,170.62915799887975,-65.502423308448,29.705328118253004,35.0,0.12279401535103845,12.45579941247022
20.45330603899999,104.54208323299991,SAT_10080,19.5707493982692,188.83546536526427,98.92230244660844,170.60702264106422,-65.41895064509099,29.74208284922874,35.0,0.12244769181335896,12.431563161442147
20.45330603899999,104.7420832329999,SAT_10080,19.71239325481426,189.6322120583302,98.93952884946098,170.5693137827925,-65.27730678854593,29.804266661432916,35.0,0.12186037181155406,12.390399295374783
20.45330603899999,104.8420832329999,SAT_10080,19.770469683535424,189.95889196988676,98.94647551483077,170.55379856518778,-65.21923035982476,29.829695599945428,35.0,0.12161968952996537,12.373507705052441
20.45330603899999,104.94208323299989,SAT_10080,19.81999465035379,190.2374699082401,98.95234694328923,170.54054300922934,-65.1697053930064,29.8513491460343,35.0,0.12141450612368213,12.35909702368767
20.45330603899999,105.04208323299989,SAT_10080,19.860934146941787,190.46775457654758,98.95716457772492,170.52956805986068,-65.1287658964184,29.86922725000979,35.0,0.1212449341460467,12.347180152421467
20.45330603899999,105.14208323299988,SAT_10080,19.89325984353171,190.64958661986586,98.96094581845163,170.52089117184806,-65.09644019982848,29.883329870847486,35.0,0.1211110673063049,12.337767831521598
20.45330603899999,105.24208323299987,SAT_10080,19.91694923117764,190.78283942537425,98.96370420051657,170.5145262181731,-65.07275081218255,29.893656976187494,35.0,0.1210129800266712,12.330868590170265
20.45330603899999,105.34208323299987,SAT_10080,19.931985735704984,190.86741976334054,98.96544953013483,170.51048341661465,-65.0577143076552,29.900208542333786,35.0,0.12095072708826304,12.326488706286073
20.45330603899999,105.44208323299986,SAT_10080,19.938358802137074,190.90326826202104,98.96618798272054,170.50876927532812,-65.05134124122311,29.902984554253738,35.0,0.12092434336917986,12.324632176779545
20.45330603899999,105.54208323299986,SAT_10080,19.936063948689352,190.89035971137758,98.96592216426848,170.50938655803145,-65.05363609467084,29.901985005577824,35.0,0.12093384367716835,12.325300698540048
20.45330603899999,105.64208323299985,SAT_10080,19.92510278975149,190.82870319235215,98.96465113717484,170.5123342691837,-65.0645972536087,29.897209898599492,35.0,0.1209792226784446,12.328493660346059
20.45330603899999,105.74208323299985,SAT_10080,19.905483027605214,190.71834203027933,98.96237041095286,170.51760765932653,-65.08421701575497,29.88865924427521,35.0,0.1210604549233418,12.334208145780304
20.45330603899999,105.84208323299984,SAT_10080,19.87721841296947,190.55935357295328,98.95907189767966,170.52519825052642,-65.11248163039072,29.876333062224685,35.0,0.12117749496854253,12.34243894712045
20.45330603899999,105.94208323299983,SAT_10080,19.840328674798798,190.35184879574325,98.95474383138608,170.5350938816329,-65.14937136856139,29.860231380731243,35.0,0.12133027759474706,12.353178590065001
20.45330603899999,106.04208323299983,SAT_10080,19.794839420092188,190.09597173801853,98.94937064995412,170.54727877284677,-65.194860623268,29.84035423674241,35.0,0.12151871811774179,12.36641736904591
20.45330603899999,106.14208323299982,SAT_10080,19.740782004782886,189.79189877690374,98.94293283739654,170.5617336088825,-65.2489180385773,29.81670167587064,35.0,0.12174271278997827,12.382143392775463
20.45330603899999,106.24208323299982,SAT_10080,19.678193377076937,189.43983774605778,98.9354067236399,170.5784356398111,-65.31150666628325,29.789273752394212,35.0,0.12200213928896897,12.400342639577401
20.45330603899999,106.34208323299981,SAT_10080,19.607115894875065,189.04002690867225,98.9267642380915,170.5973587984931,-65.38258414848512,29.758070529258333,35.0,0.12229685728806122,12.420999021962295
20.45330603899999,106.4420832329998,SAT_10080,19.527597119159367,188.5927337952714,98.9169726123147,170.61847383334612,-65.46210292420082,29.723092078076377,35.0,0.12262670910447931,12.444094459826601
20.45330603899999,106.5420832329998,SAT_10080,19.43968958542952,188.09825391804105,98.90599402603371,170.6417484550587,-65.55001045793067,29.684338479131306,35.0,0.12299152041893366,12.469608961584344
20.55330603899999,104.54208323299991,SAT_10080,19.631914289600928,189.17951787900523,98.92979876657874,170.59076197687406,-65.35778575375926,29.768963764286827,35.0,0.12219401967972471,12.413793521492298
20.55330603899999,104.64208323299991,SAT_10080,19.707042245705537,189.60211263209368,98.93889200050586,170.5707417325096,-65.28265779765465,29.80192172753419,35.0,0.12188255143062417,12.391955241248628
20.55330603899999,104.7420832329999,SAT_10080,19.773695532149375,189.97703736834026,98.94686510522756,170.5529358517401,-65.21600451121081,29.83110689368445,35.0,0.12160632307027266,12.372569230084885
20.55330603899999,104.8420832329999,SAT_10080,19.831829053731198,190.304038427238,98.95374784308041,170.53737208760998,-65.15787098962899,29.856519195745452,35.0,0.12136548398501192,12.355652613779446
20.55330603899999,104.94208323299989,SAT_10080,19.881403060189015,190.5828922135632,98.95956551714018,170.52407491748372,-65.10829698317117,29.878158575388454,35.0,0.1211601657593774,12.341220475316529
20.55330603899999,105.04208323299989,SAT_10080,19.922383342049812,190.81340629903022,98.96433923542656,170.51306541707916,-65.06731670131038,29.896024982946983,35.0,0.1209904815637966,12.329285785614402
20.55330603899999,105.14208323299988,SAT_10080,19.95474140121017,190.9954203818072,98.9680861278537,170.50436115065912,-65.03495864215002,29.91011837741583,35.0,0.12085652562289895,12.319859343283824
20.55330603899999,105.24208323299987,SAT_10080,19.978454594474655,191.12880709391993,98.97081951997087,170.49797607856408,-65.01124544888553,29.920438726450254,35.0,0.12075837276925158,12.312949724002456
20.55330603899999,105.34208323299987,SAT_10080,19.993506248532356,191.2134726479945,98.97254906667085,170.49392048310222,-64.99619379482783,29.926986006365315,35.0,0.1206960780866176,12.308563240004306
20.55330603899999,105.44208323299986,SAT_10080,19.999885745147665,191.24935731645564,98.97328084827261,170.49220091361403,-64.98981429821252,29.92976020213543,35.0,0.12066967664604603,12.306703910087881
20.55330603899999,105.54208323299986,SAT_10080,19.997588575647114,191.23643573801502,98.97301743068766,170.49282015132516,-64.99211146771307,29.928761307394055,35.0,0.12067918333726323,12.307373440444703
20.55330603899999,105.64208323299985,SAT_10080,19.986616364107988,191.17471704810745,98.97175789073049,170.49577719438687,-65.0030836792522,29.92398932443356,35.0,0.12072459279695187,12.310571216501941
20.55330603899999,105.74208323299985,SAT_10080,19.9669768590026,191.06424483188962,98.96949780701763,170.50106726326635,-65.02272318435759,29.91544426420529,35.0,0.12080587943459425,12.316294305861941
20.55330603899999,105.84208323299984,SAT_10080,19.938683893383427,190.9050969002818,98.96622921629553,170.50868182643205,-65.05101614997676,29.90312614631976,35.0,0.12092299755563654,12.324537472308839
20.55330603899999,105.94208323299983,SAT_10080,19.90175731404554,190.69738489150618,98.96194053442956,170.51860864604063,-65.08794272931465,29.887034999047067,35.0,0.12107588158081214,12.33529320074028
20.55330603899999,106.04208323299983,SAT_10080,19.85622288043018,190.44125370241977,98.95661644065484,170.53083184311487,-65.13347716293,29.86717085931743,35.0,0.12126444635956687,12.348551732773005
20.55330603899999,106.14208323299982,SAT_10080,19.802112134352086,190.13688075573052,98.95023772301822,170.54533198148974,-65.1875879090081,29.843533772721948,35.0,0.12148858757466491,12.364301112665643
20.55330603899999,106.24208323299982,SAT_10080,19.739462241938625,189.78447511090476,98.94278108220702,170.56208616959708,-65.25023780142156,29.816123793513484,35.0,0.12174818223424225,12.38252724310372
20.55330603899999,106.34208323299981,SAT_10080,19.66831580943156,189.38427642805254,98.93421889014166,170.58106817898897,-65.32138423392863,29.78494098460776,35.0,0.12204308924682158,12.403213950300595
20.55330603899999,106.4420832329998,SAT_10080,19.588720674757397,188.93655379551035,98.92451889877995,170.60224857832634,-65.40097936860279,29.749985417584607,35.0,0.12237315007412522,12.426343057786934
20.55330603899999,106.5420832329998,SAT_10080,19.500729676973407,188.44160443297542,98.91364389350682,170.6255948814302,-65.48897036638678,29.711257172689372,35.0,0.12273818945592506,12.451894468190027
20.65330603899999,104.64208323299991,SAT_10080,19.7585088778782,189.89161243806487,98.94506207806837,170.5569964872916,-65.23119116548199,29.82446174280137,35.0,0.12166925173870549,12.376987169253042
20.65330603899999,104.7420832329999,SAT_10080,19.82520991885997,190.26680579358734,98.95297250477833,170.53914578666945,-65.16449012450022,29.853627722041324,35.0,0.12139290231351058,12.357579157558579
20.65330603899999,104.8420832329999,SAT_10080,19.88338548409196,190.59404334801727,98.9598014611975,170.52354269523104,-65.10631455926823,29.879023317575044,35.0,0.12115195640265174,12.340643225209575
20.65330603899999,104.94208323299989,SAT_10080,19.932995634997297,190.8731004468598,98.96557391131647,170.510211813033,-65.05670440836289,29.90064847110098,35.0,0.12094654616688179,12.326194520263973
20.65330603899999,105.04208323299989,SAT_10080,19.974005999139507,191.10378374515975,98.97031068195426,170.49917432202943,-65.01569404422068,29.918503132975793,35.0,0.12077678527403136,12.314246069893
20.65330603899999,105.14208323299988,SAT_10080,20.00638794202787,191.2859321739068,98.97402867594717,170.49044787543707,-64.98331210133232,29.932587262213392,35.0,0.12064276836414933,12.304808719744486
20.65330603899999,105.24208323299987,SAT_10080,20.03011871169126,191.41941775326336,98.97674104290229,170.48404650456956,-64.95958133166893,29.9429008264841,35.0,0.12054457060055945,12.297891082982918
20.65330603899999,105.34208323299987,SAT_10080,20.04518155449213,191.50414624401822,98.97845731062283,170.4799805441614,-64.94451848886806,29.949443802114015,35.0,0.12048224731096394,12.293499499509705
20.65330603899999,105.44208323299986,SAT_10080,20.05156580093849,191.54005763027902,98.97918347955927,170.47825657701296,-64.9381342424217,29.952216174084548,35.0,0.12045583372193273,12.291638005771361
20.65330603899999,105.54208323299986,SAT_10080,20.049266920567717,191.5271264281934,98.97892208195739,170.47887739857566,-64.94043312279247,29.951217936032126,35.0,0.12046534478926905,12.292308315459657
20.65330603899999,105.64208323299985,SAT_10080,20.038286545307642,191.46536181735547,98.97767220674159,170.48184200187512,-64.95141349805255,29.946449090248052,35.0,0.12051077512585114,12.295509811299624
20.65330603899999,105.74208323299985,SAT_10080,20.01863246105752,191.35480759344856,98.9754294905673,170.4871455829448,-64.97106758230267,29.937909647678563,35.0,0.12059209902763322,12.30123954800879
20.65330603899999,105.84208323299984,SAT_10080,19.990318567583074,191.19554194265478,98.9721860748872,170.49477956670702,-64.99938147577711,29.925599627925042,35.0,0.1207092705975598,12.309492266397564
20.65330603899999,105.94208323299983,SAT_10080,19.953364807160355,190.987677040277,98.9679305282793,170.50473165301042,-65.03633523619983,29.909519059244413,35.0,0.12086222396622166,12.320260418467605
20.65330603899999,106.04208323299983,SAT_10080,19.907797062742873,190.73135847792867,98.96264773266873,170.51698588230548,-65.08190298061731,29.889667978549692,35.0,0.12105087360717794,12.33353420325435
20.65330603899999,106.14208323299982,SAT_10080,19.853647026746557,190.42676452544939,98.95631873141792,170.53152272022626,-65.13605301661363,29.86604643141073,35.0,0.12127511474399855,12.349301613054092
20.65330603899999,106.24208323299982,SAT_10080,19.790952041848513,190.07410523539787,98.9489205365426,170.54831916014547,-65.19874800151167,29.838654472055108,35.0,0.12153482384526126,12.367548489576055
20.65330603899999,106.34208323299981,SAT_10080,19.719754915474496,189.67362139954403,98.94042589151162,170.56734884258336,-65.26994512788569,29.80749216336922,35.0,0.12182985920297908,12.388258589468569
20.65330603899999,106.4420832329998,SAT_10080,19.64010370989115,189.22558336813773,98.93080298518059,170.58858219019328,-65.34959633346904,29.77255957689952,35.0,0.12216006158925093,12.411413658586033
20.65330603899999,106.5420832329998,SAT_10080,19.55205151003716,188.73028974395905,98.92001511136122,170.61198655689978,-65.43764853332303,29.733856792853945,35.0,0.12252525498532738,12.436993514291867
20.65330603899999,106.6420832329998,SAT_10080,19.45565617139789,188.18806596411315,98.90802026730414,170.63752638965633,-65.5340438719623,29.69138390010351,35.0,0.12292524737677288,12.464976135032707
20.753306038999987,103.54208323299997,SAT_10080,19.16537135255882,186.5552138581434,98.87069703188232,170.71392224905838,-65.82432869080137,29.56283515729134,35.0,0.12413100980422827,12.549110589230105
20.753306038999987,103.64208323299997,SAT_10080,19.034943561801924,185.82155753513584,98.85330050125097,170.7479980462031,-65.95475648155826,29.504763285954244,35.0,0.12467336338775732,12.586848357921653
20.753306038999987,103.74208323299996,SAT_10080,18.896525052172507,185.04295341847035,98.8343944431717,170.78399372277883,-66.09317499118768,29.442922419398457,35.0,0.12524934196699491,12.626854345840318
20.753306038999987,104.54208323299991,SAT_10080,19.724949645640265,189.70284175672649,98.94105539787726,170.56596198558856,-65.26475039771992,29.809767847481307,35.0,0.12180832881461187,12.386747930798057
20.753306038999987,104.64208323299991,SAT_10080,19.800164574134016,190.12592572950385,98.9500177694398,170.54585336124973,-65.18953546922617,29.842682385368935,35.0,0.12149665611679931,12.364867837228584
20.753306038999987,104.7420832329999,SAT_10080,19.86689592849646,190.5012895977926,98.9578769169644,170.5279685313135,-65.12280411486373,29.871829097262225,35.0,0.12122024350720799,12.345444437305254
20.753306038999987,104.8420832329999,SAT_10080,19.925098239939047,190.82867759965714,98.96466187270664,170.51233549249972,-65.06460180342114,29.897207916231316,35.0,0.12097924151515019,12.32849498563759
20.753306038999987,104.94208323299989,SAT_10080,19.974731426768813,191.10786427557457,98.9703973232941,170.49897893849564,-65.01496861659137,29.918818784001694,35.0,0.12077378273615588,12.314034679361287
20.753306038999987,105.04208323299989,SAT_10080,20.015760992693558,191.33865558390124,98.97510386552433,170.48792013233134,-64.97393905066663,29.936661650953056,35.0,0.120603981213338,12.302076588075009
20.753306038999987,105.14208323299988,SAT_10080,20.048158199560433,191.52088987252745,98.97879821648039,170.47917679511318,-64.94154184379975,29.950736476118312,35.0,0.12046993190015433,12.292631592904735
20.753306038999987,105.24208323299987,SAT_10080,20.071900212721502,191.65443869655846,98.98149338184342,170.47276301232128,-64.91779983063869,29.96104322718277,35.0,0.12037171020945306,12.28570833529072
20.753306038999987,105.34208323299987,SAT_10080,20.086970217483042,191.73920747334213,98.98319878545237,170.46868915870357,-64.90272982587715,29.967581880483515,35.0,0.1203093716529592,12.281313176004137
20.753306038999987,105.44208323299986,SAT_10080,20.093357505392348,191.77513596783194,98.9839203624215,170.46696184259847,-64.89634253796784,29.97035242100892,35.0,0.12028295157456181,12.279450164803741
20.753306038999987,105.54208323299986,SAT_10080,20.091057529424802,191.7621986030145,98.98366061745634,170.46758387031485,-64.89864251393539,29.969354842398353,35.0,0.12029246497990936,12.280121021038983
20.753306038999987,105.64208323299985,SAT_10080,20.080071927475643,191.7004045920505,98.98241864938775,170.4705542309661,-64.90962811588454,29.964589146942064,35.0,0.12033790646392312,12.28332512539659
20.753306038999987,105.74208323299985,SAT_10080,20.06040851389281,191.58979789064705,98.98019014234993,170.47586810193695,-64.92929152946738,29.95605534558121,35.0,0.12041925023691676,12.289059522874716
20.753306038999987,105.84208323299984,SAT_10080,20.032081239150642,191.4304569702224,98.97696732344977,170.4835168749142,-64.95761880420955,29.94375345790809,35.0,0.12053645024907346,12.297318936954365
20.753306038999987,105.94208323299983,SAT_10080,19.99511011809902,191.222494414307,98.97273888618955,170.49348820219177,-64.99458992526117,29.927683512166524,35.0,0.12068944041210264,12.308095794823823
20.753306038999987,106.04208323299983,SAT_10080,19.94952112756897,190.96605634257546,98.96748987829943,170.505766062727,-65.04017891579122,29.90784554525241,35.0,0.1208781349159861,12.321380263400654
20.753306038999987,106.14208323299982,SAT_10080,19.895346074438052,190.66132166871404,98.96120155199168,170.52033084720983,-65.09435396892214,29.884239602714466,35.0,0.12110242863784958,12.337160295788923
20.753306038999987,106.24208323299982,SAT_10080,19.832622435562385,190.30850120003842,98.95385117394427,170.53715946120457,-65.1570776077978,29.856865738755122,35.0,0.1213621976391684,12.355421687709189
20.753306038999987,106.34208323299981,SAT_10080,19.761393171259655,189.90783658833558,98.94541179153788,170.55622544523902,-65.22830687210053,29.825724016231597,35.0,0.12165729974675606,12.376148143346349
20.753306038999987,106.4420832329998,SAT_10080,19.68170651427748,189.45959914281082,98.9358519509792,170.57749911054972,-65.30799352908271,29.79081450665715,35.0,0.1219875752122937,12.399321349977836
20.753306038999987,106.5420832329998,SAT_10080,19.593615736392863,188.96408851720986,98.92513536191738,170.6009476890526,-65.39608430696732,29.752137290202487,35.0,0.1223528474445569,12.424921060672657
20.753306038999987,106.6420832329998,SAT_10080,19.49717889496496,188.42163128417792,98.91322050195942,170.6265354959932,-65.49252114839523,29.709692455697375,35.0,0.12275292380798265,12.45292518429141
20.753306038999987,106.74208323299979,SAT_10080,19.3924585619028,187.83257941070323,98.90006015307308,170.6542241036396,-65.59724148145739,29.66348010063237,35.0,0.12318759648080449,12.483309881969356
20.753306038999987,107.04208323299977,SAT_10080,19.02928395874872,185.78972226796157,98.85253654720373,170.74947320417894,-65.96041608461147,29.50223901693742,35.0,0.12469690577669494,12.588484991593251
20.85330603899999,103.24208323299999,SAT_10080,19.532084092965334,188.61797302293002,98.91756437422617,170.6172839397817,-65.45761595039485,29.72506774256795,35.0,0.12260809297431739,12.44279166020679
20.85330603899999,103.34208323299998,SAT_10080,19.426088757565253,188.02174926130456,98.90432250839498,170.64534309140907,-65.56361128579493,29.678334654871144,35.0,0.12304797823493548,12.473554871022067
20.85330603899999,103.44208323299998,SAT_10080,19.31187843961324,187.37931622282446,98.88978430609438,170.67546140623278,-65.67782160374695,29.62783469914723,35.0,0.12352223122790311,12.506672665433484
20.85330603899999,103.54208323299997,SAT_10080,19.189524767874786,186.6910768192957,98.87388919673928,170.7075949721699,-65.8001752754854,29.573567991413665,35.0,0.12403061356800069,12.542117681161184
20.85330603899999,103.64208323299997,SAT_10080,19.05910296306243,185.95745416722616,98.85656900295402,170.74169772364212,-65.93059708029776,29.51553465635433,35.0,0.12457287463499776,12.579861138374971
20.85330603899999,103.74208323299996,SAT_10080,18.920691519281476,185.1788897959583,98.83774708131662,170.77772164424445,-66.06900852407871,29.453734827322002,35.0,0.12514875260777236,12.619872954548484
20.85330603899999,104.34208323299993,SAT_10080,19.581043314139677,188.89336864203568,98.92360122236751,170.60428843192042,-65.40865672922051,29.746609884696987,35.0,0.12240499356149091,12.42857318843559
20.85330603899999,104.44208323299992,SAT_10080,19.673084702470035,189.41110145139396,98.93481702573351,170.57979730139635,-65.31661534089015,29.787032988091678,35.0,0.12202331832226783,12.401827709263209
20.85330603899999,104.54208323299991,SAT_10080,19.756747672347757,189.88170565695614,98.9448638428948,170.5574672623597,-65.23295237101243,29.823690926393944,35.0,0.12167654994849354,12.377499485098179
20.85330603899999,104.64208323299991,SAT_10080,19.83197653597192,190.30486801484204,98.95378002254735,170.53733256280168,-65.15772350738827,29.856583615397966,35.0,0.12136487308307398,12.355609686901483
20.85330603899999,104.7420832329999,SAT_10080,19.898720538339944,190.68030302816217,98.96159894681608,170.51942443948715,-65.09097950502024,29.885710979552115,35.0,0.12108845585994804,12.336177589225256
20.85330603899999,104.8420832329999,SAT_10080,19.956934101246816,191.00775431951334,98.968349389692,170.50377096122912,-65.03276594211337,29.911072951957426,35.0,0.12084744913766429,12.319220483704013
20.85330603899999,104.94208323299989,SAT_10080,20.00657704592068,191.28699588330383,98.97405581974007,170.49039688571995,-64.98312299743951,29.932669474366296,35.0,0.12064198580289448,12.304753600282961
20.85330603899999,105.04208323299989,SAT_10080,20.04761479205247,191.51783320529515,98.97873865292229,170.47932353141294,-64.94208525130772,29.950500497181324,35.0,0.12047218015000702,12.292790036926084
20.85330603899999,105.14208323299988,SAT_10080,20.08001853116744,191.70010423781687,98.98241446029319,170.47056866582494,-64.90968151219275,29.96456597945432,35.0,0.12033812734225857,12.283340698479874
20.85330603899999,105.24208323299987,SAT_10080,20.103765372529622,191.83368022047912,98.98509613439104,170.46414641146615,-64.88593467083057,29.974865888885518,35.0,0.12023990295951142,12.276414245290427
20.85330603899999,105.34208323299987,SAT_10080,20.11883846002398,191.9184663376349,98.98679301732837,170.4600671704391,-64.87086158333621,29.981400201822908,35.0,0.12017756263665118,12.272017052083376
20.85330603899999,105.44208323299986,SAT_10080,20.125227058765546,191.9544022055562,98.98751099285936,170.4583375685415,-64.86447298459464,29.9841689032618,35.0,0.12015114179608016,12.270153177518848
20.85330603899999,105.54208323299986,SAT_10080,20.12292661049382,191.94146218402776,98.98725254404074,170.45896041950465,-64.86677343286637,29.983171986844496,35.0,0.1201606554768035,12.270824344729405
20.85330603899999,105.64208323299985,SAT_10080,20.111938757152103,191.8796555089806,98.98601677749062,170.46193470976775,-64.87776128620808,29.978409454860184,35.0,0.1202060982617258,12.274029933038804
20.85330603899999,105.74208323299985,SAT_10080,20.092271332389174,191.76902624468912,98.98379941466547,170.46725560396592,-64.89742871097101,29.96988131824498,35.0,0.1202874443038486,12.27976698094622
20.85330603899999,105.84208323299984,SAT_10080,20.06393832108128,191.6096530560822,98.9805927500045,170.47491447106464,-64.9257617222789,29.957587596582137,35.0,0.1204046474511201,12.288030200345277
20.85330603899999,105.94208323299983,SAT_10080,20.026959787312478,191.4016488036327,98.97638557521417,170.4848989308482,-64.96274025604771,29.941528318102442,35.0,0.12055764146875275,12.298812001833202
20.85330603899999,106.04208323299983,SAT_10080,19.98136177159924,191.1451599652457,98.97116306836907,170.49719292023556,-65.00833827176095,29.921703519684765,35.0,0.12074634035691051,12.312102530853247
20.85330603899999,106.14208323299982,SAT_10080,19.927176158466025,190.8403658913714,98.96490664586999,170.51177677868372,-65.06252388489416,29.8981132468568,35.0,0.12097063876078824,12.327889714306446
20.85330603899999,106.24208323299982,SAT_10080,19.86444051578654,190.4874779012993,98.9575937746064,170.52862735173227,-65.12525952757365,29.870757553795954,35.0,0.12123041246927663,12.346159317168059
20.85330603899999,106.34208323299981,SAT_10080,19.79319790758491,190.0867382301651,98.94919774089912,170.54771811155678,-65.19650213577528,29.839636503330432,35.0,0.12152551899764057,12.3668950085513
20.85330603899999,106.4420832329998,SAT_10080,19.713496682239253,189.6384188375958,98.93968737192192,170.56901929323462,-65.27620336112093,29.80475016694046,35.0,0.12185579824894861,12.39007843657784
20.85330603899999,106.5420832329998,SAT_10080,19.625390238242915,189.14282009011637,98.92902670428964,170.59249804528616,-65.36430980511727,29.766098624759724,35.0,0.12222107324838463,12.415689311342438
20.85330603899999,106.6420832329998,SAT_10080,19.528936769859527,188.60026933045987,98.91717459332125,170.61811859293513,-65.46076327350066,29.723681965576944,35.0,0.12262115094405843,12.443705495198417
20.85330603899999,106.74208323299979,SAT_10080,19.42419899514249,188.01111934767653,98.90408425509032,170.6458424124453,-65.5655010482177,29.677500286837624,35.0,0.12305582306751683,12.47410309954251
20.85330603899999,106.84208323299978,SAT_10080,19.311243868889946,187.37574676250594,98.88970273171424,170.67562841482723,-65.67845617447024,29.627553694645997,35.0,0.12352486704683868,12.506856587242169
20.85330603899999,106.94208323299978,SAT_10080,19.190142283162643,186.69455034278985,98.87397026833325,170.70743313717404,-65.79955776019754,29.573842303767105,35.0,0.12402804696498422,12.541938879825631
20.85330603899999,107.34208323299976,SAT_10080,18.62580949169869,183.5201783908051,98.7960539001057,170.85389802760136,-66.3638905516615,29.32135135194059,35.0,0.1263769971815995,12.704966878819127
20.95330603899999,103.142083233,SAT_10080,19.644109971492412,189.24811858964486,98.93131225942942,170.58751561259714,-65.34559007186778,29.77431836336542,35.0,0.12214344984507604,12.410249372790974
20.95330603899999,103.24208323299999,SAT_10080,19.54642558887494,188.69864393742156,98.91934662114531,170.61347949411484,-65.44327445448525,29.731380900313,35.0,0.12254859411975609,12.438627266563655
20.95330603899999,103.34208323299998,SAT_10080,19.440461073346583,188.10259353757453,98.90614222801824,170.64154450338873,-65.5492389700136,29.68467897374184,35.0,0.1229883180497926,12.469385122316927
20.95330603899999,103.44208323299998,SAT_10080,19.326284172508522,187.46034847036043,98.89164565115583,170.67166906375152,-65.66341587085167,29.634212690956282,35.0,0.12346239643281921,12.502497101623595
20.95330603899999,103.54208323299997,SAT_10080,19.203966538678486,186.7723117800665,98.87579663198134,170.70380924552975,-65.7857335046817,29.579982167920832,35.0,0.12397059082299693,12.537935836249789
20.95330603899999,103.64208323299997,SAT_10080,19.073583416984278,186.03890672053657,98.858527349547,170.7379189649223,-65.91611662637591,29.521987529262443,35.0,0.12451265053593694,12.575672540180118
20.95330603899999,103.74208323299996,SAT_10080,18.935213326658427,185.26057496245363,98.83976156753548,170.77395018678493,-66.05448671670176,29.46022890827299,35.0,0.12508831368296663,12.615677124506862
20.95330603899999,103.84208323299995,SAT_10080,19.019441058891772,185.73435595626623,98.8512392403661,170.7520380376253,-65.97025898446842,29.497848068101028,35.0,0.12473785115669328,12.591331163787443
20.95330603899999,103.94208323299995,SAT_10080,19.152371807294088,186.48209141602925,98.86900990809694,170.71732544409605,-65.8373282360661,29.557055911697812,35.0,0.12418504899639515,12.552873654671476
20.95330603899999,104.04208323299994,SAT_10080,19.277268233565067,187.18463381380352,98.88533470214958,170.68456487459395,-65.71243180979512,29.612501652313508,35.0,0.123666004545968,12.516702582968717
20.95330603899999,104.14208323299994,SAT_10080,19.39405413129073,187.84155448851038,98.90028421382479,170.65380298259066,-65.59564591206946,29.664185162501727,35.0,0.12318097179780324,12.482847120182715
20.95330603899999,104.24208323299993,SAT_10080,19.502656776859908,188.452444369837,98.91392119398,170.6250843372742,-65.48704326650028,29.712106323476284,35.0,0.12273019286364002,12.451335059838735
20.95330603899999,104.34208323299993,SAT_10080,19.603007242963216,189.01691574166807,98.9263013245441,170.59845122380182,-65.38669280039697,29.756265025108856,35.0,0.12231389696197043,12.42219270474205
20.95330603899999,104.44208323299992,SAT_10080,19.69504070354344,189.53460395743184,98.93747388138328,170.573943448612,-65.29465933981675,29.79666116592681,35.0,0.1219322994397519,12.395444757691802
20.95330603899999,104.54208323299991,SAT_10080,19.77869672754065,190.00516909241617,98.94748230361141,170.55159815155184,-65.21100331581954,29.833294653111203,35.0,0.12158560083590635,12.371114216543
20.95330603899999,104.64208323299991,SAT_10080,19.85391955878987,190.428297518193,98.95636468182015,170.53144962656688,-65.13578048457032,29.86616540249494,35.0,0.121273985994015,12.349222274504358
20.95330603899999,104.7420832329999,SAT_10080,19.920658379460036,190.8037033844627,98.96415417554681,170.5135291526868,-65.06904166390015,29.895273338561108,35.0,0.1209976232314524,12.329788226543002
20.95330603899999,104.8420832329999,SAT_10080,19.97886755450517,191.1311299940916,98.9708793685095,170.4978648369867,-65.01083248885502,29.92061839444149,35.0,0.12075666357193379,12.31282938273786
20.95330603899999,104.94208323299989,SAT_10080,20.02850685471813,191.4103510577895,98.97656456864598,170.4844814711285,-64.96119318864206,29.94220051191525,35.0,0.12055124004808046,12.29836098938072
20.95330603899999,105.04208323299989,SAT_10080,20.06954165613638,191.64117181576714,98.98123005873278,170.47340040298178,-64.92015838722381,29.96001964140776,35.0,0.12038146708013812,12.286396158569659
20.95330603899999,105.14208323299988,SAT_10080,20.10194311374616,191.82343001482215,98.98489230228854,170.46463942469526,-64.88775692961403,29.974075741989658,35.0,0.1202474399364183,12.276945806971995
20.95330603899999,105.24208323299987,SAT_10080,20.125688307665726,191.9569967306197,98.98756410854158,170.4582126784339,-64.86401173569446,29.984368781376,35.0,0.12014923428038046,12.27001860435616
20.95330603899999,105.34208323299987,SAT_10080,20.140760360255754,192.04177702643864,98.98925475943231,170.45413058081866,-64.84893968310443,29.990898735925647,35.0,0.1200869058085386,12.26562093240288
20.95330603899999,105.44208323299986,SAT_10080,20.147148522894824,192.07771044128341,98.9899701009026,170.4523997669145,-64.84255152046536,29.993665590640788,35.0,0.12006048998257403,12.263756854209069
20.95330603899999,105.54208323299986,SAT_10080,20.14484823148389,192.06477130209691,98.98971260007141,170.4530230543918,-64.8448518118763,29.992669339166657,35.0,0.12007000185817789,12.264428094792981
20.95330603899999,105.64208323299985,SAT_10080,20.133861130069704,192.0029688566421,98.98848136928977,170.45599942827062,-64.85583891329048,29.987909983791386,35.0,0.12011543601224373,12.267634032799005
20.95330603899999,105.74208323299985,SAT_10080,20.11419506233115,191.8923472256127,98.98627215749104,170.4613240464191,-64.87550498102904,29.97938753544607,35.0,0.12019676656910262,12.273371703486912
20.95330603899999,105.84208323299984,SAT_10080,20.085864031021643,191.73298517449675,98.98307730868719,170.46898826574306,-64.90383601233854,29.967102013704963,35.0,0.12031394732555101,12.281635812974889
20.95330603899999,105.94208323299983,SAT_10080,20.048888125809853,191.5249957076804,98.97888568689176,170.47897968877155,-64.94081191755033,29.95105344678589,35.0,0.12046691197348496,12.292418763591195
20.95330603899999,106.04208323299983,SAT_10080,20.003293420304402,191.26852548921227,98.9736825661604,170.49128223011138,-64.98640662305579,29.931241871550785,35.0,0.12065557441803804,12.305710690077149
20.95330603899999,106.14208323299982,SAT_10080,19.949111839373955,190.96375409647848,98.96744948381094,170.50587620202793,-65.04058820398623,29.90766733350642,35.0,0.12087982918823847,12.321499506276485
20.95330603899999,106.24208323299982,SAT_10080,19.886380998180627,190.61089311476604,98.96016405419998,170.5227384182031,-65.10331904517956,29.88032988680532,35.0,0.12113955193637135,12.339770961845426
20.95330603899999,106.34208323299981,SAT_10080,19.81514401462556,190.21018508226877,98.95179973966982,170.54184231453524,-65.17455602873463,29.849229594246808,35.0,0.12143460002146413,12.36050870842473
20.95330603899999,106.4420832329998,SAT_10080,19.735449297152314,189.76190229648176,98.94232557441262,170.56315808568283,-65.25425074620787,29.814366527278267,35.0,0.12176481317162205,12.383694374631686
20.95330603899999,106.5420832329998,SAT_10080,19.64735031007183,189.26634549415405,98.93170583600059,170.5866528359077,-65.34234973328836,29.775740765996538,35.0,0.12213001421933242,12.40930764915787
20.95330603899999,106.6420832329998,SAT_10080,19.550905318750097,188.72384241796928,98.91989965816505,170.6122907426588,-65.43879472461009,29.733352399149524,35.0,0.12253000990334183,12.437326371197484
20.95330603899999,106.74208323299979,SAT_10080,19.44617711713215,188.13474628386837,98.90686057702938,170.6400332312525,-65.54352292622804,29.687201524137905,35.0,0.1229645917302944,12.467726627383161
20.95330603899999,106.84208323299978,SAT_10080,19.333232740184428,187.49943416353742,98.89253600136082,170.66983915893357,-65.65646730317576,29.6372882470171,35.0,0.1234335368890003,12.500482854370286
20.95330603899999,107.04208323299977,SAT_10080,19.0829829954248,186.0917793492645,98.85978556069765,170.73546507626043,-65.90671704793539,29.52617495395595,35.0,0.12447356016290637,12.572953365468004
20.95330603899999,107.14208323299977,SAT_10080,18.945830156226904,185.32029462877634,98.84121779956897,170.7711916930161,-66.04386988713328,29.464975193419768,35.0,0.12504412988422794,12.612609257652727
20.95330603899999,107.44208323299975,SAT_10080,18.487237777350046,182.740712497594,98.77569706367225,170.889428711987,-66.50246226601014,29.25880517016181,35.0,0.12695480519365632,12.744883918991302
21.053306038999988,103.042083233,SAT_10080,19.73787855284388,189.77556685974685,98.94262236388145,170.56250921398788,-65.2518214905163,29.81543031939472,35.0,0.12175474550963707,12.382987850413516
21.053306038999988,103.142083233,SAT_10080,19.648587145144916,189.27330269144016,98.93186334802373,170.58632348891823,-65.34111289821527,29.776283663953038,35.0,0.12212488591142007,12.408948187338659
21.053306038999988,103.24208323299999,SAT_10080,19.550956605241282,188.72413090448222,98.91991465888378,170.61227713208348,-65.4387434381189,29.733374968642273,35.0,0.12252979714324343,12.437311477534443
21.053306038999988,103.34208323299998,SAT_10080,19.445050423253292,188.12840863079978,98.90672919371552,170.6403311430622,-65.5446496201069,29.686704332063957,35.0,0.1229692683871072,12.468053540721531
21.053306038999988,103.44208323299998,SAT_10080,19.330936293698542,187.48651665205432,98.89225366819703,170.67044397680996,-65.65876374966165,29.63627186147371,35.0,0.12344307462304165,12.501148559702358
21.053306038999988,103.54208323299997,SAT_10080,19.208685813368433,186.79885770019746,98.87642798935026,170.70257173667835,-65.78101422999175,29.582077672783356,35.0,0.12395097759597526,12.536569188500788
21.053306038999988,103.64208323299997,SAT_10080,19.0783741697704,186.0658547049585,98.85918452573878,170.7366683730785,-65.91132587358979,29.524121890563226,35.0,0.12449272681941304,12.574286664255107
21.053306038999988,103.74208323299996,SAT_10080,18.94007982277354,185.28794900310118,98.8404472578973,170.77268588604892,-66.04962022058665,29.462404648044597,35.0,0.12506806060843906,12.614270921973887
21.053306038999988,103.84208323299995,SAT_10080,19.031791008241385,185.8038244213578,98.85292417449642,170.748819785143,-65.9579090351188,29.503357243985707,35.0,0.12468647705732748,12.587760016904166
21.053306038999988,103.94208323299995,SAT_10080,19.164674501437915,186.55129407058828,98.87064803383548,170.71410471896738,-65.82502554192227,29.562525405062416,35.0,0.12413390652647532,12.549312321490834
21.053306038999988,104.04208323299994,SAT_10080,19.289526709166964,187.2535877390642,98.88693043118789,170.6813417976661,-65.70017333419322,29.61793398474733,35.0,0.12361507897136086,12.513150442303099
21.053306038999988,104.14208323299994,SAT_10080,19.40627141911584,187.9102767325266,98.9018416247855,170.6505776811337,-65.58342862424435,29.669582855652457,35.0,0.12313024838955935,12.479303550373546
21.053306038999988,104.24208323299993,SAT_10080,19.514835901955692,188.52095194850077,98.91544407393314,170.62185694477392,-65.4748641414045,29.717471899046036,35.0,0.1226796568968146,12.447799438779786
21.053306038999988,104.34208323299993,SAT_10080,19.61515122487947,189.08522563994703,98.92779320552457,170.59522187971072,-65.37454881848072,29.761601004850167,35.0,0.12226353371461124,12.418664409905544
21.053306038999988,104.44208323299992,SAT_10080,19.707152556586678,189.60273313080006,98.93893807269427,170.57071229806328,-65.28254748677351,29.801970071638685,35.0,0.12188209419204485,12.391923166156866
21.053306038999988,104.54208323299991,SAT_10080,19.790779461068226,190.07313446850878,98.94892192057387,170.5483653450317,-65.19892058229196,29.83857900663512,35.0,0.12153553886946858,12.367598705025912
21.053306038999988,104.64208323299991,SAT_10080,19.865976177538244,190.4961159986526,98.95778267152522,170.5282153195513,-65.12372386582194,29.87142772571089,35.0,0.12122405259132481,12.345712219390215
21.053306038999988,104.7420832329999,SAT_10080,19.932691883909612,190.87139184699157,98.96555334008572,170.5102935052403,-65.05700815945058,29.900516153383634,35.0,0.1209478036754047,12.326283003918507
21.053306038999988,104.8420832329999,SAT_10080,19.990880941277524,191.19870529468608,98.97226238608765,170.49462801332817,-64.99881910208266,29.925844222815723,35.0,0.12070694314550955,12.309328368424717
21.053306038999988,104.94208323299989,SAT_10080,20.040503117004548,191.47783003315058,98.97793401293342,170.4812436391648,-64.94919692635564,29.947411875812936,35.0,0.12050160403411805,12.294863558969654
21.053306038999988,105.04208323299989,SAT_10080,20.081523784154086,191.70857128586673,98.98258841675846,170.47016173381365,-64.9081762592061,29.965219062823323,35.0,0.12033190076119411,12.282901687454576
21.053306038999988,105.14208323299988,SAT_10080,20.113914095219556,191.89076678561,98.98624199115066,170.46140009209776,-64.87578594814063,29.979265742936224,35.0,0.12019792859470506,12.273453670384388
21.053306038999988,105.24208323299987,SAT_10080,20.1376511283283,192.0242875968467,98.98890749117723,170.45497285831613,-64.85204891503189,29.98955188388146,35.0,0.12009976319776733,12.26652817739946
21.053306038999988,105.34208323299987,SAT_10080,20.152718004369248,192.10903877457702,98.99059415966856,170.45089045066624,-64.83698203899094,29.996077462028698,35.0,0.12003746026660365,12.262131590086794
21.053306038999988,105.44208323299986,SAT_10080,20.159103973781484,192.14495985252086,98.99130781799347,170.4491595052191,-64.8305960695787,29.998842462386985,35.0,0.12001105526269308,12.260267971483911
21.053306038999988,105.54208323299986,SAT_10080,20.156804472066426,192.13202515537367,98.99105092291441,170.4497828400727,-64.83289557129376,29.997846878604452,35.0,0.12002056324163679,12.26093904658388
21.053306038999988,105.64208323299985,SAT_10080,20.14582114341465,192.0702439317074,98.98982259050764,170.4527594400932,-64.84387889994554,29.99309071296819,35.0,0.12006597878036107,12.264144194040165
21.053306038999988,105.74208323299985,SAT_10080,20.126161832191556,191.95966030607752,98.98761858756201,170.45808446241375,-64.86353821116863,29.984573976404292,35.0,0.1201472760033485,12.269880449155826
21.053306038999988,105.84208323299984,SAT_10080,20.09784054237302,191.80035305084826,98.98443129030763,170.465749262631,-64.89185950098717,29.972296688478075,35.0,0.12026440870764865,12.27814251812661
21.053306038999988,105.94208323299983,SAT_10080,20.060877365376044,191.59243518024024,98.98024960976063,170.47574144140043,-64.92882267798414,29.95625887739446,35.0,0.1204173105854818,12.288922803392687
21.053306038999988,106.04208323299983,SAT_10080,20.015298377068447,191.33605337101002,98.9750588823844,170.48804491090632,-64.97440166629174,29.936460579998528,35.0,0.12060589554233225,12.302211439841605
21.053306038999988,106.14208323299982,SAT_10080,19.96113550506911,191.03138721601374,98.9688407241433,170.50263998046202,-65.02856453829108,29.912901841776243,35.0,0.12083005810754824,12.317996341497754
21.053306038999988,106.24208323299982,SAT_10080,19.89842636775957,190.6786483186476,98.96157284534577,170.51950346029005,-65.09127367560062,29.88558271685537,35.0,0.12108967393363324,12.336263258232293
21.053306038999988,106.34208323299981,SAT_10080,19.827214086701517,190.27807923769606,98.95322882291521,170.53860878235054,-65.16248595665867,29.854503268006514,35.0,0.12138460037964821,12.356995841935001
21.053306038999988,106.4420832329998,SAT_10080,19.74754707441177,189.8299522935662,98.94377782586824,170.55992613691342,-65.24215296894842,29.819663566644373,35.0,0.12171467717345079,12.380175721505925
21.053306038999988,106.5420832329998,SAT_10080,19.659478799655048,189.33456824805964,98.93318428878892,170.58342262343487,-65.33022124370514,29.78106369282914,35.0,0.1220797271468912,12.405782585952512
21.053306038999988,106.6420832329998,SAT_10080,19.563067532595824,188.7922548708515,98.92140752693119,170.60906241417783,-65.42663251076436,29.7387037352681,35.0,0.12247955703756946,12.433794274817066
21.053306038999988,106.74208323299979,SAT_10080,19.458376072288885,188.20336540662498,98.90840128521647,170.63680692892703,-65.5313239710713,29.692583791317354,35.0,0.12291395835034188,12.464186875111286
21.053306038999988,106.84208323299978,SAT_10080,19.34547145908354,187.56827695734492,98.89411321176594,170.66661501909,-65.64422858427665,29.642703966983756,35.0,0.12338270827144705,12.496934823898975
21.053306038999988,106.94208323299978,SAT_10080,19.22442467457813,186.887388794502,98.87848424465167,170.69844315943578,-65.76527536878206,29.589064376927,35.0,0.1238855706279088,12.532011015645368
21.053306038999988,107.04208323299977,SAT_10080,19.095310331777128,186.16112061624634,98.86144789818343,170.73224564571885,-65.89438971158306,29.531665144461872,35.0,0.12442229688475792,12.569386913441322
21.053306038999988,107.14208323299977,SAT_10080,18.95820635808741,185.3899107642417,98.8429294321632,170.7679747964484,-66.03149368527278,29.470506401560712,35.0,0.12499262717259853,12.609032663212483
21.053306038999988,107.24208323299976,SAT_10080,18.813193673733323,184.57421441474995,98.82284488399982,170.80558115710784,-66.17650636962686,29.40558828885598,35.0,0.12559629133811903,12.65091721003689
21.053306038999988,107.34208323299976,SAT_10080,18.660355868088445,183.7145017579975,98.801099939209,170.84501370518637,-66.32934417527174,29.336910955643063,35.0,0.12623301001030993,12.695008415718123
21.153306038999986,102.942083233,SAT_10080,19.813270263203663,190.19964523052062,98.95158875254519,170.54234416405518,-65.17642978015652,29.848410759182126,35.0,0.12144236223194861,12.361054013051529
21.153306038999986,103.042083233,SAT_10080,19.732443241771747,189.74499323496607,98.94197821353494,170.56396094857485,-65.25725680158844,29.813050054315067,35.0,0.12177727147014764,12.384568635858518
21.153306038999986,103.142083233,SAT_10080,19.643224735149545,189.2431391352162,98.93121952350249,170.58775129980646,-65.34647530821064,29.77392975234986,35.0,0.12214712039839913,12.41050664035565
21.153306038999986,103.24208323299999,SAT_10080,19.545673624716187,188.69441413902854,98.91927123536995,170.61367901888374,-65.444026418644,29.731049943195266,35.0,0.12255171369603161,12.438845629259491
21.153306038999986,103.34208323299998,SAT_10080,19.439853278731746,188.0991746928661,98.90608626119702,170.64170518131613,-65.54984676462844,29.68441072540826,35.0,0.12299084094332695,12.469561467777243
21.153306038999986,103.44208323299998,SAT_10080,19.3258312631219,187.4578008550607,98.89161133412054,170.67178832207946,-65.66386878023829,29.634012206195987,35.0,0.12346427754159715,12.502628386813212
21.153306038999986,103.54208323299997,SAT_10080,19.20367904018846,186.7706946010601,98.87578638171823,170.7038846280976,-65.78602100317173,29.579854501417874,35.0,0.12397178567747173,12.538019090814522
21.153306038999986,103.64208323299997,SAT_10080,19.073471657900498,186.03827807569033,98.85854379673752,170.73794813635854,-65.91622838545969,29.52193773558791,35.0,0.12451311532393818,12.575704869365127
21.153306038999986,103.74208323299996,SAT_10080,18.93528743238818,185.2609918071835,98.83980758816152,170.7739309359381,-66.05441261097201,29.460262041877105,35.0,0.12508800527067487,12.615655711640331
21.153306038999986,103.84208323299995,SAT_10080,19.034460753195347,185.81884173672384,98.8533006791289,170.74812390003817,-65.95523929016484,29.50454796015961,35.0,0.12467537171180548,12.586987978574484
21.153306038999986,103.94208323299995,SAT_10080,19.16726368308443,186.5658582173499,98.87100354874897,170.71342672159182,-65.82243636027576,29.563676275434627,35.0,0.12412314367758219,12.548562770440991
21.153306038999986,104.04208323299994,SAT_10080,19.292040015223577,187.26772508563266,98.88726697495947,170.68068081372016,-65.69766002813661,29.619047541285468,35.0,0.12360463830793003,12.512422117393994
21.153306038999986,104.14208323299994,SAT_10080,19.40871361416427,187.92401407967404,98.90216105622731,170.6499327898639,-65.58098642919592,29.670661630382238,35.0,0.12312010934083441,12.478595160373422
21.153306038999986,104.24208323299993,SAT_10080,19.517211824833296,188.5343165146873,98.91574811235968,170.62122718047453,-65.47248821852689,29.718518424047314,35.0,0.1226697986414595,12.447109663458217
21.153306038999986,104.34208323299993,SAT_10080,19.6174657856091,189.09824504405117,98.92808344852372,170.59460623351512,-65.37223425775109,29.76261781225297,35.0,0.122253935191287,12.417991901297654
21.153306038999986,104.44208323299992,SAT_10080,19.7094107328505,189.61543537228405,98.93921601179622,170.57010972002223,-65.28028931050969,29.802959693619254,35.0,0.1218727341115206,12.391266549995189
21.153306038999986,104.54208323299991,SAT_10080,19.79298629423198,190.0855479050549,98.94918895514819,170.54777474647634,-65.19671374912821,29.839543975411967,35.0,0.12152639572822081,12.366956582335623
21.153306038999986,104.64208323299991,SAT_10080,19.86813676824579,190.50826932138258,98.95804012118576,170.52763557572712,-65.1215632751144,29.872370573540834,35.0,0.12121510468656327,12.345083168241546
21.153306038999986,104.7420832329999,SAT_10080,19.93481138726355,190.88331405335748,98.96580245583974,170.50972345820458,-65.05488865609664,29.90143941255787,35.0,0.12093902912144842,12.325665581328476
21.153306038999986,104.8420832329999,SAT_10080,19.992964561632476,191.21042565918268,98.97250436043274,170.49406647509352,-64.99673548172771,29.926750425655868,35.0,0.12069831989142206,12.30872111239864
21.153306038999986,104.94208323299989,SAT_10080,20.042556102404646,191.48937807602613,98.97816998907767,170.48068939506916,-64.94714394095554,29.948303554667095,35.0,0.12049310988249676,12.294264990670973
21.153306038999986,105.04208323299989,SAT_10080,20.083551420447662,191.71997674001813,98.9828194971172,170.46961354609638,-64.90614862291253,29.966098750062155,35.0,0.12032351338799503,12.282310313490312
21.153306038999986,105.14208323299988,SAT_10080,20.115921699891743,191.90205956189104,98.98646924525507,170.46085670365574,-64.87377834346844,29.980135970949004,35.0,0.12018962556997313,12.272867985191741
21.153306038999986,105.24208323299987,SAT_10080,20.139644044094695,192.03549774803267,98.98913196311607,170.45443299661255,-64.85005599926549,29.99041518507214,35.0,0.12009152200713046,12.265946665717946
21.153306038999986,105.34208323299987,SAT_10080,20.154701592576117,192.12019645824066,98.99081687517298,170.45035283176347,-64.83499845078407,29.996936368811983,35.0,0.12002925833338013,12.261552729499204
21.153306038999986,105.44208323299986,SAT_10080,20.161083607663272,192.15609529310592,98.99152979126697,170.44862283790252,-64.82861643569692,29.999699507184403,35.0,0.12000286997045435,12.25969023500835
21.153306038999986,105.54208323299986,SAT_10080,20.158785529910645,192.14316860574738,98.99127316330343,170.44924583003433,-64.83091451344954,29.99870459384042,35.0,0.12001237195706184,12.260360905298562
21.153306038999986,105.64208323299985,SAT_10080,20.147809001688074,192.08142563449545,98.99004610910559,170.45222079413978,-64.84189104167211,29.99395163106608,35.0,0.12005775887621474,12.263564119722199
21.153306038999986,105.74208323299985,SAT_10080,20.128161858680656,191.9709104550787,98.98784440383723,170.4575428926657,-64.86153818467953,29.98544062978251,35.0,0.12013900488141535,12.269296916914922
21.153306038999986,105.84208323299984,SAT_10080,20.099858089391404,191.81170175282665,98.98466043884666,170.46520349067856,-64.88984195396878,29.97317160954612,35.0,0.1202560638214535,12.277554009014878
21.153306038999986,105.94208323299983,SAT_10080,20.062917763091136,191.60391241738765,98.98048314722085,170.47519020238357,-64.92678228026905,29.957144598549007,35.0,0.12040886946263149,12.288327806971854
21.153306038999986,106.04208323299983,SAT_10080,20.017366926998264,191.34768896436523,98.97529789475466,170.48748695748537,-64.97233311636192,29.93735963361948,35.0,0.12059733580631762,12.301608456689706
21.153306038999986,106.14208323299982,SAT_10080,19.963237473796795,191.04321079010697,98.96908633441855,170.50207408664937,-65.02646256956339,29.913816760222815,35.0,0.12082135749885183,12.317383885637986
21.153306038999986,106.24208323299982,SAT_10080,19.900566980909616,190.6906892676166,98.96182622173106,170.51892842511478,-65.08913306245057,29.88651603246213,35.0,0.12108081032999722,12.335639859467914
21.153306038999986,106.34208323299981,SAT_10080,19.829398523221528,190.2903666931211,98.95349118768766,170.53802343332745,-65.16030152013866,29.855457513079457,35.0,0.12137555181536638,12.35636004807529
21.153306038999986,106.4420832329998,SAT_10080,19.749780461193723,189.84251509421472,98.944050465041,170.55932933329632,-65.23991958216646,29.820641273456985,35.0,0.12170542185756072,12.379526100469569
21.153306038999986,106.5420832329998,SAT_10080,19.661766206530757,189.34743491173552,98.93346856274177,170.58281325923133,-65.32793383682943,29.782067393618448,35.0,0.122070243480155,12.40511772773639
21.153306038999986,106.6420832329998,SAT_10080,19.56541396773362,188.8054535685016,98.92170488219722,170.60843942090912,-65.42428607562657,29.73973596223073,35.0,0.12246982362814533,12.43311279332003
21.153306038999986,106.74208323299979,SAT_10080,19.460786478013205,188.2169239388243,98.90871326764511,170.6361692781203,-65.52891356534698,29.69364707660557,35.0,0.1229039540280632,12.4634874098042
21.153306038999986,106.84208323299978,SAT_10080,19.34795070813641,187.58222273326732,98.89444148132046,170.66596172449056,-65.64174933522378,29.643800842701513,35.0,0.12337241210064039,12.496216041334092
21.153306038999986,106.94208323299978,SAT_10080,19.22697756683266,186.9017488134337,98.87883059214607,170.69777327893493,-65.76272247652753,29.590197375125978,35.0,0.12387496191869726,12.531271610799879
21.153306038999986,107.04208323299977,SAT_10080,19.097941591412393,186.1759214516947,98.86181426432168,170.73155828299087,-65.8917584519478,29.532836797137524,35.0,0.1244113552028116,12.568625610891631
21.153306038999986,107.14208323299977,SAT_10080,18.96092063122464,185.4051785506386,98.84331792931418,170.76726910229897,-66.02877941213555,29.47171924064828,35.0,0.12498133234730768,12.608248218137552
21.153306038999986,107.24208323299976,SAT_10080,18.815995526532163,184.5899748367434,98.82325782123075,170.80485633053482,-66.17370451682802,29.40684484622653,35.0,0.1255846234691807,12.650108409050562
21.153306038999986,107.34208323299976,SAT_10080,18.66324978529552,183.73078004228728,98.80153985120961,170.8442689941595,-66.32645025806467,29.338213763099493,35.0,0.12622094947273133,12.69417407753192
21.153306038999986,107.44208323299975,SAT_10080,18.502769260241152,182.82807708885647,98.77805829106701,170.8854547564388,-66.48693078311904,29.26582614915627,35.0,0.126890023122924,12.74041215271358
21.153306038999986,107.54208323299974,SAT_10081,18.58494624655242,183.29032263685735,98.79019715272878,170.86502736958687,-66.40475379680777,29.303268517506606,35.0,0.12654313640817624,12.716451808319325
21.253306038999987,102.84208323300001,SAT_10080,19.87019089633469,190.51982379188263,98.95828496929892,170.52708435804288,-65.1195091470255,29.873266912023425,35.0,0.12120659778529179,12.344485103220745
21.253306038999987,102.942083233,SAT_10080,19.79788834146369,190.11312192073328,98.94977501794851,170.5464626846951,-65.1918117018965,29.84168726073362,35.0,0.12150608642297134,12.365530191512061
21.253306038999987,103.042083233,SAT_10080,19.717149038982427,189.65896334427612,98.94015163657514,170.56804444872367,-65.27255100437776,29.8063504742182,35.0,0.12184065990077994,12.389016369971511
21.253306038999987,103.142083233,SAT_10080,19.62802694107586,189.1576515435517,98.92937848435469,170.59179645878228,-65.36167310228433,29.76725663370295,35.0,0.12221013940396885,12.414923137801019
21.253306038999987,103.24208323299999,SAT_10080,19.53058074812428,188.6095167081991,98.9174140298289,170.61768263015364,-65.45911929523591,29.7244058290562,35.0,0.1226143301940397,12.44322816394442
21.253306038999987,103.34208323299998,SAT_10080,19.424873635438757,188.01491419934302,98.90421108869343,170.64566415989253,-65.56482640792143,29.677798158790615,35.0,0.12305302247360822,12.473907384345896
21.253306038999987,103.44208323299998,SAT_10080,19.310972965336674,187.37422293001882,98.88971628443355,170.67569971107338,-65.67872707802351,29.627433730065114,35.0,0.12352599230267002,12.506935104712587
21.253306038999987,103.54208323299997,SAT_10080,19.188949987177097,186.68784367787117,98.87386942014777,170.7077456044075,-65.80075005618309,29.57331265868699,35.0,0.12403300255895261,12.542284107903619
21.253306038999987,103.64208323299997,SAT_10080,19.05887952799108,185.95619734494983,98.85660274745695,170.74175601548885,-65.9308205153691,29.515435069114186,35.0,0.12457380393493662,12.579925765059517
21.253306038999987,103.74208323299996,SAT_10080,18.92083967631966,185.1797231792981,98.837840115418,170.77768317594519,-66.06886036704053,29.45380109445775,35.0,0.1251481359641251,12.619830149588966
21.253306038999987,103.84208323299995,SAT_10080,19.027448315408392,185.77939677417223,98.85237079893209,170.74995159688964,-65.9622517279518,29.501420214018044,35.0,0.12470454169402434,12.589015803386168
21.253306038999987,103.94208323299995,SAT_10080,19.160137410546838,186.52577293432597,98.87007838039514,170.7152926448522,-65.82956263281335,29.560508520297144,35.0,0.12415276689691604,12.550625741361362
21.253306038999987,104.04208323299994,SAT_10080,19.28480624562492,187.22703513164018,98.88634615671465,170.682583094536,-65.70489379773527,29.61584231949244,35.0,0.12363468888003615,12.514518333811669
21.253306038999987,104.14208323299994,SAT_10080,19.401378844612225,187.88275600094377,98.90124423859379,170.65186946018198,-65.58832119874796,29.667421484331843,35.0,0.12315056085772441,12.480722662040096
21.253306038999987,104.24208323299993,SAT_10080,19.509782706459276,188.4925277238334,98.91483495727842,170.62319617624985,-65.47991733690091,29.71524589619159,35.0,0.12270062419068438,12.449266432651969
21.253306038999987,104.34208323299993,SAT_10080,19.60994911721332,189.05596378432494,98.92717362855649,170.59660539853934,-65.37975092614687,29.75931544509387,35.0,0.12228510737808114,12.42017586532332
21.253306038999987,104.44208323299992,SAT_10080,19.70181345359839,189.57270067649094,98.9383092092953,170.57213681036555,-65.2878865897618,29.799630029704705,35.0,0.12190422508385204,12.393475584017091
21.253306038999987,104.54208323299991,SAT_10080,19.785315475421783,190.04239954924753,98.94828486141928,170.54982743553123,-65.2043845679384,29.83618955733195,35.0,0.1215581772046644,12.36918851253446
21.253306038999987,104.64208323299991,SAT_10080,19.860399604175285,190.46474777348598,98.95713843564742,170.52971145983787,-65.1293004391849,29.86899394392345,35.0,0.12124714798688466,12.347335775283584
21.253306038999987,104.7420832329999,SAT_10080,19.927015185239043,190.83946041696962,98.96490288518221,170.511820062855,-65.06268485812114,29.898043114065402,35.0,0.12097130519975761,12.327936604131777
21.253306038999987,104.8420832329999,SAT_10080,19.985116731173846,191.16628161285288,98.97160661777784,170.49618126161818,-65.00458331218634,29.923337000980876,35.0,0.12073079937172626,12.311008252177318
21.253306038999987,104.94208323299989,SAT_10080,20.034664143705683,191.44498580834448,98.97727379314037,170.48281976785125,-64.9550358996545,29.944875546528493,35.0,0.12052576309645434,12.296565915235293
21.253306038999987,105.04208323299989,SAT_10080,20.075622912167162,191.6753788809403,98.98192457136956,170.47175686020265,-64.91407713119303,29.962658701201292,35.0,0.12035631041464757,12.284622661777023
21.253306038999987,105.14208323299988,SAT_10080,20.107964286356463,191.85729911075512,98.98557531709267,170.46301027285605,-64.88173575700372,29.97668642412574,35.0,0.12022253627720676,12.275189371996202
21.253306038999987,105.24208323299987,SAT_10080,20.131665422002584,191.99061799876455,98.98823876302662,170.456594101727,-64.8580346213576,29.986958683060955,35.0,0.12012451609459858,12.268274686596952
21.253306038999987,105.34208323299987,SAT_10080,20.146709497298943,192.07524092230653,98.98992413590683,170.45251872927162,-64.84299054606124,29.993475454398048,35.0,0.12006230537659952,12.263884965811078
21.253306038999987,105.44208323299986,SAT_10080,20.153085799250874,192.11110762078616,98.99063724700922,170.45079076874813,-64.83661424410931,29.996236723159665,35.0,0.12003593946577279,12.262024259055067
21.253306038999987,105.54208323299986,SAT_10080,20.150789778902535,192.09819250632677,98.99038054884687,170.45141302855686,-64.83891026445765,29.99524248299971,35.0,0.12004543336718387,12.262694285533325
21.253306038999987,105.64208323299985,SAT_10080,20.139823074844543,192.03650479600054,98.98915315902424,170.45438449705807,-64.84987696851564,29.99049273620319,35.0,0.12009078167596547,12.265894425984797
21.253306038999987,105.74208323299985,SAT_10080,20.120193504742716,191.92608846417778,98.98695085165957,170.4597003480432,-64.86950653861747,29.981987493686294,35.0,0.12017195860341827,12.271621725657132
21.253306038999987,105.84208323299984,SAT_10080,20.09191502498058,191.76702201551575,98.98376601622822,170.4673519667968,-64.89778501837961,29.96972677499657,35.0,0.12028891810140047,12.279870908477978
21.253306038999987,105.94208323299983,SAT_10080,20.055007658858685,191.5594180810801,98.97958758311555,170.47732699645178,-64.9346923845015,29.953710608313347,35.0,0.12044159408382715,12.290634402279242
21.253306038999987,106.04208323299983,SAT_10080,20.009497394127465,191.30342284196698,98.97440091458432,170.48960940411922,-64.98020264923272,29.93393903044826,35.0,0.12062990074319101,12.303902374818575
21.253306038999987,106.14208323299982,SAT_10080,19.9554160509594,190.99921528664663,98.96818765924044,170.50417956605185,-65.03428399240079,29.910412086845987,35.0,0.12085373295914012,12.31966278023578
21.253306038999987,106.24208323299982,SAT_10080,19.892801121769068,190.647006309951,98.96092556740294,170.52101437089956,-65.09689892159112,29.883129831585144,35.0,0.12111296679532353,12.337901415481369
21.253306038999987,106.34208323299981,SAT_10080,19.821695584569284,190.24703766320224,98.95258826403051,170.5400873399281,-65.1680044587909,29.852092327379335,35.0,0.12140746007995391,12.358601986162181
21.253306038999987,106.4420832329998,SAT_10080,19.742147691794855,189.79958076634605,98.94314497499958,170.56136876291254,-65.24755235156533,29.8172996455784,35.0,0.12173705306484758,12.381746181166344
21.253306038999987,106.5420832329998,SAT_10080,19.654210736747743,189.30493539420604,98.93256020154378,170.58482584826737,-65.33548930661244,29.778751866169802,35.0,0.12210156915709947,12.407313755357778
21.253306038999987,106.6420832329998,SAT_10080,19.55794279998402,188.7634282499101,98.92079333651228,170.61042288586924,-65.43175724337617,29.73644907778023,35.0,0.12250081571703836,12.435282619570126
21.253306038999987,106.74208323299979,SAT_10080,19.45340647810866,188.17541143936126,98.90779821474551,170.63812142093113,-65.53629356525153,29.690391377677287,35.0,0.1229345849156928,12.465628937081988
21.253306038999987,106.84208323299978,SAT_10080,19.340668597538496,187.54126086115406,98.89352258824718,170.66788043722855,-65.64903144582169,29.640578871771464,35.0,0.12340265464468218,12.498327225719926
21.253306038999987,106.94208323299978,SAT_10080,19.21979991585046,186.86137452665884,98.87790751488433,170.69965654794362,-65.76990012750973,29.587011674618175,35.0,0.12390478947123446,12.533350464713045
21.253306038999987,107.04208323299977,SAT_10080,19.09087481335547,186.13617082512454,98.86088664699253,170.73340419238122,-65.89882523000472,29.52968990942003,35.0,0.12444074163091717,12.570670205412618
21.253306038999987,107.14208323299977,SAT_10081,18.960658880569554,185.40370620320374,98.84332612268882,170.76797595114255,-66.02904116279063,29.471953059008527,35.0,0.12497833348398277,12.608039937172633
21.253306038999987,107.24208323299976,SAT_10081,18.841808775519723,184.73517436229847,98.82691543373485,170.7988125737391,-66.14789126784046,29.418764321995848,35.0,0.12547301007982492,12.6423700060174
21.253306038999987,107.34208323299976,SAT_10081,18.715020748418112,184.0219917098519,98.80901749969756,170.83156961598516,-66.27467929494208,29.3618477234903,35.0,0.1260010545002503,12.678956347946968
21.35330603899999,102.942083233,SAT_10080,19.772638280435743,189.97109032745104,98.94678490608953,170.55321861138364,-65.21706176292444,29.830644364372514,35.0,0.12161070381820398,12.37287681209512
21.35330603899999,103.042083233,SAT_10080,19.69200799873235,189.5175449928695,98.93713547090157,170.57475228748064,-65.29769204462784,29.795331593752703,35.0,0.1219448709175561,12.39632647998236
21.35330603899999,103.142083233,SAT_10080,19.60300564441158,189.01690674981518,98.92633294871844,170.5984516488008,-65.3866943989486,29.756264322603887,35.0,0.12231390359166294,12.42219316916003
21.35330603899999,103.24208323299999,SAT_10080,19.505689670959086,188.46950439914485,98.91433562591571,170.6242807670915,-65.4840103724011,29.71344264075418,35.0,0.12271760789131834,12.450454638172463
21.35330603899999,103.34208323299998,SAT_10080,19.4001229904824,187.87569182146353,98.90109610963631,170.65220100601886,-65.58957705287779,29.666866646672162,35.0,0.12315577486312182,12.481086918667968
21.35330603899999,103.44208323299998,SAT_10080,19.28637268754514,187.2358463674414,98.88656078542873,170.68217120426155,-65.70332735581505,29.616536447468764,35.0,0.12362818146063977,12.514064417561624
21.35330603899999,103.54208323299997,SAT_10080,19.16450972100509,186.55036718065364,98.87066918552397,170.71414786594772,-65.8251903223551,29.562452158899426,35.0,0.1241345914994874,12.549360023807308
21.35330603899999,103.64208323299997,SAT_10080,19.03460861647244,185.81967346765748,98.85335325354791,170.7480853567057,-65.95509142688775,29.50461390536633,35.0,0.12467475664896958,12.586945218899409
21.35330603899999,103.74208323299996,SAT_10080,18.89674715197755,185.04420272987372,98.83453648846279,170.7839361036228,-66.09295289138264,29.443021819920865,35.0,0.12524841745291143,12.626790190227775
21.35330603899999,103.84208323299995,SAT_10080,19.01075888939232,185.6855187528318,98.8501308370229,170.75429968665418,-65.97894115396787,29.493974012402955,35.0,0.12477396974265499,12.593841509973993
21.35330603899999,103.94208323299995,SAT_10080,19.14330102595865,186.4310682710174,98.86786889922644,170.719699206852,-65.84639901740154,29.553022146578808,35.0,0.12422275844599809,12.555499198682353
21.35330603899999,104.04208323299994,SAT_10080,19.26783088434931,187.13154872446486,98.88416440845441,170.6870452689102,-65.72186915901088,29.608318326378452,35.0,0.12370521249172615,12.519437003987413
21.35330603899999,104.14208323299994,SAT_10080,19.384272729896523,187.78653410566795,98.8990876599879,170.65638423551977,-65.60542731346366,29.659862424587313,35.0,0.12322158430831533,12.4856839182229
21.35330603899999,104.24208323299993,SAT_10080,19.492554294741296,188.39561790791979,98.91270114774888,170.62776039450102,-65.49714574861889,29.7076543226352,35.0,0.12277211449992059,12.454267562253138
21.35330603899999,104.34208323299993,SAT_10080,19.59260708849922,188.95841487280813,98.92506033075973,170.6012157608685,-65.39709295486097,29.751693910593968,35.0,0.12235703084281306,12.425214073743604
21.35330603899999,104.44208323299992,SAT_10080,19.68436670040421,189.47456268977368,98.93621429176133,170.57678988394292,-65.30533334295598,29.79198108717539,35.0,0.12197654731595378,12.398547998872488
21.35330603899999,104.54208323299991,SAT_10080,19.767773090306108,189.94372363297185,98.94620630295124,170.55451966124485,-65.22192695305408,29.828515759729143,35.0,0.12163086317309571,12.37429218836528
21.35330603899999,104.64208323299991,SAT_10080,19.84277086591294,190.3655861207603,98.95507431120993,170.53443916089515,-65.14692917744725,29.861297844240998,35.0,0.12132016206373471,12.352467698729356
21.35330603899999,104.7420832329999,SAT_10080,19.909309543694945,190.73986618328408,98.962851353046,170.51657945423716,-65.08039049966524,29.890327265331173,35.0,0.12104461121006463,12.33309369954919
21.35330603899999,104.8420832329999,SAT_10080,19.967343790958495,191.06630882414154,98.96956590772038,170.5009684603346,-65.02235625240169,29.915603956252852,35.0,0.12080436064682404,12.316187387673109
21.35330603899999,104.94208323299989,SAT_10080,20.01683364670494,191.34468926271532,98.97524219552855,170.48763080393474,-64.97286639665525,29.93712785889087,35.0,0.12059954253055644,12.301763909080835
21.35330603899999,105.04208323299989,SAT_10080,20.057744719059073,191.57481404470727,98.97990042697185,170.4765876883707,-64.93195532430111,29.954898923760588,35.0,0.12043027052434038,12.289836289166676
21.35330603899999,105.14208323299988,SAT_10080,20.090048357235716,191.75652200945092,98.98355700748517,170.46785678476098,-64.89965168612447,29.968917110006903,35.0,0.12029663926348824,12.2804153721069
21.35330603899999,105.24208323299987,SAT_10080,20.11372179625134,191.8896851039138,98.98622470147156,170.4614521387026,-64.87597824710885,29.97918238540346,35.0,0.12019872390706686,12.27350976990263
21.35330603899999,105.34208323299987,SAT_10080,20.12874827284982,191.97420903478024,98.98791275859236,170.4573840954809,-64.86095177051037,29.985694726352005,35.0,0.12013657977936913,12.269125821602104
21.35330603899999,105.44208323299986,SAT_10080,20.135117111397022,192.01003375160826,98.98862700454765,170.4556592446304,-64.85458293196317,29.988454117881947,35.0,0.12011024210467387,12.267267563110032
21.35330603899999,105.54208323299986,SAT_10080,20.132823778818533,191.99713375585424,98.98836989793448,170.4562803844654,-64.85687626454165,29.987460553650042,35.0,0.12011972583778335,12.267936707888506
21.35330603899999,105.64208323299985,SAT_10080,20.12186990798321,191.93551823240557,98.98714055416853,170.45924650698004,-64.86783013537698,29.98271403594027,35.0,0.12016502559193823,12.271132638745268
21.35330603899999,105.74208323299985,SAT_10080,20.102263289276095,191.82523100217804,98.98493473688245,170.46455280329036,-64.88743675408409,29.974214575663897,35.0,0.12024611566479229,12.276852410792836
21.35330603899999,105.84208323299984,SAT_10080,20.074017830454522,191.6663502963067,98.98174481665207,170.4721906895547,-64.91568221290566,29.961962192359664,35.0,0.12036295016220097,12.285090765548423
21.35330603899999,105.94208323299983,SAT_10080,20.037153485222234,191.45898835437507,98.977559696337,170.4821478530822,-64.95254655813795,29.9459569141942,35.0,0.12051546321865299,12.295840156031286
21.35330603899999,106.04208323299983,SAT_10080,19.991696151298356,191.20329085105325,98.97236470173601,170.49440831810838,-64.99800389206183,29.92619877796254,35.0,0.12070356931227039,12.309090782603716
21.35330603899999,106.14208323299982,SAT_10080,19.937677539077256,190.8994361573096,98.96614143563383,170.50895253050473,-65.05202250428293,29.902687829088887,35.0,0.12092716367143162,12.32483063919566
21.35330603899999,106.24208323299982,SAT_10080,19.875135012275436,190.54763444404935,98.95886759263588,170.52575746048956,-65.11456503108475,29.87542412162746,35.0,0.12118612276925458,12.343045569453396
21.35330603899999,106.34208323299981,SAT_10080,19.804111402246306,190.1481266376355,98.95051673143097,170.54479672221518,-65.18558864111388,29.84440771826359,35.0,0.12148030490141665,12.363719332260885
21.35330603899999,106.4420832329998,SAT_10080,19.724654797878713,189.70118323806778,98.94105800026156,170.566040708954,-65.26504524548147,29.809638690314937,35.0,0.12180955084210716,12.3868336760003
21.35330603899999,106.5420832329998,SAT_10080,19.63681831321827,189.20710301185278,98.93045581039209,170.58945674245587,-65.35288173014192,29.771117117732874,35.0,0.12217368457230696,12.412368420846608
21.35330603899999,106.6420832329998,SAT_10080,19.540659835117864,188.66621157253797,98.91866945120876,170.61500923494134,-65.44904020824232,29.728843089104096,35.0,0.12257251407407915,12.440301548330998
21.35330603899999,106.74208323299979,SAT_10081,19.43865325377601,188.09242455249006,98.9059806393101,170.64266723135006,-65.55104678958418,29.684246819678652,35.0,0.12299188567675061,12.469634492236008
21.35330603899999,106.84208323299978,SAT_10081,19.352094033620943,187.60552893911782,98.89501846478524,170.6655135311041,-65.63760600973924,29.645996803980864,35.0,0.12335124161968473,12.49473804099633
21.35330603899999,106.94208323299978,SAT_10081,19.257326889847988,187.07246375539495,98.88282884119747,170.69044757161538,-65.7323731535122,29.60402103359879,35.0,0.12374486035484236,12.522201755140777
21.35330603899999,107.04208323299977,SAT_10081,19.154411380579347,186.49356401575884,98.86936290202578,170.71743282060908,-65.83528866278084,29.558319605311908,35.0,0.12417254381623233,12.552002903667445
21.35330603899999,107.14208323299977,SAT_10081,19.0434111199974,185.86918754998538,98.85456531510883,170.74643029184531,-65.94628892336279,29.508892624498504,35.0,0.1246340802500691,12.584117175765906
21.35330603899999,107.24208323299976,SAT_10081,18.92439350043935,185.19971343997136,98.8383736252361,170.77739872238033,-66.06530654292084,29.455740205137715,35.0,0.12512924510911022,12.61851878056911
21.35330603899999,107.34208323299976,SAT_10081,18.797429405040674,184.4855404033538,98.82071748817987,170.8102947555166,-66.19227063831951,29.398862469811707,35.0,0.12565780198329404,12.655180550631323
21.35330603899999,107.44208323299975,SAT_10081,18.662592913320935,183.7270851374303,98.8015177780521,170.84507312786556,-66.32710713003925,29.33825954970806,35.0,0.1262195035598562,12.694074048321893
21.35330603899999,107.54208323299974,SAT_10081,18.744196354124682,184.18610449195134,98.81319365485525,170.8240444661526,-66.2455036892355,29.374960983057438,35.0,0.12587951455057744,12.670540691589755
21.453306038999987,102.942083233,SAT_10080,19.737540059249113,189.77366283327626,98.94260649207865,170.56259963136438,-65.25215998411107,29.815282094243226,35.0,0.12175614833434256,12.383086298655586
21.453306038999987,103.042083233,SAT_10080,19.657039868405164,189.32084925977907,98.93291759395282,170.5840723001296,-65.33266017495502,29.779993437011772,35.0,0.12208983916689596,12.406491472670286
21.453306038999987,103.142083233,SAT_10080,19.56818034021353,188.8210144137011,98.92207057017166,170.6077048662384,-65.42151970314666,29.740952843089186,35.0,0.12245834840384712,12.43230933159359
21.453306038999987,103.24208323299999,SAT_10080,19.471019616494402,188.27448534278102,98.9100234253843,170.63346159947488,-65.51868042686579,29.698160402263593,35.0,0.12286148308922303,12.460517746565275
21.453306038999987,103.34208323299998,SAT_10080,19.36562027708233,187.6816140585881,98.89672844393611,170.66130407440045,-65.62407976627786,29.651616212959688,35.0,0.12329903533189304,12.491092869505193
21.453306038999987,103.44208323299998,SAT_10080,19.252049055876256,187.04277593930394,98.88213164277651,170.69119135199045,-65.73765098748393,29.601320382240687,35.0,0.12377078321035821,12.524009234523813
21.453306038999987,103.54208323299997,SAT_10080,19.130376544950877,186.35836806534869,98.86617213413663,170.72308016857818,-65.85932349840931,29.547273025810423,35.0,0.12427649172125671,12.559239863920297
21.453306038999987,103.64208323299997,SAT_10080,19.000676889315827,185.62880750240154,98.84878138361161,170.75692513039877,-65.98902315404436,29.489474268015602,35.0,0.12481591376429026,12.596756377896897
21.453306038999987,103.74208323299996,SAT_10080,18.86302747489262,184.85452954627095,98.82988234624315,170.79267891203813,-66.12667256846757,29.427924241848274,35.0,0.1253887911562696,12.636529107121438
21.453306038999987,103.84208323299995,SAT_10080,18.984404813646805,185.53727707676327,98.84657131045044,170.76116059517227,-66.00529522971338,29.482209371603094,35.0,0.12488361485246674,12.601460391291742
21.453306038999987,103.94208323299995,SAT_10080,19.116767125350663,186.28181508009746,98.86436587532067,170.72663867011374,-65.87293291800952,29.54121717065479,35.0,0.12433307649503628,12.563178342055528
21.453306038999987,104.04208323299994,SAT_10080,19.241126774520197,186.9813381066761,98.88071272878575,170.69405944252512,-65.74857326883999,29.596475578399595,35.0,0.1238161665240397,12.527173238190425
21.453306038999987,104.14208323299994,SAT_10080,19.357408348785867,187.6354219619205,98.89568252503952,170.6634690718584,-65.63229169457432,29.64798446768014,35.0,0.12333313632281288,12.49347395407325
21.453306038999987,104.24208323299993,SAT_10080,19.465539891657727,188.2436618905747,98.90933807364749,170.63491164929513,-65.52416015170246,29.69574371997955,35.0,0.122884225489744,12.46210799689713
21.453306038999987,104.34208323299993,SAT_10080,19.5654532112583,188.80567431332793,98.92173511098154,170.60842900107394,-65.42424683210189,29.73975322541909,35.0,0.12246966084040764,12.433101395606624
21.453306038999987,104.44208323299992,SAT_10080,19.65708418054814,189.3210985155833,98.93292296304045,170.5840604968594,-65.33261586281205,29.78001288275604,35.0,0.12208965544373786,12.406478593264962
21.453306038999987,104.54208323299991,SAT_10080,19.74037302644963,189.78959827377918,98.94294511474054,170.5618428648643,-65.24932701691056,29.8165225993817,35.0,0.12174440769957393,12.382262343728375
21.453306038999987,104.64208323299991,SAT_10080,19.815264605272887,190.21086340466002,98.95183969814252,170.54181001544467,-65.1744354380873,29.849282291319565,35.0,0.12143410046484322,12.36047361349736
21.453306038999987,104.7420832329999,SAT_10080,19.881708661889675,190.58461122312946,98.95963990992684,170.52399287486028,-65.10799138147051,29.878291883223703,35.0,0.12115890023547775,12.34113148959846
21.453306038999987,104.8420832329999,SAT_10080,19.93966007018129,190.91058789476975,98.96637436664307,170.5084192308449,-65.0500399731789,29.90355130837726,35.0,0.12091895639089666,12.324253094320351
21.453306038999987,104.94208323299989,SAT_10080,19.989079052399248,191.18856966974576,98.97206740476608,170.4951135915577,-65.00062099096094,29.925060508691157,35.0,0.12071440050752207,12.309853507586887
21.453306038999987,105.04208323299989,SAT_10080,20.029931375239997,191.418363985725,98.97673933133319,170.48409705938045,-64.95976866812019,29.94281943470295,35.0,0.12054534574733367,12.297945697695368
21.453306038999987,105.14208323299988,SAT_10080,20.06218852062463,191.59981042851354,98.98040662986537,170.47538722090167,-64.92751152273556,29.95682804557588,35.0,0.12041188632691396,12.288540461082853
21.453306038999987,105.24208323299987,SAT_10080,20.085827829404693,191.7327815404014,98.98308212535025,170.46899805427523,-64.9038722139555,29.967086309098036,35.0,0.12031409707179604,12.2816463717065
21.453306038999987,105.34208323299987,SAT_10080,20.100832616477604,191.81718346768653,98.98477511125775,170.46493985496687,-64.88886742688258,29.97359420168177,35.0,0.12025203306020672,12.277269740537287
21.453306038999987,105.44208323299986,SAT_10080,20.107192256077767,191.85295644043742,98.98549144083927,170.46321918071496,-64.88250778728242,29.97635170836319,35.0,0.12022572935951356,12.275414585571138
21.453306038999987,105.54208323299986,SAT_10080,20.104902236329778,191.840075079355,98.98523358430988,170.46383881631525,-64.88479780703041,29.9753588228019,35.0,0.12023520085784337,12.276082612659215
21.453306038999987,105.64208323299985,SAT_10080,20.093964182464816,191.7785485263646,98.98400065290588,170.4667977586325,-64.89573586089537,29.970615547280865,35.0,0.12028044219245744,12.279273207351256
21.453306038999987,105.74208323299985,SAT_10080,20.074385848453915,191.66842039755326,98.98178839023414,170.4720912220023,-64.91531419490627,29.962121892706445,35.0,0.12036142777556035,12.284983437834866
21.453306038999987,105.84208323299984,SAT_10080,20.046181077147452,191.50976855895442,98.97858913076374,170.4797106639632,-64.94351896621274,29.949877878608625,35.0,0.12047811191729835,12.29320806894085
21.453306038999987,105.94208323299983,SAT_10080,20.009369729350283,191.30270472759534,98.97439172474054,170.48964383103396,-64.9803303140099,29.93388353314139,35.0,0.12063042904478684,12.30393958707256
21.453306038999987,106.04208323299983,SAT_10080,19.963977582604997,191.0473739021531,98.96918142821609,170.50187482401552,-65.02572246075519,29.914138893083276,35.0,0.12081829401511048,12.317168235807832
21.453306038999987,106.14208323299982,SAT_10080,19.91003620076677,190.74395362931307,98.96293975625318,170.51638418209546,-65.07966384259342,29.89064400383809,35.0,0.12104160251937679,12.332882061816674
21.453306038999987,106.24208323299982,SAT_10080,19.847582775755214,190.39265311362308,98.95564429668563,170.53314898482736,-65.14211726760497,29.863398919435802,35.0,0.12130023157409181,12.35106697063933
21.453306038999987,106.34208323299981,SAT_10080,19.776659943145347,189.9937121801926,98.94726848104717,170.5521429708748,-65.21304010021484,29.832403702533608,35.0,0.12159404009537536,12.371706791778275
21.453306038999987,106.4420832329998,SAT_10081,19.72252167056054,189.68918439690304,98.94083253661353,170.56725867242253,-65.26717837279965,29.80907891267236,35.0,0.12181454463176429,12.387184068417719
21.453306038999987,106.5420832329998,SAT_10081,19.660820678415604,189.34211631608778,98.933399589899,170.5837128106122,-65.32887936494458,29.782025227854124,35.0,0.1220702970752577,12.40512148511123
21.453306038999987,106.6420832329998,SAT_10081,19.59075010843098,188.9479693599243,98.92486521603907,170.60235603160248,-65.3989499349292,29.75124810572875,35.0,0.12236084419828477,12.425481164857187
21.453306038999987,106.74208323299979,SAT_10081,19.512356143975026,188.50700330985953,98.91519749594701,170.62315993391397,-65.47734389938516,29.71674761725439,35.0,0.1226860328750446,12.448245549850535
21.453306038999987,106.84208323299978,SAT_10081,19.425689809512008,188.01950517850506,98.90435960371381,170.64609315975582,-65.56401023384818,29.678523841978613,35.0,0.12304569379126445,12.47339522227971
21.453306038999987,106.94208323299978,SAT_10081,19.330806732837033,187.48578787220833,98.89230940558093,170.67112154745058,-65.65889331052315,29.636576868039924,35.0,0.12343964219612338,12.500908988916368
21.453306038999987,107.04208323299977,SAT_10081,19.227766890610326,186.9061887596831,98.87899898980108,170.69820829434343,-65.76193315274986,29.590906792169463,35.0,0.12386767871081597,12.530763971865074
21.453306038999987,107.14208323299977,SAT_10081,19.116634339547844,186.28106815995665,98.86437411752958,170.72731412863195,-65.87306570381234,29.541513719692883,35.0,0.12432959018720889,12.562935704686076
21.453306038999987,107.24208323299976,SAT_10081,18.997476935683252,185.61080776321828,98.84837358282304,170.75839748851752,-65.99222310767694,29.48839776453236,35.0,0.12482515060983679,12.597398233081933
21.453306038999987,107.34208323299976,SAT_10081,18.87036604413177,184.89580899824122,98.8309284673154,170.79141470707492,-66.11933399922842,29.431559049208786,35.0,0.12535412203436544,12.634124219327921
21.453306038999987,107.44208323299975,SAT_10081,18.735376241783428,184.13649136003178,98.81196127208722,170.82632020123896,-66.25432380157676,29.370997704844147,35.0,0.12591625555562241,12.67308504962633
21.453306038999987,107.54208323299974,SAT_10081,18.8096168652541,184.55409486705432,98.82244985989462,170.80714327030648,-66.18008317810609,29.404330123220653,35.0,0.12560705030612856,12.651662980714137
21.453306038999987,107.64208323299974,SAT_10081,18.943402935572493,185.3066415125953,98.84100055338558,170.77246100629475,-66.0462971077877,29.464240446105496,35.0,0.12505013740186371,12.61302641019658
21.453306038999987,107.74208323299973,SAT_10081,19.069284124051975,186.0147231977924,98.85805606745998,170.7396812404017,-65.92041591930821,29.520426065500942,35.0,0.1245264773202906,12.576634267087167
21.553306038999985,103.042083233,SAT_10080,19.61227197481037,189.06902985830834,98.92748078242035,170.59598765738568,-65.37742806854982,29.760336037533875,35.0,0.12227547418003125,12.419500974517986
21.553306038999985,103.142083233,SAT_10080,19.523578025454427,188.57012639318114,98.91657379401107,170.61953949272493,-65.46612201790576,29.721322228640968,35.0,0.12264338441047822,12.44526136941133
21.553306038999985,103.24208323299999,SAT_10080,19.426597226321817,188.02460939806022,98.90445950047216,170.64520873603797,-65.56310281703837,29.678559147004766,35.0,0.12304586747910634,12.473407360526048
21.553306038999985,103.34208323299998,SAT_10080,19.321391757428486,187.43282863553523,98.89108974597043,170.67295721605814,-65.6683082859317,29.63204689100632,35.0,0.1234827167710461,12.503915244108848
21.553306038999985,103.44208323299998,SAT_10080,19.20802793068762,186.79515711011788,98.87641004456559,170.70274426169965,-65.78167211267257,29.58178556766136,35.0,0.12395371171659811,12.53675970691768
21.553306038999985,103.54208323299997,SAT_10080,19.086575896748485,186.11198941921023,98.86035893516333,170.7345268892089,-65.9031241466117,29.527775292622383,35.0,0.12445861873189036,12.571913931293304
21.553306038999985,103.64208323299997,SAT_10080,18.957109342521434,185.38374005168308,98.8428672304485,170.76825999489267,-66.03259070083875,29.47001619018091,35.0,0.12499719219579228,12.609349703931196
21.553306038999985,103.74208323299996,SAT_10080,18.81970518192388,184.61084164832184,98.8238571421165,170.80389655175526,-66.16999486143631,29.408508393269937,35.0,0.1255691754558622,12.649037527495134
21.553306038999985,103.84208323299995,SAT_10080,18.94840550225821,185.33478095020243,98.84167683556183,170.77052240700795,-66.04129454110198,29.466126317354476,35.0,0.12503341249084146,12.611865038957673
21.553306038999985,103.94208323299995,SAT_10080,19.08055548827882,186.07812462156835,98.85955436788196,170.73609888672144,-65.90914455508137,29.525093618347046,35.0,0.1244836553450011,12.57365563136197
21.553306038999985,104.04208323299994,SAT_10080,19.20471404612509,186.77651650945364,98.8759765761155,170.7036132443542,-65.7849859972351,29.580314101458274,35.0,0.12396748416245008,12.537719370176731
21.553306038999985,104.14208323299994,SAT_10080,19.32080616526656,187.4295346796244,98.89101465139392,170.67311138534671,-65.66889387809363,29.631787639587728,35.0,0.12348514902612741,12.504084983308514
21.553306038999985,104.24208323299993,SAT_10080,19.428760277393565,188.0367765603388,98.90473187509001,170.64463715514225,-65.56093976596662,29.679514114271562,35.0,0.12303688828335482,12.472779836812583
21.553306038999985,104.34208323299993,SAT_10080,19.5285085627429,188.5978606654288,98.91718439780851,170.618232144091,-65.46119148061729,29.723493415680206,35.0,0.12262292755499714,12.443829824651502
21.553306038999985,104.44208323299992,SAT_10080,19.619987247941324,189.11242826966995,98.92842190858656,170.59393549738184,-65.36971279541886,29.763725442616217,35.0,0.12224347877854005,12.417259261874706
21.553306038999985,104.54208323299991,SAT_10080,19.703136892794475,189.58014502196892,98.9384882095738,170.57178373170032,-65.28656315056571,29.8002101025123,35.0,0.12189873929235066,12.393090782085334
21.553306038999985,104.64208323299991,SAT_10080,19.777902663455805,190.0007024819389,98.94742170881057,170.55181056031003,-65.21179737990438,29.8329473114295,35.0,0.1215888909683131,12.371345240055545
21.553306038999985,104.7420832329999,SAT_10080,19.844234589448078,190.37381956564545,98.95525584153896,170.53404672823297,-65.14546545391211,29.861936994055547,35.0,0.1213140993998654,12.352041620334836
21.553306038999985,104.8420832329999,SAT_10080,19.902087802088914,190.69924388675014,98.96201942867296,170.51851985915573,-65.08761224127127,29.887179083703398,35.0,0.12107451315220041,12.335196952666736
21.553306038999985,104.94208323299989,SAT_10080,19.95142275198809,190.97675297993302,98.96773697954232,170.5052543156131,-65.0382772913721,29.908673522309925,35.0,0.12087026308103083,12.3208262349879
21.553306038999985,105.04208323299989,SAT_10080,19.992205403440465,191.2061553943526,98.9724289447504,170.49427107389846,-64.99749463991972,29.926420260434785,35.0,0.12070146172586178,12.308942364730182
21.553306038999985,105.14208323299988,SAT_10080,20.024407403728958,191.38729164597538,98.97611192390245,170.48558761502647,-64.96529263963123,29.940419257259446,35.0,0.12056820278316467,12.299556079081032
21.553306038999985,105.24208323299987,SAT_10080,20.048006225580366,191.5200350188896,98.97879883202485,170.47921783292014,-64.94169381777982,29.950670480586396,35.0,0.12047056066421208,12.292675904781863
21.553306038999985,105.34208323299987,SAT_10080,20.06298528127209,191.60429220715554,98.98049902767889,170.47517196082705,-64.9267147620881,29.957173906838502,35.0,0.1204085901416236,12.288308117957927
21.553306038999985,105.44208323299986,SAT_10080,20.06933400717628,191.6400037903666,98.9812184050456,170.47345651677514,-64.9203660361839,29.95992952105857,35.0,0.12038232608789415,12.286456714379446
21.553306038999985,105.54208323299986,SAT_10080,20.06704791782967,191.6271445377919,98.98095945159777,170.47407426867915,-64.92265212553052,29.958937316909026,35.0,0.12039178330834581,12.287123390452056
21.553306038999985,105.64208323299985,SAT_10080,20.05612862894752,191.56572353782983,98.97972127236356,170.47702421948597,-64.93357141441267,29.95419729667181,35.0,0.12043695647007117,12.290307535128438
21.553306038999985,105.74208323299985,SAT_10080,20.036583849129798,191.45578415135512,98.97749958120181,170.48230161252826,-64.95311619423039,29.945709471248428,35.0,0.12051782012753727,12.29600623282301
21.553306038999985,105.84208323299984,SAT_10080,20.008427340351645,191.297403789478,98.97428665893815,170.489897957024,-64.98127270300854,29.933473860160134,35.0,0.12063432884460924,12.304214277300074
21.553306038999985,105.94208323299983,SAT_10080,19.97167884766283,191.09069351810342,98.97007127763504,170.4998010734387,-65.01802119569736,29.91749049154834,35.0,0.12078641741184568,12.314924196395145
21.553306038999985,106.04208323299983,SAT_10081,19.949291481559072,190.96476458376978,98.96751404016001,170.50647923897444,-65.04040856180112,29.908127371542253,35.0,0.12087530915972303,12.321181385209211
21.553306038999985,106.14208323299982,SAT_10081,19.921397514955814,190.80786102162645,98.96428594477655,170.51398146516635,-65.06830252840437,29.89597635459428,35.0,0.12099077798143856,12.32930663985087
21.553306038999985,106.24208323299982,SAT_10081,19.884992982378904,190.6030855258813,98.96005084475026,170.52376164781583,-65.10470706098128,29.880104268881652,35.0,0.1211415032664284,12.339908178780677
21.553306038999985,106.34208323299981,SAT_10081,19.84010288998411,190.35057875616064,98.95479381084182,170.53580437403323,-65.14959715337608,29.860511150998697,35.0,0.12132740234613545,12.3529765279954
21.553306038999985,106.4420832329998,SAT_10081,19.78675785995611,190.05051296225312,98.94849612641387,170.55009077635629,-65.20294218340408,29.837197046120423,35.0,0.121548373935857,12.368500079232357
21.553306038999985,106.5420832329998,SAT_10081,19.724993979293203,189.70309113352428,98.94113509888737,170.5665986301184,-65.26470606406698,29.810162008003363,35.0,0.12180429860562775,12.38646514334633
21.553306038999985,106.6420832329998,SAT_10081,19.654852623537337,189.3085460073975,98.93268382782377,170.58530246686186,-65.33484741982285,29.77940609898664,35.0,0.12209503933063086,12.406856012617002
21.553306038999985,106.74208323299979,SAT_10081,19.576380257245674,188.8671389470069,98.92311092531956,170.60617370259652,-65.41331978611451,29.744929389993146,35.0,0.12242044211626511,12.429655031394867
21.553306038999985,106.84208323299978,SAT_10081,19.489628213193626,188.37915869921417,98.9123801833864,170.62918077957897,-65.50007183016656,29.7067319605309,35.0,0.1227803366924288,12.454842674426057
21.553306038999985,106.94208323299978,SAT_10081,19.394652452468293,187.84492004513416,98.90045018180699,170.65428932017545,-65.5950475908919,29.66481389869458,35.0,0.12317453727110106,12.482397632139913
21.553306038999985,107.04208323299977,SAT_10081,19.291513307744864,187.2647623560649,98.88727382856166,170.6814622912842,-65.69818673561532,29.619175301167232,35.0,0.1236028433609069,12.51229690213746
21.553306038999985,107.14208323299977,SAT_10081,19.180275212124357,186.63904806819951,98.87279782325389,170.71066017774058,-65.80942483123583,29.569816273222113,35.0,0.12406504063205188,12.54451588608532
21.553306038999985,107.24208323299976,SAT_10081,19.061006415976223,185.96816108986624,98.85696203196288,170.74184116308692,-65.92869362738396,29.516736928724704,35.0,0.12456090182480326,12.579028491196945
21.553306038999985,107.34208323299976,SAT_10081,18.933778694248133,185.25250515514577,98.83969875952785,170.77496131607973,-66.05592134911205,29.45993739013492,35.0,0.12509018769457753,12.615807235472671
21.553306038999985,107.44208323299975,SAT_10081,18.798667046691975,184.49250213764236,98.82093190231387,170.80997478132105,-66.19103299666821,29.399417788509457,35.0,0.12565264798666803,12.654823355869949
21.553306038999985,107.54208323299974,SAT_10081,18.86550353624277,184.86845739136558,98.83027227346251,170.7926748730577,-66.12419650711742,29.429381112801924,35.0,0.12537436414157357,12.635528382720059
21.553306038999985,107.64208323299974,SAT_10081,18.999386290793623,185.62154788571414,98.84864949995573,170.75790042439453,-65.99031375256656,29.489250155024664,35.0,0.12481720745484987,12.59684627574184
21.553306038999985,107.74208323299973,SAT_10081,19.125360244621348,186.3301513759951,98.8655476034408,170.72503284950727,-65.86433979873884,29.54539706036249,35.0,0.12429331221108399,12.560410697382979
21.553306038999985,107.84208323299973,SAT_10081,19.24335054553336,186.99384681862514,98.88104036308522,170.69411793202835,-65.74634949782683,29.597821699292467,35.0,0.12380292808297438,12.526250337007971
21.553306038999985,107.94208323299972,SAT_10081,19.353285635157008,187.61223169775818,98.89519340139995,170.6651994879988,-65.63641440820318,29.646523950891066,35.0,0.1233462935026267,12.494392577592832
21.653306038999986,103.042083233,SAT_10080,19.557739067873868,188.7622822567905,98.92080251108061,170.61047696596916,-65.43196097548632,29.736359438303705,35.0,0.12250166086104125,12.43534178695983
21.653306038999986,103.142083233,SAT_10080,19.469233045407776,188.26443588041874,98.90981965099512,170.63393439392658,-65.52046699795241,29.697372522187873,35.0,0.12286889778971646,12.46103622842399
21.653306038999986,103.24208323299999,SAT_10080,19.372456409623467,187.720067304132,98.8976203818687,170.65950132133523,-65.61724363373672,29.6546389178449,35.0,0.12327064861496126,12.48911058163142
21.653306038999986,103.34208323299998,SAT_10080,19.26747087501721,187.1295236719718,98.88415598602819,170.6871398731568,-65.72222916834298,29.60815872361242,35.0,0.12370670820697445,12.51954131059161
21.653306038999986,103.44208323299998,SAT_10080,19.154342262121105,186.4931752244312,98.86937133539779,170.71680969061435,-65.83535778123908,29.55793204645892,35.0,0.12417685756928892,12.552303279514348
21.653306038999986,103.54208323299997,SAT_10080,19.033140207507756,185.81141366723114,98.85320423650292,170.7484681162603,-65.95655983585243,29.503959001985816,35.0,0.12468086477035097,12.587369856807587
21.653306038999986,103.64208323299997,SAT_10080,18.903937864523996,185.0846504879475,98.83558466761421,170.78207038459792,-66.08576217883619,29.446239714429723,35.0,0.125218485911166,12.62471302275683
21.653306038999986,103.74208323299996,SAT_10080,18.766811597258126,184.31331523457695,98.81643388999247,170.8175698166064,-66.22288844610206,29.38477431666488,35.0,0.12578946612187786,12.664303480038653
21.653306038999986,103.84208323299995,SAT_10080,18.902787337765574,185.07817877493136,98.83542594072236,170.7823689340902,-66.08691270559461,29.445724884841102,35.0,0.12522327493728355,12.625045381408246
21.653306038999986,103.94208323299995,SAT_10080,19.0346929678295,185.8201479440409,98.85341354510282,170.7480633688563,-65.95500707553069,29.50465152492503,35.0,0.12467440577514274,12.586920825824294
21.653306038999986,104.04208323299994,SAT_10080,19.158620003256857,186.5172375183198,98.86993569487925,170.7156898990289,-65.83108004010333,29.55983393090397,35.0,0.12415907475209967,12.55106499722632
21.653306038999986,104.14208323299994,SAT_10080,19.274493913127785,187.1690282613438,98.88506430161091,170.68529412642965,-65.7152061302324,29.61127197573412,35.0,0.12367753040050111,12.51750644913638
21.653306038999986,104.24208323299993,SAT_10080,19.382243592390424,187.77512020719615,98.89886327937151,170.65691960280725,-65.60745645096976,29.658965541004413,35.0,0.12323000957623596,12.486272379590698
21.653306038999986,104.34208323299993,SAT_10080,19.481801665322124,188.33513436743695,98.91138933397576,170.63060763662008,-65.50789837803806,29.702914516934186,35.0,0.12281673647621309,12.457388521875957
21.653306038999986,104.44208323299992,SAT_10080,19.573104780535374,188.84871439051147,98.9226926408191,170.60639710483298,-65.41659526282481,29.74311880237105,35.0,0.12243792168961389,12.430879038673263
21.653306038999986,104.54208323299991,SAT_10080,19.65609389498931,189.31552815931488,98.9328174268539,170.58432427140391,-65.33360614837088,29.77957830478891,35.0,0.12209376129010154,12.406766420465775
21.653306038999986,104.64208323299991,SAT_10080,19.730714544473415,189.73526931266295,98.94180246952651,170.564422614136,-65.25898549888677,29.812292940286152,35.0,0.12178443597609473,12.38507138906085
21.653306038999986,104.7420832329999,SAT_10080,19.796917098068093,190.10765867663304,98.94968152327746,170.54672266154935,-65.1927829452921,29.84126263358402,35.0,0.12151011026604938,12.365812807060712
21.653306038999986,104.8420832329999,SAT_10080,19.85465699416453,190.4324455921755,98.95648368236778,170.5312518413786,-65.13504304919566,29.866487318025122,35.0,0.12127093175542772,12.34900759408675
21.653306038999986,104.94208323299989,SAT_10080,19.90389495574638,190.70940912607338,98.96223368725694,170.51803434222265,-65.0858050876138,29.887966935572152,35.0,0.12106703044167684,12.334670650521625
21.653306038999986,105.04208323299989,SAT_10080,19.94459718278128,190.93835915314472,98.96695218046287,170.5070909897824,-65.04510286057891,29.905701436806748,35.0,0.12089851812308504,12.322814789480173
21.653306038999986,105.14208323299988,SAT_10080,19.976735519769278,191.11913729870219,98.97065591673294,170.4984391389864,-65.01296452359091,29.919690780928526,35.0,0.12076548787684176,12.313450677656181
21.653306038999986,105.24208323299987,SAT_10080,20.00028759671045,191.25161773149628,98.97335793140404,170.49209258316648,-64.98941244664974,29.929934935754282,35.0,0.12066801362099998,12.306586785616545
21.653306038999986,105.34208323299987,SAT_10080,20.01523694201545,191.3357077988369,98.97506767000064,170.48806148126766,-64.97446310134474,29.93643387771737,35.0,0.1206061497643386,12.302229348030108
21.653306038999986,105.44208323299986,SAT_10080,20.021573066157714,191.37134849713712,98.97579108138076,170.4863523038971,-64.96812697720247,29.939187591867235,35.0,0.12057993094735396,12.300382334225265
21.653306038999986,105.54208323299986,SAT_10080,20.019291515171943,191.35851477284217,98.97553067607024,170.48696779881013,-64.97040852818824,29.938196071869122,35.0,0.12058937187678959,12.301047429370453
21.653306038999986,105.64208323299985,SAT_10081,20.03006555937894,191.41911877150656,98.97678239221558,170.48471327593546,-64.95963448398125,29.943262105527797,35.0,0.12054103928306349,12.297642274290519
21.653306038999986,105.74208323299985,SAT_10081,20.036352774677468,191.45448435756074,98.97749848953448,170.4830164939898,-64.95334726868272,29.945993665136577,35.0,0.12051502692401644,12.29580941290548
21.653306038999986,105.84208323299984,SAT_10081,20.034080894798564,191.44170503324193,98.97723981204489,170.48362966781428,-64.95561914856162,29.945006672194797,35.0,0.12052442636389522,12.296471726578243
21.653306038999986,105.94208323299983,SAT_10081,20.023251507847817,191.38078973164397,98.97600547013722,170.48655181757997,-64.96644853551237,29.940301128978355,35.0,0.12056923235973736,12.299628614551011
21.653306038999986,106.04208323299983,SAT_10081,20.00387217539216,191.27178098658092,98.97379121206212,170.49177827823183,-64.98582786796803,29.93187704633775,35.0,0.12064941994575125,12.305277216128195
21.653306038999986,106.14208323299982,SAT_10081,19.975956394086978,191.11475471673924,98.97058938264959,170.49930072424962,-65.01374364927321,29.919734443698296,35.0,0.12076494455191648,12.313412424169975
21.653306038999986,106.24208323299982,SAT_10081,19.93952352741225,190.90981984169392,98.96638884865521,170.5091072136864,-65.05017651594794,29.903873349060497,35.0,0.1209157422151443,12.324026909106877
21.653306038999986,106.34208323299981,SAT_10081,19.894598708248267,190.65711773389648,98.96117488943557,170.52118225099534,-65.09510133511192,29.884293799000577,35.0,0.12110172988104095,12.337111153236119
21.653306038999986,106.4420832329998,SAT_10081,19.841212713319166,190.35682151242034,98.95492905103251,170.53550686795813,-65.14848733004102,29.860995838671197,35.0,0.12132280579349605,12.35265349496059
21.653306038999986,106.5420832329998,SAT_10081,19.779401810828006,190.00913518590752,98.94762896106774,170.55205872182881,-65.21029823253218,29.8339795218023,35.0,0.12157884996854365,12.37064018253711
21.653306038999986,106.6420832329998,SAT_10081,19.709207582853907,189.61429265355324,98.93924810109283,170.57081220964608,-65.28049246050628,29.803244910702155,35.0,0.12186972474822737,12.391055436814128
21.653306038999986,106.74208323299979,SAT_10081,19.630676724329618,189.1725565743541,98.92975553218402,170.59173859749848,-65.35902331903057,29.768792076258556,35.0,0.12219527542955355,12.413881522361102
21.653306038999986,106.84208323299978,SAT_10081,19.543860820607293,188.68421711591606,98.91911556858226,170.6148061634063,-65.4458392227529,29.73062109794017,35.0,0.12255533096304586,12.439098826323706
21.653306038999986,106.94208323299978,SAT_10081,19.448816105795274,188.1495905950984,98.90728739302831,170.63998035236582,-65.54088393756491,29.68873206379806,35.0,0.12294970471492972,12.466685944282213
21.653306038999986,107.04208323299977,SAT_10081,19.34560320417593,187.56901802348963,98.89422460608101,170.66722394202094,-65.64409683918426,29.643125070467384,35.0,0.12337819528657948,12.49661977234413
21.653306038999986,107.14208323299977,SAT_10081,19.23428685711265,186.94286357125867,98.8798747000883,170.69649721736374,-65.75541318624754,29.593800223169257,35.0,0.123840587384558,12.528875604668496
21.653306038999986,107.24208323299976,SAT_10081,19.114935637905887,186.27151296322063,98.86417844653234,170.72775815283603,-65.8747644054543,29.54075763571274,35.0,0.1243366527343697,12.563427235596631
21.653306038999986,107.34208323299976,SAT_10081,18.987621657087004,185.55537182111442,98.84706918311682,170.7609626001857,-66.00207838627318,29.48399743049705,35.0,0.12486615103093099,12.600247065553605
21.653306038999986,107.44208323299975,SAT_10081,18.852420260619155,184.79486396598273,98.82847198409266,170.7960644804512,-66.13727978274103,29.4235197385139,35.0,0.12542883091873688,12.639306209884985
21.753306038999987,102.74208323300002,SAT_10080,19.708311616706183,189.60925284397229,98.93912315290464,170.57040301716444,-65.281388426654,29.802478024957306,35.0,0.1218772899044941,12.391586144542378
21.753306038999987,102.942083233,SAT_10080,19.573469989883208,188.85076869309307,98.92274585464911,170.6063001088987,-65.41623005347698,29.74327942437123,35.0,0.12243640681250847,12.430772962137008
21.753306038999987,103.042083233,SAT_10080,19.493483123597343,188.40084257023508,98.91285468649288,170.62751439530845,-65.49621691976284,29.708063691753363,35.0,0.12276826010341618,12.45399795610434
21.753306038999987,103.142083233,SAT_10080,19.405186899911314,187.90417631200114,98.90177948415744,170.65086404405088,-65.58451314344887,29.66910377610627,35.0,0.12313475093540088,12.479618124568862
21.753306038999987,103.24208323299999,SAT_10080,19.30863815297242,187.3610896104699,98.88947677771338,170.67631415789577,-65.68106189038777,29.626399767099272,35.0,0.12353569051113797,12.50761180908013
21.753306038999987,103.34208323299998,SAT_10080,19.203898068206286,186.77192663366037,98.87589716047336,170.70382719866612,-65.7858019751539,29.57995176302681,35.0,0.12397087538867818,12.537955664125922
21.753306038999987,103.44208323299998,SAT_10080,19.0910319076104,186.1370544803085,98.86098471659487,170.73336316278161,-65.89866813574979,29.52975987081035,35.0,0.12444008835990461,12.570624755418626
21.753306038999987,103.54208323299997,SAT_10080,18.97010872334593,185.45686156882087,98.84467635378066,170.76487976396464,-66.01959132001426,29.475824206000503,35.0,0.12494309937185427,12.605592662678273
21.753306038999987,103.64208323299997,SAT_10080,18.841201062107785,184.7317559743563,98.82690102583781,170.79833262147233,-66.1484989812524,29.418144892779246,35.0,0.12547966648388778,12.642831586075447
21.753306038999987,103.74208323299996,SAT_10080,18.708066601362304,183.98287463266297,98.80810511984775,170.83272650356957,-66.28163344199788,29.358377797920713,35.0,0.12603419562170307,12.68125054072731
21.753306038999987,103.84208323299995,SAT_10080,18.84758352653678,184.7676573367694,98.82779080222731,170.79667980832988,-66.1421165168234,29.421005118695934,35.0,0.12545309174250607,12.640988735446946
21.753306038999987,103.94208323299995,SAT_10080,18.97921334229119,185.50807505038796,98.8459164304297,170.76251138386772,-66.010486701069,29.47989093510669,35.0,0.12490521551242158,12.602961036795538
21.753306038999987,104.04208323299994,SAT_10080,19.102878972203854,186.20369421864672,98.86256387102765,170.7302683242851,-65.88682107115633,29.53503511153418,35.0,0.1243908242771952,12.56719703412821
21.753306038999987,104.14208323299994,SAT_10080,19.21850644061368,186.85409872845196,98.87780594685645,170.69999587957636,-65.77119360274651,29.586437520990977,35.0,0.12391016477444308,12.53372507938669
21.753306038999987,104.24208323299993,SAT_10080,19.32602517872502,187.45889163032822,98.89170737194748,170.67173726121098,-65.66367486463517,29.634098045118513,35.0,0.12346347213415557,12.502572176408563
21.753306038999987,104.34208323299993,SAT_10080,19.425368324761948,188.01769682678596,98.90432555380615,170.6455334510871,-65.56433171859824,29.678016574184785,35.0,0.12305096890574085,12.473763872790196
21.753306038999987,104.44208323299992,SAT_10080,19.516473015700996,188.53016071331808,98.91571128226275,170.62142301548107,-65.47322702765919,29.71819300708223,35.0,0.12267286411867807,12.447324155141672
21.753306038999987,104.54208323299991,SAT_10080,19.599280668078507,188.9959537579416,98.9259093207444,170.59944192564546,-65.39041937528168,29.754627251325743,35.0,0.12232935238386554,12.42327534857809
21.753306038999987,104.64208323299991,SAT_10080,19.67373724537717,189.4147720052466,98.93495891305636,170.57962338670518,-65.31596279798302,29.78731922305088,35.0,0.12202061304267667,12.401638021286038
21.753306038999987,104.7420832329999,SAT_10080,19.739793509532063,189.78633849111787,98.94289421648959,170.56199767648252,-65.24990653382812,29.816268847012207,35.0,0.12174680937056936,12.382430894987245
21.753306038999987,104.8420832329999,SAT_10080,19.79740525418036,190.11040455476453,98.94974467019242,170.5465919958271,-65.19229478917983,29.841476056581847,35.0,0.12150808784183545,12.365670762092746
21.753306038999987,104.94208323299989,SAT_10080,19.846533517384472,190.38675103528766,98.95553530617325,170.533430331962,-65.14316652597572,29.86294079374819,35.0,0.12130457746172053,12.351372410300197
21.753306038999987,105.04208323299989,SAT_10080,19.88714477172047,190.61518934092766,98.96028700898071,170.52253333624788,-65.10255527163972,29.880663009114738,35.0,0.12113638917169772,12.33954855533489
21.753306038999987,105.14208323299988,SAT_10080,19.91921108980158,190.7955623801339,98.96401672898203,170.51391821765344,-65.07048895355861,29.89464266189916,35.0,0.12100361533314283,12.330209782471183
21.753306038999987,105.24208323299987,SAT_10081,19.964172994611516,191.0484730946898,98.96923678454314,170.50247378301012,-65.02552704874867,29.914606233742678,35.0,0.1208137134080769,12.316845786073143
21.753306038999987,105.34208323299987,SAT_10081,20.004614026880645,191.27595390120362,98.97387886296764,170.49157827172826,-64.98508601647954,29.93219960630357,35.0,0.12064635016376997,12.30506100089108
21.753306038999987,105.44208323299986,SAT_10081,20.036544810034158,191.45556455644214,98.97752272183648,170.48296466196444,-64.95315523332603,29.946077089970945,35.0,0.1205142324222615,12.29575342891026
21.753306038999987,105.54208323299986,SAT_10081,20.05994317364413,191.58718035174823,98.98018101208648,170.47664662833878,-64.92975686971606,29.956238652736825,35.0,0.12041743340720032,12.288931460706905
21.753306038999987,105.64208323299985,SAT_10081,20.074792794568552,191.67070946944813,98.98186290122017,170.47263424143375,-64.91490724879164,29.962684271164434,35.0,0.12035600701110728,12.28460127151121
21.753306038999987,105.74208323299985,SAT_10081,20.081083279493797,191.7060934471526,98.9825741626599,170.47093391453686,-64.90861676386639,29.965413930387736,35.0,0.12032998754017493,12.282766792177092
21.753306038999987,105.84208323299984,SAT_10081,20.07881021771402,191.6933074746414,98.98231723170879,170.4715483695766,-64.91088982564617,29.964427624111167,35.0,0.1203393895512589,12.283429690629486
21.753306038999987,105.94208323299983,SAT_10081,20.067975203582108,191.63236052014938,98.98109122908352,170.47447662263014,-64.92172483977808,29.959725354609496,35.0,0.12038420778257894,12.286589363974871
21.753306038999987,106.04208323299983,SAT_10081,20.048585828390628,191.5232952846973,98.97889195242252,170.47971398916445,-64.94111421496956,29.951307132727877,35.0,0.12046441717877689,12.292242941354207
21.753306038999987,106.14208323299982,SAT_10081,20.020655641770603,191.36618798495962,98.97571183562441,170.48725210895188,-64.96904440158958,29.93917297788206,35.0,0.12057997301009783,12.30038529750967
21.753306038999987,106.24208323299982,SAT_10081,19.984204083021012,191.16114796699318,98.97153987531692,170.49707899038427,-65.00549596033918,29.923322918058755,35.0,0.12073081108458182,12.31100907692908
21.753306038999987,106.34208323299981,SAT_10081,19.939256383106212,190.90831715497245,98.9663615231841,170.50917907369177,-65.05044366025398,29.90375698981618,35.0,0.12091684805129559,12.32410472832709
21.753306038999987,106.4420832329998,SAT_10081,19.885843438360766,190.60786934077933,98.96015854226904,170.523533312371,-65.10385660499942,29.880475238284742,35.0,0.12113798179180664,12.339660549121364
21.753306038999987,106.5420832329998,SAT_10081,19.82400165722757,190.26000932190507,98.95290882470371,170.540119271937,-65.16569838613262,29.85347771716792,35.0,0.121394091896323,12.357662739467228
21.753306038999987,106.6420832329998,SAT_10081,19.753772781624733,189.8649718966391,98.94458616757895,170.5589112449315,-65.23592726173545,29.822764488743285,35.0,0.12168504022020064,12.378095465327053
21.753306038999987,106.74208323299979,SAT_10081,19.67520368476123,189.4230207267819,98.93516000282632,170.57988038097452,-65.31449635859896,29.788335623863688,35.0,0.12201067151586875,12.400940929972267
21.753306038999987,106.84208323299978,SAT_10081,19.588346147433157,188.93444707931152,98.9245950760191,170.60299483050363,-65.40135389592703,29.750191201958625,35.0,0.12237081413464934,12.426179453247377
21.753306038999987,106.94208323299978,SAT_10081,19.49325661499691,188.39956845935762,98.91285106787085,170.62821990073846,-65.49644342836328,29.70833131103575,35.0,0.12276528079246021,12.45378955786811
21.753306038999987,107.04208323299977,SAT_10081,19.389995937346484,187.81872714757398,98.89988215088053,170.65551822232385,-65.5997041060137,29.66275604768257,35.0,0.12319386939299226,12.483748061979432
21.753306038999987,107.14208323299977,SAT_10081,19.2786290943216,187.19228865555903,98.88563647199001,170.68484992503988,-65.71107094903859,29.613465517068285,35.0,0.1236563639016479,12.516030177165327
21.853306038999985,102.74208323300002,SAT_10080,19.633812955420538,189.1901978742405,98.9301279508539,170.59025666238955,-65.35588708793965,29.769797500303817,35.0,0.12218614657658165,12.413241779277325
21.853306038999985,102.84208323300001,SAT_10080,19.570764884170387,188.83555247345845,98.92242189609243,170.6070185285269,-65.4189351591898,29.742089660506384,35.0,0.12244762757745287,12.431558663591822
21.853306038999985,102.942083233,SAT_10080,19.499329302604608,188.43372732715093,98.91359152586286,170.62596585937507,-65.49037074075558,29.71064008952888,35.0,0.12274400042695786,12.45230097048243
21.853306038999985,103.042083233,SAT_10080,19.41955310862636,187.98498623602327,98.90360330983827,170.64706982881034,-65.57014693473383,29.67544885976381,35.0,0.12307510952878718,12.475450856158503
21.853306038999985,103.142083233,SAT_10080,19.331488011791336,187.48962006632627,98.89241860277389,170.6702986745536,-65.65821203156885,29.636516052221708,35.0,0.12344078318515421,12.5009886260518
21.853306038999985,103.24208323299999,SAT_10080,19.235190292894075,186.94794539752917,98.87999321748723,170.6956178521806,-65.75450975046611,29.593841756532683,35.0,0.12384083435903674,12.52889282045917
21.853306038999985,103.34208323299998,SAT_10080,19.13072054716551,186.360303077806,98.86627692424113,170.72299019940266,-65.85897949619468,29.54742607094819,35.0,0.12427506149231385,12.559140306247903
21.853306038999985,103.44208323299998,SAT_10080,19.01814341345117,185.72705670066284,98.85121286584427,170.75237610904705,-65.97155662990902,29.497269102342937,35.0,0.12474324937319964,12.591706373831713
21.853306038999985,103.54208323299997,SAT_10080,18.89752729178784,185.0485910163066,98.83473687553031,170.78373370913866,-66.09217275157235,29.443370966216964,35.0,0.12524517004618063,12.626564838604462
21.853306038999985,103.64208323299997,SAT_10080,18.76894405181592,184.32531029146458,98.81677668194,170.81701904847492,-66.22075599154427,29.385731786697896,35.0,0.1257805837575582,12.663688146009692
21.853306038999985,103.74208323299996,SAT_10080,18.643638906592543,183.62046884958306,98.7988674616655,170.84931414041915,-66.34606113676764,29.329383342981934,35.0,0.12630268216645132,12.69982765716398
21.853306038999985,103.84208323299995,SAT_10080,18.7828339183186,184.40344079054213,98.81873689745629,170.81343059710593,-66.20686612504159,29.391967073002128,35.0,0.12572273030251152,12.659679870635253
21.853306038999985,103.94208323299995,SAT_10080,18.914157130208224,185.14213385742127,98.83702956958149,170.7794180727396,-66.07554291315196,29.450811903059684,35.0,0.125175949818129,12.621760793653934
21.853306038999985,104.04208323299994,SAT_10080,19.03753211216288,185.83611813091622,98.85382861138436,170.74732325230787,-65.95216793119731,29.50591769759571,35.0,0.12466259595970361,12.586099780525444
21.853306038999985,104.14208323299994,SAT_10080,19.152885516971338,186.4849810329638,98.8692079572333,170.71719098738882,-65.83681452638885,29.55728432967884,35.0,0.12418291343297957,12.552724955245889
21.853306038999985,104.24208323299993,SAT_10080,19.26014738268718,187.08832902761537,98.88323329650632,170.6890641041758,-65.72955266067301,29.60491168100276,35.0,0.12373713541439715,12.521663102085574
21.853306038999985,104.34208323299993,SAT_10080,19.3592514290537,187.64578928842707,98.89596289191006,170.6629832148804,-65.63044861430649,29.648799641883883,35.0,0.1233254825889008,12.492939558721075
21.853306038999985,104.44208323299992,SAT_10080,19.450135345546244,188.15701131869764,98.9074482818583,170.63898653411042,-65.53956469781394,29.68894811125925,35.0,0.12294816222116774,12.466578112741614
21.853306038999985,104.54208323299991,SAT_10080,19.532741068568157,188.6216685106959,98.91773488315975,170.61710970184873,-65.45695897479203,29.725356996684543,35.0,0.12260536726723689,12.442600902360601
21.853306038999985,104.64208323299991,SAT_10080,19.60701504534738,189.03945963007902,98.92686250742938,170.59738561465377,-65.3826849980128,29.758026214332283,35.0,0.12229727553344125,12.421028322157882
21.853306038999985,104.7420832329999,SAT_10080,19.672908482115503,189.4101102118997,98.93486580230496,170.57984426668435,-65.31679156124468,29.78695568899021,35.0,0.12202404888938237,12.401878934661179
21.853306038999985,104.8420832329999,SAT_10081,19.75267985394872,189.85882417846156,98.94446183020135,170.55920332853458,-65.23702018941147,29.82228606295525,35.0,0.12168956893770701,12.378413354894427
21.853306038999985,104.94208323299989,SAT_10081,19.826844612021574,190.27600094262135,98.95324870254984,170.53935757756346,-65.16285543133861,29.854719813718635,35.0,0.12138231626429098,12.35683535122949
21.853306038999985,105.04208323299989,SAT_10081,19.892642037963697,190.6461114635458,98.96095523093875,170.52170774007914,-65.09705800539649,29.883440486503815,35.0,0.12110983148432602,12.337680920336844
21.853306038999985,105.14208323299988,SAT_10081,19.950027837577224,190.9689065863719,98.96760935746232,170.50628109301496,-65.03967220578296,29.908448015042804,35.0,0.12087226120636825,12.320966866604437
21.853306038999985,105.24208323299987,SAT_10081,19.99896297147815,191.2441667145646,98.97323485072155,170.49310169078976,-64.99073707188204,29.929742341638036,35.0,0.12066973455016028,12.306707988180158
21.853306038999985,105.34208323299987,SAT_10081,20.039413845788374,191.4717028825596,98.97785154787063,170.4821902425585,-64.95028619757181,29.94732341716125,35.0,0.12050236255216767,12.294917009622404
21.853306038999985,105.44208323299986,SAT_10081,20.071352478191613,191.65135768982782,98.98147555355425,170.4735640052295,-64.91834756516857,29.96119120105258,35.0,0.12037023764947559,12.28560452334218
21.853306038999985,105.54208323299986,SAT_10081,20.094756637633964,191.78300608669105,98.98411939934333,170.46723669339798,-64.89494340572622,29.971345661319734,35.0,0.12027343324668026,12.278778940401299
21.853306038999985,105.64208323299985,SAT_10081,20.10960995620968,191.86655600367948,98.98579216650788,170.46321840717064,-64.8800900871505,29.977786774537442,35.0,0.12021200336971746,12.274446451147577
21.853306038999985,105.74208323299985,SAT_10081,20.115902012047187,191.9019488177654,98.9864995742789,170.46151557867407,-64.873798031313,29.98051452584696,35.0,0.12018598240981253,12.272610996076079
21.853306038999985,105.84208323299984,SAT_10081,20.113628382307397,191.88915965047912,98.98624403512763,170.46213093784178,-64.87607166105279,29.9795289089558,35.0,0.12019538495992707,12.273274247206883
21.853306038999985,105.94208323299983,SAT_10081,20.10279066573004,191.82819749473148,98.98502467801251,170.46506349785662,-64.88690937763015,29.974829926137623,35.0,0.12024020574522816,12.27643560016593
21.853306038999985,106.04208323299983,SAT_10081,20.083396474479912,191.7191051689495,98.98283733999052,170.4703085604156,-64.90630356888028,29.96641758823226,35.0,0.12032041964823008,12.282092177048716
21.853306038999985,106.14208323299982,SAT_10081,20.05545939538395,191.56195909903474,98.9796745260501,170.4778577407559,-64.93424064797624,29.954291914645946,35.0,0.12043598182837412,12.290238840037919
21.853306038999985,106.24208323299982,SAT_10081,20.018998920975363,191.35686893048643,98.9755253364772,170.48769901216332,-64.97070112238482,29.93845293335166,35.0,0.12058682793492806,12.300868215638232
21.853306038999985,106.34208323299981,SAT_10081,19.97404035108488,191.1039769748525,98.97037536050237,170.4998167694676,-65.0156596922753,29.91890068088969,35.0,0.12077287441122539,12.313970729286174
21.853306038999985,106.4420832329998,SAT_10081,19.92061466602179,190.80345749637257,98.96420653437495,170.51419191082798,-65.0690853773384,29.895635202368304,35.0,0.12099401888743316,12.329534649991293
21.853306038999985,106.5420832329998,SAT_10081,19.85875837268574,190.45551584635732,98.95699696135848,170.53080193691076,-65.13094167067445,29.868656551464635,35.0,0.12125014065825471,12.347546144570073
21.853306038999985,106.6420832329998,SAT_10081,19.788513325203525,190.06038745426983,98.94872069041115,170.5496210663951,-65.20118671815666,29.837964790425694,35.0,0.12154110124124846,12.367989340946007
21.853306038999985,106.74208323299979,SAT_10081,19.709926521929788,189.61833668585507,98.939347449492,170.57062036657842,-65.2797735214304,29.803559990069562,35.0,0.12186674501079046,12.39084639991074
21.853306038999985,106.84208323299978,SAT_10081,19.623049880848612,189.12965557977347,98.92884232848218,170.5937678977239,-65.36665016251158,29.765442229786743,35.0,0.12222689990213081,12.416097594672298
21.853306038999985,106.94208323299978,SAT_10081,19.5279399955876,188.59466247518026,98.91716540560435,170.61902886967596,-65.46176004777259,29.723611597541684,35.0,0.12262137817950577,12.443721397458816
21.953306038999983,102.64208323300002,SAT_10080,19.604103976945197,189.02308487031672,98.92651482627957,170.5981596349514,-65.38559606641499,29.756746992561524,35.0,0.12230934847744086,12.421874075547667
21.953306038999983,102.74208323300002,SAT_10080,19.549644854488122,188.71675230649566,98.9198309051763,170.6126252411117,-65.44005518887207,29.732797700840038,35.0,0.12253523891062014,12.437692409689797
21.953306038999983,102.84208323300001,SAT_10080,19.486780170959506,188.36313846164722,98.91203881999134,170.62928948582854,-65.50291987240068,29.705109229849462,35.0,0.12279607602677076,12.455943540394825
21.953306038999983,102.942083233,SAT_10080,19.415551328170565,187.96247622095945,98.90310925809706,170.64812691715957,-65.57414871518962,29.67368164333798,35.0,0.12309172249217923,12.476611718875848
21.953306038999983,103.042083233,SAT_10080,19.336004709176734,187.51502648911915,98.8930080614991,170.6691090378667,-65.65369533418345,29.63851501366661,35.0,0.12342202434031276,12.499679285643055
21.953306038999983,103.142083233,SAT_10080,19.248191460145208,187.0210769633168,98.88169585582985,170.69220444525004,-65.74150858321498,29.599609421810637,35.0,0.1237868116617545,12.52512674811382
21.953306038999983,103.24208323299999,SAT_10080,19.15216725381549,186.48094080271215,98.86912761285444,170.71737898259488,-65.8375327895447,29.556964957361167,35.0,0.12418589935557012,12.552932864955414
21.953306038999983,103.34208323299998,SAT_10080,19.047992036784265,185.8949552069115,98.85525213739398,170.74459590075108,-65.94170800657592,29.51058171852689,35.0,0.12461908793591728,12.58307473641582
21.953306038999983,103.44208323299998,SAT_10080,18.93572976292991,185.26347991648075,98.84001146763718,170.77381602831235,-66.05397028043028,29.460459812135976,35.0,0.12508616438742734,12.615527899866475
21.953306038999983,103.54208323299997,SAT_10080,18.81544811535116,184.5868956488503,98.82334017547986,170.8049979488245,-66.17425192800903,29.406599353638157,35.0,0.12558690306269293,12.650266429759991
21.953306038999983,103.64208323299997,SAT_10080,18.687218219203558,183.86560248302,98.80516455069525,170.8380981834519,-66.30248182415663,29.34900046710698,35.0,0.12612106661509095,12.687263041196612
21.953306038999983,103.74208323299996,SAT_10080,18.569743165188314,183.20480530418425,98.78813596699075,170.86829419286494,-66.41995687817187,29.29607084496031,35.0,0.12661073113010596,12.721122799137149
21.953306038999983,103.84208323299995,SAT_10080,18.708584792006647,183.98578945503738,98.80822256731273,170.83259294026294,-66.28111525135354,29.358610811294554,35.0,0.1260320365420038,12.681101085843146
21.953306038999983,103.94208323299995,SAT_10080,18.839571370933825,184.72258896150277,98.8267126107714,170.79875459054358,-66.15012867242636,29.41741449240292,35.0,0.12548645218586613,12.643302122099827
21.953306038999983,104.04208323299994,SAT_10080,18.962627190756052,185.4147779480028,98.84369073968377,170.76682537352372,-66.02707285260414,29.472481752786134,35.0,0.12497423097135202,12.607755000895205
21.953306038999983,104.14208323299994,SAT_10080,19.077679603137653,186.06194776764931,98.8592322118753,170.7368496975987,-65.91202044022253,29.52381246556862,35.0,0.12449561534306554,12.574487592849398
21.953306038999983,104.24208323299993,SAT_10080,19.18465932086778,186.66370867988127,98.87340387753687,170.70886996047548,-65.80504072249241,29.57140651249605,35.0,0.12405083630391064,12.54352643820907
21.953306038999983,104.34208323299993,SAT_10080,19.28350071015643,187.21969149462993,98.88626501679305,170.68292636328752,-65.70619933320376,29.615263783933017,35.0,0.12364011246480533,12.514896641384453
21.953306038999983,104.44208323299992,SAT_10081,19.39831221853258,187.8655062292458,98.90095668384762,170.65332333074576,-65.5913878248276,29.666431081821468,35.0,0.12315934361352841,12.481336232289785
21.953306038999983,104.54208323299991,SAT_10081,19.505400592911784,188.46787833512877,98.91437998012887,170.6250030314709,-65.4842994504484,29.713683105858706,35.0,0.12271489197410256,12.450264632862117
21.953306038999983,104.64208323299991,SAT_10081,19.604347635808224,189.02445545142126,98.92656880197805,170.59874178525172,-65.38535240755196,29.75722500995022,35.0,0.12230445364186608,12.421531178608598
21.953306038999983,104.7420832329999,SAT_10081,19.695090269460053,189.5348827657128,98.93757087987981,170.57457832556605,-65.29460977390013,29.79705669358122,35.0,0.12192823814086572,12.395159903774447
21.953306038999983,104.8420832329999,SAT_10081,19.777569708503634,189.99882961033293,98.94742831244896,170.55254878096594,-65.21213033485655,29.83317806480919,35.0,0.12158644053727426,12.371173178162532
21.953306038999983,104.94208323299989,SAT_10081,19.851731728762573,190.41599097428949,98.9561780321092,170.5326865028697,-65.13796831459761,29.86558904026212,35.0,0.12127924058755239,12.349591611402492
21.953306038999983,105.04208323299989,SAT_10081,19.917526920094517,190.7860889255317,98.96385220360114,170.5150219033328,-65.07217312326567,29.894289545136917,35.0,0.12100680194116364,12.330433963128609
21.953306038999983,105.14208323299988,SAT_10081,19.974910920898566,191.10887393005441,98.97047856333162,170.49958230439103,-65.01478912246162,29.919279513197978,35.0,0.12076927140445139,12.31371705986412
21.953306038999983,105.24208323299987,SAT_10081,20.02384463200029,191.38412605500162,98.9760807061807,170.48639180049523,-64.9658554113599,29.94055888677592,35.0,0.1205667782719308,12.299455719368652
21.953306038999983,105.34208323299987,SAT_10081,20.064294407786335,191.61165604379815,98.98067832520358,170.4754711354562,-64.92540563557385,29.958127616766497,35.0,0.12039943373080034,12.287662683153348
21.953306038999983,105.44208323299986,SAT_10081,20.096232222645654,191.79130625238182,98.98428740865992,170.46683759519618,-64.89346782071453,29.97198566262964,35.0,0.12026733034393984,12.278348557804051
21.953306038999983,105.54208323299986,SAT_10081,20.119635810998446,191.92295143686624,98.98692039793326,170.46050491745558,-64.87006423236174,29.982132992388696,35.0,0.1201705416160415,12.271521765678825
21.953306038999983,105.64208323299985,SAT_10081,20.134488779445633,192.00649938438167,98.98858630914454,170.45648321943537,-64.85521126391455,29.988569582629825,35.0,0.12010912164682669,12.267188505462173
21.953306038999983,105.74208323299985,SAT_10081,20.14078068985053,192.04189138040925,98.98929082058459,170.45477894417064,-64.84891935350966,29.991295418501544,35.0,0.12008310487454114,12.265352722966027
21.953306038999983,105.84208323299984,SAT_10081,20.138507112464396,192.02910250761224,98.98903632747637,170.45539482622928,-64.85119293089579,29.99031049371444,35.0,0.12009250591211029,12.266016092468853
21.953306038999983,105.94208323299983,SAT_10081,20.127669648525,191.96814177295312,98.98782196500451,170.45832987711864,-64.86203039483519,29.98561481054106,35.0,0.12013731947748413,12.26917800878011
21.953306038999983,106.04208323299983,SAT_10081,20.108275922084516,191.8590520617254,98.98564360000513,170.46357939056296,-64.88142412127567,29.977208379815945,35.0,0.12021752041882407,12.274835590109841
21.953306038999983,106.14208323299982,SAT_10081,20.080339541153904,191.7019099189907,98.98249379117416,170.47113496759323,-64.90936050220628,29.96509122093585,35.0,0.12033306383429597,12.282983691714605
21.953306038999983,106.24208323299982,SAT_10081,20.043880028583786,191.4968251607838,98.97836171711454,170.48098456116867,-64.9458200147764,29.94926336186009,35.0,0.12048388528534842,12.293614930182477
21.953306038999983,106.34208323299981,SAT_10081,19.998922723421998,191.24394031924874,98.97323307098466,170.49311253983353,-64.99077731993819,29.92972483911111,35.0,0.12066990110149103,12.306719718114278
21.953306038999983,106.4420832329998,SAT_10081,19.94549865379871,190.94342992761773,98.96708991991817,170.50749976970653,-65.04420138956148,29.90647569777514,35.0,0.12089100877375407,12.32228630885634
21.953306038999983,106.5420832329998,SAT_10081,19.883644382675982,190.5954996525524,98.95991052673808,170.5241237139091,-65.1060556606842,29.879515991503087,35.0,0.12114708743322623,12.34030085084497
21.953306038999983,106.6420832329998,SAT_10081,19.813401828070425,190.20038528289615,98.9516691307711,170.54295854835652,-65.17629821528976,29.848845782511546,35.0,0.12143799841034104,12.360747451034447
21.953306038999983,106.74208323299979,SAT_10081,19.734818059586473,189.7583515851739,98.94233568375213,170.563975292686,-65.25488198377371,29.814465141583984,35.0,0.12176358586992575,12.383608246801778
21.953306038999983,106.84208323299978,SAT_10081,19.64794507330771,189.26969103735587,98.93187553587279,170.58714195495577,-65.34175497005248,29.776374148072104,35.0,0.12212367751645001,12.408863485652365
22.053306038999985,102.54208323300003,SAT_10080,19.556029073191354,188.75266353670136,98.92062620673131,170.6109308639908,-65.43367097016883,29.735607043950676,35.0,0.1225087544856432,12.435838395643067
22.053306038999985,102.64208323300002,SAT_10080,19.510157889987013,188.49463813117697,98.9149553656334,170.623096750711,-65.47954215337317,29.715411179896964,35.0,0.12269906741717769,12.449157515141952
22.053306038999985,102.74208323300002,SAT_10080,19.45587107273718,188.18927478414668,98.9081871514212,170.63746954701938,-65.533828970623,29.691478707482865,35.0,0.12292435541671594,12.464913775669787
22.053306038999985,102.84208323300001,SAT_10080,19.393204402599793,187.83677476462384,98.90029626506262,170.6540272556798,-65.5964956407604,29.66380968182108,35.0,0.12318449979991512,12.483093567101752
22.053306038999985,102.942083233,SAT_10080,19.322198779369984,187.43736813395617,98.89125277527594,170.672744745648,-65.6675012639902,29.63240416663219,35.0,0.12347936482033624,12.503681320154053
22.053306038999985,103.042083233,SAT_10080,19.24290002743075,186.99131265429799,98.88102179803148,170.69359387652565,-65.74680001592944,29.597262234245882,35.0,0.12380879828219837,12.526659575367464
22.053306038999985,103.142083233,SAT_10080,19.15535868152132,186.49889258355742,98.86956311531576,170.7165436358103,-65.83434136183887,29.55838396560238,35.0,0.12417263221941292,12.552009059411548
22.053306038999985,103.24208323299999,SAT_10080,19.059629754379614,185.96041736838535,98.85683072541167,170.74156028757525,-65.93007028898057,29.515769450253977,35.0,0.12457068363520939,12.579708768024078
22.053306038999985,103.34208323299998,SAT_10080,18.95577248843739,185.37622024746034,98.84277231527153,170.76860753113561,-66.0339275549228,29.46941878636681,35.0,0.12500275529629815,12.609736054857695
22.053306038999985,103.44208323299998,SAT_10080,18.84385009383361,184.74665677781405,98.82732864355089,170.7976466681995,-66.14584994952658,29.419332080722743,35.0,0.1254686365752342,12.642066725474594
22.053306038999985,103.54208323299997,SAT_10080,18.723929475062633,184.07210329722733,98.81043282044516,170.82863677697506,-66.26577056829755,29.365509448721454,35.0,0.12596810433445493,12.676675135709493
22.053306038999985,103.64208323299997,SAT_10080,18.62603648140228,183.52145520788787,98.79636493414382,170.8538396869306,-66.3636635619579,29.32145363108453,35.0,0.12637605102120086,12.704901455090631
22.053306038999985,103.74208323299996,SAT_10080,18.637208422140077,183.58429737453795,98.79798318235305,170.85096772234385,-66.35249162122011,29.326486877182816,35.0,0.1263294843872739,12.701681291671807
22.053306038999985,103.84208323299995,SAT_10080,18.640250492463537,183.60140902010738,98.7984232500488,170.8501855076958,-66.34944955089665,29.327857166339733,35.0,0.1263168049487534,12.70080440459181
22.053306038999985,103.94208323299995,SAT_10081,18.75857381939649,184.26697773410524,98.81537880865892,170.82033335847734,-66.2311262239637,29.38141956131297,35.0,0.125819627371479,12.66639279942784
22.053306038999985,104.04208323299994,SAT_10081,18.905245682057085,185.0920069615711,98.83586521672763,170.78236910628976,-66.0844543613031,29.447173955860595,35.0,0.12520893644794603,12.624050274425988
22.053306038999985,104.14208323299994,SAT_10081,19.044148603815913,185.87333589646454,98.85477760898638,170.74623800061389,-65.94555143954427,29.50922147885224,35.0,0.12463101293920846,12.583903904843423
22.053306038999985,104.24208323299993,SAT_10081,19.175202434154784,186.61051369212063,98.87220152345935,170.7119890022238,-65.8144976092054,29.567561986949734,35.0,0.12408612453115087,12.5459844694002
22.053306038999985,104.34208323299993,SAT_10081,19.29832981971191,187.30310523587949,98.88821317249399,170.67966941952332,-65.69137022364828,29.622195345394168,35.0,0.12357452928172998,12.5103216202374
22.053306038999985,104.44208323299992,SAT_10081,19.413456515523492,187.95069289981964,98.90288042892037,170.64932471107005,-65.5762435278367,29.673121428003373,35.0,0.12309647460121595,12.476943770168793
22.053306038999985,104.54208323299991,SAT_10081,19.520511692755576,188.55287827175013,98.91626367295942,170.620998289868,-65.46918835060461,29.720340117169467,35.0,0.1226521962518892,12.445877981654201
22.053306038999985,104.64208323299991,SAT_10081,19.619428240491473,189.10928385276452,98.9284165204113,170.59473133103018,-65.37027180286871,29.76385130385664,35.0,0.1222419173741817,12.417149858320993
22.053306038999985,104.7420832329999,SAT_10081,19.71014305908669,189.61955470736262,98.93938644904773,170.57056258444956,-65.2795569842735,29.803654887599077,35.0,0.12186584754635686,12.39078343987666
22.053306038999985,104.8420832329999,SAT_10081,19.79259734257083,190.0833600519609,98.94921533719273,170.54852819414242,-65.19710270078936,29.839750776499027,35.0,0.1215241818848359,12.36680110126113
22.053306038999985,104.94208323299989,SAT_10081,19.86673684757703,190.5003947676208,98.95793992606818,170.52866152593356,-65.12296319578316,29.872138887225077,35.0,0.12121710019220973,12.345223456882463
22.053306038999985,105.04208323299989,SAT_10081,19.93251214632467,190.87038082307626,98.96559221549312,170.51099300512357,-65.05718789703552,29.900819145010537,35.0,0.12094476615980716,12.32606927076268
22.053306038999985,105.14208323299988,SAT_10081,19.98987886125383,191.19306859455278,98.97219980087502,170.49554996573522,-64.99982118210636,29.925791483652038,35.0,0.12070732663143133,12.30935537339174
22.053306038999985,105.24208323299987,SAT_10081,20.038797879028124,191.4682380695332,98.97778615804927,170.48235651285887,-64.95090216433206,29.947055845508263,35.0,0.12050491093451979,12.295096586046938
22.053306038999985,105.34208323299987,SAT_10081,20.079235541776555,191.69569992249313,98.98237088135598,170.47143339951535,-64.91046450158363,29.964612181498847,35.0,0.12033763028453538,12.283305653282596
22.053306038999985,105.44208323299986,SAT_10081,20.111163813626476,191.87529645164892,98.98596987934603,170.46279791933844,-64.87853622973371,29.97846045110345,35.0,0.120205577267857,12.273993184230852
22.053306038999985,105.54208323299986,SAT_10081,20.134560420813514,192.006902367076,98.98859553164998,170.4564638162197,-64.85513962254667,29.98860062236098,35.0,0.12010882540781888,12.267167603280132
22.053306038999985,105.64208323299985,SAT_10081,20.14940896389335,192.0904254219001,98.99025680978728,170.4524412119039,-64.84029107946684,29.99503267186897,35.0,0.12004742881785307,12.262835110614045
22.053306038999985,105.74208323299985,SAT_10081,20.155699000872772,192.12580687990936,98.99095936402442,170.45073655232477,-64.83400104248742,29.99775658478317,35.0,0.12002142194492894,12.26099965300088
22.053306038999985,105.84208323299984,SAT_10081,20.153426100364,192.11302181454752,98.99070557777819,170.4513525732823,-64.83627394299619,29.996772354817217,35.0,0.12003081940567252,12.261662905125428
22.053306038999985,105.94208323299983,SAT_10081,20.14259186419733,192.05207923611,98.98949459049487,170.4542882858385,-64.84710817916286,29.992079984242558,35.0,0.12007561591669619,12.264824261650237
22.053306038999985,106.04208323299983,SAT_10081,20.123203919244162,191.94302204574842,98.98732228939434,170.4595389815983,-64.86649612411603,29.983679483888466,35.0,0.12015578631979112,12.270480840086393
22.053306038999985,106.14208323299982,SAT_10081,20.095275878538516,191.78592681677915,98.98418126993866,170.4670962578174,-64.89442416482167,29.97157087314226,35.0,0.12027128570174646,12.278627494444788
22.053306038999985,106.24208323299982,SAT_10081,20.05882727211886,191.58090340566858,98.98006076435131,170.4769480620526,-64.93087277124133,29.955754179949658,35.0,0.12042204960767416,12.289256839530704
22.053306038999985,106.34208323299981,SAT_10081,20.013883448329338,191.32809439685252,98.97494653696019,170.48907875586178,-64.97581659503085,29.93622944081533,35.0,0.12060799434585302,12.302359285638547
22.053306038999985,106.4420832329998,SAT_10081,19.960475446631847,191.02767438730413,98.96882074454959,170.50346919684864,-65.02922459672834,29.91299670080359,35.0,0.12082901738127212,12.317923083302018
22.053306038999985,106.5420832329998,SAT_10081,19.898639843269905,190.6798491183932,98.96166175926649,170.52009683815587,-65.09106020009028,29.886056013539225,35.0,0.12108499781426887,12.335934377659367
22.053306038999985,106.6420832329998,SAT_10081,19.82841857138976,190.2848544640674,98.95344395091372,170.5389358443336,-65.16128147197043,29.855407441208563,35.0,0.12137579693992993,12.356377271905473
22.153306038999986,102.44208323300003,SAT_10080,19.489675365402306,188.379423930388,98.912418506344,170.62852282492213,-65.50002467795788,29.706385409017912,35.0,0.1227840614231965,12.455103200630466
22.153306038999986,102.54208323300003,SAT_10080,19.452378452211946,188.1696287936922,98.90775960216052,170.63839331252433,-65.53732159114824,29.68993781252292,35.0,0.12293885185953608,12.46592723928729
22.153306038999986,102.64208323300002,SAT_10080,19.406663830446973,187.91248404626424,98.90200883780396,170.65047406384636,-65.58303621291321,29.669756197556087,35.0,0.12312861924078106,12.479189727382153
22.153306038999986,102.74208323300002,SAT_10080,19.352561584463274,187.60815891260592,98.89514479052146,170.66474658575615,-65.63713845889691,29.645840610603273,35.0,0.12335326376720918,12.494879219976827
22.153306038999986,102.84208323300001,SAT_10080,19.290107021088573,187.25685199362323,98.88714156605565,170.68118918434038,-65.69959302227161,29.618191106753436,35.0,0.12361266825340016,12.512982276431273
22.153306038999986,102.942083233,SAT_10080,19.219340501064863,186.85879031848984,98.87796852448186,170.6997770730372,-65.77035954229532,29.586807749699698,35.0,0.12390669866001981,12.533483520297798
22.153306038999986,103.042083233,SAT_10080,19.140307248808114,186.41422827454565,98.86758994988529,170.7204824945651,-65.84939279455207,29.551690611740582,35.0,0.12423520469596397,12.556365707031595
22.153306038999986,103.142083233,SAT_10080,19.053057142337607,185.92344642564905,98.85596465729498,170.74327485541744,-65.93664290102258,29.5128397737814,35.0,0.12459802048574897,12.581609798900788
22.153306038999986,103.24208323299999,SAT_10080,18.957644485383312,185.3867502302811,98.84304552881832,170.76812087158913,-66.03205555797688,29.47025532533584,35.0,0.12499496529659443,12.609195046426995
22.153306038999986,103.34208323299998,SAT_10080,18.85412776379181,184.80446867132892,98.82877896917135,170.7949847241304,-66.13557227956838,29.423937364527696,35.0,0.12542584431928444,12.639099075646403
22.153306038999986,103.44208323299998,SAT_10080,18.743835513588735,184.18407476393665,98.81328394765428,170.82350148765218,-66.24586452977145,29.374454837869596,35.0,0.12588517501861288,12.670932704970255
22.153306038999986,103.54208323299997,SAT_10080,18.77133472622984,184.33875783504286,98.81717626925035,170.81640153943752,-66.21836531713035,29.38680513645429,35.0,0.1257706259375438,12.662998288209572
22.153306038999986,103.64208323299997,SAT_10080,18.790695224658066,184.44766063870162,98.81990501241194,170.81139886429153,-66.19900481870212,29.39549512332833,35.0,0.125689988537543,12.657411089201384
22.153306038999986,103.74208323299996,SAT_10080,18.80190512937631,184.51071635274172,98.8214806212629,170.8085007424973,-66.18779491398388,29.400524778342806,35.0,0.1256433023563882,12.654175647472991
22.153306038999986,103.84208323299995,SAT_10080,18.804957544685138,184.52788618885393,98.82190910174671,170.80771140058914,-66.18474249867505,29.401894089835924,35.0,0.12563059034164895,12.65329459758018
22.153306038999986,103.94208323299995,SAT_10080,18.799850590701126,184.49915957269386,98.82119208404241,170.80903199086038,-66.18984945265906,29.399603054632813,35.0,0.1256518587488409,12.654768657682663
22.153306038999986,104.04208323299994,SAT_10081,18.910903594494172,185.12383271902974,98.8366630108089,170.78090076957434,-66.07879644886602,29.449705593823246,35.0,0.1251853879631844,12.622415885151723
22.153306038999986,104.14208323299994,SAT_10081,19.04972784717178,185.90471914034126,98.85554362396944,170.74478311197038,-65.9399721961884,29.511709141423292,35.0,0.12460780836767411,12.582290417273654
22.153306038999986,104.24208323299993,SAT_10081,19.180707360503177,186.64147890283039,98.87293872973822,170.71054696479558,-65.80899268285701,29.570008301591738,35.0,0.12406324452686646,12.544390775126303
22.153306038999986,104.34208323299993,SAT_10081,19.30376483859878,187.33367721711815,98.88892430151131,170.67823960259943,-65.6859352047614,29.62460293963513,35.0,0.12355195430057211,12.508746587496523
22.153306038999986,104.44208323299992,SAT_10081,19.418826092371418,187.9808967695892,98.90356800306338,170.6479064509637,-65.57087395098877,29.675492929432558,35.0,0.12307418490620999,12.47538624455142
22.153306038999986,104.54208323299991,SAT_10081,19.525820346935035,188.58273945150955,98.91693003170893,170.61959089099935,-65.46387969642515,29.722678153433232,35.0,0.12263017191972353,12.444336786939312
22.153306038999986,104.64208323299991,SAT_10081,19.624680543061558,189.13882805472127,98.92906384333466,170.59333406721206,-65.36501950029863,29.76615850265425,35.0,0.12222013830292587,12.415623797437894
22.153306038999986,104.7420832329999,SAT_10081,19.715343630208295,189.64880791992167,98.94001677612951,170.56917470037476,-65.27435641315189,29.80593387667853,35.0,0.1218442934643556,12.3892712959913
22.153306038999986,104.8420832329999,SAT_10081,19.79775084859898,190.1123485233693,98.94983058691813,170.54714890706987,-65.19194919476121,29.84200418365289,35.0,0.12150283236074252,12.365301638983484
22.153306038999986,104.94208323299989,SAT_10081,19.87184799784559,190.52914498788147,98.95854191161031,170.52729002756453,-65.1178520455146,29.874369340286318,35.0,0.12119593464610871,12.343735423590282
22.153306038999986,105.04208323299989,SAT_10081,19.937585689634844,190.898919504196,98.96618265930302,170.50962846366278,-65.05211435372534,29.90302927184837,35.0,0.12092376387536648,12.324591398035572
22.153306038999986,105.14208323299988,SAT_10081,19.99491958208786,191.22142264924423,98.97278034793146,170.49419152812266,-64.99478046127233,29.927983912167768,35.0,0.12068646676901364,12.307886378548432
22.153306038999986,105.24208323299987,SAT_10081,20.043810593508695,191.49643458848644,98.97835838799067,170.48100330716025,-64.94588944985149,29.949233203631117,35.0,0.1204841725451711,12.293635173777183
22.153306038999986,105.34208323299987,SAT_10081,20.084225093395844,191.72376615035162,98.98293631968878,170.4700845374572,-64.90547494996434,29.966777097181843,35.0,0.12031699232476051,12.281850517364227
22.153306038999986,105.44208323299986,SAT_10081,20.116135068775364,191.90325976186142,98.98653000790213,170.46145249896773,-64.87356497458482,29.98061555231923,35.0,0.12018501861508184,12.272543009321234
22.153306038999986,105.54208323299986,SAT_10081,20.139518264139994,192.03479023578748,98.98915179844711,170.45512092467078,-64.8501817792202,29.99074853709766,35.0,0.12008832487643224,12.265721066770645
22.153306038999986,105.64208323299985,SAT_10081,20.15435829352451,192.11826540107538,98.99081063843323,170.45109992825098,-64.83534174983568,29.997176028126017,35.0,0.12002696517571287,12.261390884535004
22.153306038999986,105.74208323299985,SAT_10081,20.160644723533423,192.1536265698755,98.99151216279478,170.44939595049965,-64.82905531982676,29.99989801056723,35.0,0.12000097393021357,12.259556405964119
22.153306038999986,105.84208323299984,SAT_10081,20.158373126432423,192.14084883618239,98.99125874849075,170.45001172503095,-64.83132691692776,29.998914478137987,35.0,0.1200103657439527,12.260219304290858
22.153306038999986,105.94208323299983,SAT_10081,20.14754510273093,192.07994120286148,98.99004953729842,170.4529462636971,-64.84215494062926,29.99422543310863,35.0,0.12005513533810082,12.263378974702679
22.153306038999986,106.04208323299983,SAT_10081,20.128168273016016,191.9709465357151,98.98788042758832,170.45819486186252,-64.86153177034417,29.985830886303194,35.0,0.12013525757613916,12.269032537208695
22.153306038999986,106.14208323299982,SAT_10081,20.10025623912253,191.81394134506422,98.98474403494063,170.46574912348038,-64.88944380423766,29.9737308570996,35.0,0.12025068758351727,12.277174850273358
22.153306038999986,106.24208323299982,SAT_10081,20.063828515058276,191.6090353972028,98.98062962093225,170.4755970056915,-64.92587152830191,29.957925373430033,35.0,0.12040136096069103,12.287798535079757
22.153306038999986,106.34208323299981,SAT_10081,20.01891042842732,191.3563711599037,98.97552298887416,170.48772288244697,-64.97078961493287,29.93841447178148,35.0,0.12058719408755736,12.300894010179826
22.153306038999986,106.4420832329998,SAT_10081,19.965532993396238,191.05612308785385,98.9694063446928,170.5021076264566,-65.02416704996395,29.915198197196418,35.0,0.12080808451647149,12.31644953618731
22.153306038999986,106.5420832329998,SAT_10081,19.903732756544926,190.7084967555652,98.96225812051298,170.51872870856482,-65.08596728681526,29.888276603273653,35.0,0.12106391145024768,12.334451270073846
22.153306038999986,106.6420832329998,SAT_10081,19.833551617204208,190.31372784677367,98.95405275779137,170.5375603134837,-65.15614842615598,29.857649752169372,35.0,0.121354536300819,12.354883328540826
22.253306038999984,102.24208323300005,SAT_10080,19.425473503425764,188.01828845676994,98.90439086074562,170.64550566006716,-65.56422653993442,29.678063012339845,35.0,0.12305053228588096,12.473733359921226
22.253306038999984,102.34208323300004,SAT_10080,19.405155539232027,187.90399990818014,98.90182903379595,170.65087232455102,-65.58454450412816,29.669089922521692,35.0,0.12313488113439636,12.479627220964435
22.253306038999984,102.44208323300003,SAT_10080,19.37640678407753,187.74228816043612,98.89818900446271,170.65845937484883,-65.61329325928266,29.6563853938129,35.0,0.12325424533667996,12.487965032910044
22.253306038999984,102.54208323300003,SAT_10080,19.339246188319507,187.53325980929722,98.89345733167947,170.66825516130226,-65.65045385504068,29.639949455483126,35.0,0.1234085620329924,12.498739587188568
22.253306038999984,102.64208323300002,SAT_10080,19.293698112102618,187.27705188057723,98.88761639637069,170.68024471292685,-65.69600193125757,29.61978214539979,35.0,0.12359775039121255,12.511941613339298
22.253306038999984,102.74208323300002,SAT_10080,19.23979220758386,186.97383116765923,98.8806442188321,170.69440981301938,-65.74990783577633,29.595883510028816,35.0,0.12382171197750856,12.52755982080826
22.253306038999984,102.84208323300001,SAT_10080,19.177563276852354,186.6237934322945,98.87251422792167,170.71072909030903,-65.81213676650783,29.568253604435544,35.0,0.1240803312045156,12.545580949429832
22.253306038999984,102.942083233,SAT_10080,19.107051106969678,186.22716247670442,98.86319497763103,170.7291781247033,-65.88264893639051,29.536892492285766,35.0,0.12437347585311981,12.565989828119859
22.253306038999984,103.042083233,SAT_10080,19.028300283751506,185.78418909610224,98.8526498054756,170.7497295665523,-65.96139975960868,29.501800245846983,35.0,0.12470099766337389,12.588769441239982
22.253306038999984,103.142083233,SAT_10080,18.94135998609967,185.29514992181063,98.84083642583154,170.77235326822824,-66.04834005726052,29.46297694598979,35.0,0.12506273298956216,12.6139010020325
22.253306038999984,103.24208323299999,SAT_10080,18.846283762829373,184.76034616591522,98.82770644980454,170.79701642673132,-66.14341628053081,29.420422682189454,35.0,0.12545850351400342,12.641364032474945
22.253306038999984,103.34208323299998,SAT_10080,18.86362926958489,184.857914641415,98.83011855075824,170.7925229684295,-66.1260707737753,29.428193800568376,35.0,0.12538628569753485,12.636355320216648
22.253306038999984,103.44208323299998,SAT_10080,18.899363913796165,185.05892201510346,98.8350643035739,170.78325720613617,-66.09033612956402,29.444192906842883,35.0,0.12523752498196053,12.626034305288778
22.253306038999984,103.54208323299997,SAT_10080,18.926951055517833,185.2140996872878,98.83886086982886,170.77609621261414,-66.06274898784235,29.456534353511042,35.0,0.1251227002300647,12.618064428509202
22.253306038999984,103.64208323299997,SAT_10080,18.946373610475945,185.32335155892721,98.84152263774024,170.77105046401232,-66.04332643288424,29.465218111952545,35.0,0.12504186826846048,12.612452212555999
22.253306038999984,103.74208323299996,SAT_10080,18.95761950368562,185.38660970823162,98.84305963241424,170.76812736624169,-66.03208053967457,29.470244162029793,35.0,0.1249950692532272,12.609202266209435
22.253306038999984,103.84208323299995,SAT_10080,18.960681725801905,185.40383470763572,98.84347761929033,170.76733121888165,-66.02901831755828,29.47161249208756,35.0,0.12498232649115605,12.60831726427303
22.253306038999984,103.94208323299995,SAT_10080,18.95555836593759,185.37501580839896,98.84277816332543,170.76866319415475,-66.0341416774226,29.469323098952746,35.0,0.12500364633573272,12.609797935884853
22.253306038999984,104.04208323299994,SAT_10080,18.942252620624416,185.30017099101232,98.84095864502025,170.77212133118465,-66.04744742273577,29.463375987934356,35.0,0.12505901815874787,12.613643061326735
22.253306038999984,104.14208323299994,SAT_10081,19.0456218603875,185.88162296467968,98.85500793182686,170.74585384960076,-65.94407818297269,29.50987840607953,35.0,0.12462488546887483,12.583477853982588
22.253306038999984,104.24208323299993,SAT_10081,19.176494191397225,186.61777982660936,98.8723994383506,170.71165064596522,-65.81320585196296,29.56813605741668,35.0,0.12408075557031628,12.545610507844106
22.253306038999984,104.34208323299993,SAT_10081,19.299450532643064,187.30940924611724,98.88838181824026,170.67937461018502,-65.69024951071712,29.622691824384226,35.0,0.12356987421813723,12.509996850698188
22.253306038999984,104.44208323299992,SAT_10081,19.41441683151234,187.9560946772569,98.90302269210459,170.6490710833613,-65.57528321184785,29.673545580922255,35.0,0.12309248817925246,12.476665221229553
22.253306038999984,104.54208323299991,SAT_10081,19.521322444906446,188.55743875259876,98.91638222005136,170.6207833648994,-65.46837759845374,29.72069720953679,35.0,0.1226488325956461,12.44564261049548
22.253306038999984,104.64208323299991,SAT_10081,19.620100439886357,189.11306497436075,98.92851382591195,170.59455252089555,-65.36959960347383,29.764146601297604,35.0,0.12223913001426454,12.416954553861622
22.253306038999984,104.7420832329999,SAT_10081,19.710687885898366,189.62261935817833,98.93946482029328,170.57041719752522,-65.27901215746182,29.80389365583612,35.0,0.12186358945037086,12.39062502632235
22.253306038999984,104.8420832329999,SAT_10081,19.793026136069145,190.08577201538893,98.94927693634142,170.54841344109295,-65.19667390729104,29.839938281343528,35.0,0.12152240549143516,12.366676342050198
22.253306038999984,104.94208323299989,SAT_10081,19.867061095069033,190.50221865976332,98.95798678971207,170.52857452639802,-65.12263894829115,29.872280394569028,35.0,0.1212157574485616,12.34512905901361
22.253306038999984,105.04208323299989,SAT_10081,19.932743471075753,190.87168202480115,98.96562627227084,170.5109307950548,-65.05695657228443,29.90091992081826,35.0,0.1209438085622889,12.326001889485601
22.253306038999984,105.14208323299988,SAT_10081,19.99002900945493,191.19391317818398,98.97222288740815,170.49550950535078,-64.99967103390526,29.92585679395188,35.0,0.12070670526934046,12.309311617237018
22.253306038999984,105.24208323299987,SAT_10081,20.038878705884116,191.46869272059817,98.97780003348127,170.48233469515606,-64.95082133747607,29.947090956384304,35.0,0.12050457653654607,12.295073022167768
22.253306038999984,105.34208323299987,SAT_10081,20.07925899679931,191.6958318569961,98.98237724073721,170.4714270592989,-64.91044104656088,29.96462235908262,35.0,0.12033753326771107,12.283298813076895
22.253306038999984,105.44208323299986,SAT_10081,20.111141925234506,191.87517332944407,98.98597036608092,170.46280384269375,-64.87855811812568,29.97845096156566,35.0,0.12020566778867263,12.273999569208923
22.253306038999984,105.54208323299986,SAT_10081,20.13450528034039,192.00659220191469,98.98859174919872,170.4564787503679,-64.8551947630198,29.988576731903215,35.0,0.12010905341516663,12.267183691139937
22.253306038999984,105.64208323299985,SAT_10081,20.14933270912387,192.08999648882178,98.99025033279824,170.4524618753611,-64.84036733423632,29.994999646715453,35.0,0.12004774410743711,12.262857361483224
22.253306038999984,105.74208323299985,SAT_10081,20.1556137992236,192.12532762063273,98.99095174905908,170.45075964529144,-64.83408624413659,29.997719691172456,35.0,0.12002177421476465,12.261024515802827
22.253306038999984,105.84208323299984,SAT_10081,20.153344131841493,192.1125607416084,98.99069837378238,170.45137478817566,-64.8363559115187,29.996736858993952,35.0,0.12003115831228298,12.261686824024718
22.253306038999984,105.94208323299983,SAT_10081,20.142525304256054,192.0517048364403,98.9894893491632,170.4543063178898,-64.84717473910413,29.99205115244918,35.0,0.12007589113160531,12.264843682531904
22.253306038999984,106.04208323299983,SAT_10081,20.123164921681465,191.94280268445826,98.98732057557311,170.4595495394268,-64.86653512167872,29.98366258235695,35.0,0.12015594758590942,12.270492217022957
22.253306038999984,106.14208323299982,SAT_10081,20.095276558555526,191.78593064187484,98.98418467221319,170.46709607389607,-64.89442348480466,29.97157116808584,35.0,0.12027128288924678,12.278627296105183
22.253306038999984,106.24208323299982,SAT_10081,20.05887968967366,191.58119825441432,98.9800709059676,170.4769339029862,-64.93082035368653,29.95577693755457,35.0,0.120421832768961,12.289241555485956
22.253306038999984,106.34208323299981,SAT_10081,20.013999591909553,191.32874770449124,98.97496508723856,170.48904743239342,-64.97570045145063,29.936279927232516,35.0,0.12060751376924014,12.302325432520497
22.253306038999984,106.4420832329998,SAT_10081,19.960667217562545,191.02875309878934,98.96884943095927,170.5034175735218,-65.02903282579764,29.913080182140412,35.0,0.12082822364299933,12.317867210773267
22.253306038999984,106.5420832329998,SAT_10081,19.89891904066924,190.68141960376448,98.9617023803453,170.5200218425585,-65.09078100269095,29.886177755851218,35.0,0.12108384182850883,12.335853074155168
22.253306038999984,106.6420832329998,SAT_10081,19.82879687787232,190.2869824380318,98.95349839023709,170.53883447586142,-65.16090316548787,29.855572710491113,35.0,0.12137423000645987,12.356267170111101
22.353306038999982,102.24208323300005,SAT_10080,19.302606763676337,187.3271630456794,98.88877459772205,170.67790119327483,-65.68709327968385,29.62372849936227,35.0,0.12356074389504722,12.509359841876238
22.353306038999982,102.34208323300004,SAT_10080,19.282367956245366,187.21331975388017,98.88616881775137,170.68322418941142,-65.70733208711482,29.614761799040615,35.0,0.12364481829327066,12.515224878450754
22.353306038999982,102.44208323300003,SAT_10080,19.25373098843164,187.05223680992796,98.8824661929893,170.69074959541538,-65.73596905492855,29.602066316893918,35.0,0.12376379481991082,12.523521981587155
22.353306038999982,102.54208323300003,SAT_10080,19.21671451685441,186.84401915730606,98.87765290029719,170.70046594956167,-65.77298552650578,29.58564208217934,35.0,0.12391761154304905,12.534244047580387
22.353306038999982,102.64208323300002,SAT_10080,19.171342525282768,186.5888017047156,98.87171081792609,170.7123585215817,-65.81835751807742,29.565489132748144,35.0,0.12410618882084172,12.547381940423017
22.353306038999982,102.74208323300002,SAT_10080,19.117644209586686,186.28674867892514,98.86461733618918,170.72640938646083,-65.8720558337735,29.54160751504642,35.0,0.12432942966463686,12.562924532694455
22.353306038999982,102.84208323300001,SAT_10080,19.055653838925537,185.93805284395614,98.85634511810676,170.74259751342115,-65.93404620443465,29.513997284115987,35.0,0.12458722017807118,12.58085875495142
22.353306038999982,102.942083233,SAT_10080,18.985410594555987,185.54293459437744,98.84686180538223,170.76089886916986,-66.0042894488042,29.48265850359546,35.0,0.1248794300683575,12.601169653161431
22.353306038999982,103.042083233,SAT_10080,18.90695838783293,185.1016409315602,98.83612966388122,170.78128653436866,-66.08274165552726,29.447591245721465,35.0,0.12520591322541116,12.62384045365465
22.353306038999982,103.142083233,SAT_10080,18.913872774224743,185.14053435501418,98.83708157891411,170.77949188725745,-66.07582726913544,29.450684695668873,35.0,0.1251771333754272,12.621842944171437
22.353306038999982,103.24208323299999,SAT_10080,18.965985553297628,185.43366873729917,98.8442184185246,170.76595207697164,-66.02371449006256,29.473982214887062,35.0,0.12496025625448748,12.606784371723483
22.353306038999982,103.34208323299998,SAT_10080,19.009976340641046,185.6811169161059,98.85019174141814,170.7545035021796,-65.97972370271914,29.49362479068698,35.0,0.12477722529305121,12.59406776593347
22.353306038999982,103.44208323299998,SAT_10080,19.045817881902806,185.88272558570327,98.85502426682558,170.74516287756836,-65.94388216145738,29.509612377506645,35.0,0.12462813113382129,12.583703530261841
22.353306038999982,103.54208323299997,SAT_10080,19.073487823877798,186.0383690093126,98.85873418420474,170.7379439167106,-65.91621221948239,29.521944938263275,35.0,0.12451304809222934,12.575700192942831
22.353306038999982,103.64208323299997,SAT_10080,19.0929688184071,186.14794960353996,98.86133534221219,170.73285726550765,-65.89673122495309,29.530622444352577,35.0,0.12443203382698245,12.57006436997103
22.353306038999982,103.74208323299996,SAT_10080,19.10424860356025,186.2113983950264,98.86283739107866,170.72991045016036,-65.88545143979994,29.53564487564824,35.0,0.1243851290830742,12.56680073620475
22.353306038999982,103.84208323299995,SAT_10080,19.10732006130968,186.22867534486696,98.86324588105205,170.7291078401912,-65.88237998205051,29.53701222050156,35.0,0.12437235750945438,12.56591200485141
22.353306038999982,103.94208323299995,SAT_10080,19.10218125111828,186.19976953754033,98.86256231872872,170.73045062690554,-65.8875187922419,29.534724475741225,35.0,0.12439372555292653,12.567398915524674
22.353306038999982,104.04208323299994,SAT_10080,19.088835419111348,186.1246992325013,98.86078418230827,170.7339368175087,-65.90086462424884,29.528781646673252,35.0,0.1244492224291886,12.571260230984215
22.353306038999982,104.14208323299994,SAT_10080,19.06729098273766,186.00351177789935,98.8579048960508,170.73956124494396,-65.92240906062253,29.519183747081094,35.0,0.12453882017126774,12.577492742588394
22.353306038999982,104.24208323299993,SAT_10081,19.162566089226885,186.53943425190124,98.87058169864574,170.71529810276496,-65.8271339541333,29.56194525852004,35.0,0.12413864716220019,12.549642462726183
22.353306038999982,104.34208323299993,SAT_10081,19.285390176245613,187.23031974138158,98.88658378105816,170.68307242921605,-65.70430986711457,29.616462003821635,35.0,0.12362827817124665,12.514071163548905
22.353306038999982,104.44208323299992,SAT_10081,19.40023211438185,187.87630564339793,98.901242563391,170.65281652815162,-65.58946792897834,29.667279386731558,35.0,0.1231513732101063,12.48077941434817
22.353306038999982,104.54208323299991,SAT_10081,19.50702146967764,188.4769957669367,98.91461831409143,170.62457356777375,-65.48267857368255,29.714397289812407,35.0,0.12270816674066412,12.449794128980546
22.353306038999982,104.64208323299991,SAT_10081,19.605691509610736,189.03201474156037,98.92676455266674,170.5983844882735,-65.38400853374945,29.75781560418638,35.0,0.12229888066018674,12.421140769002148
22.353306038999982,104.7420832329999,SAT_10081,19.696179494046547,189.54100965401182,98.9377286740374,170.57428781604864,-65.29352054931364,29.79753422953319,35.0,0.12192372336848638,12.394843239429711
22.353306038999982,104.8420832329999,SAT_10081,19.778426955288126,190.0036516234957,98.94755248540471,170.55231948456512,-65.21127308807206,29.833553074088194,35.0,0.12158288887551015,12.370923788719637
22.353306038999982,104.94208323299989,SAT_10081,19.852379964734283,190.41963730163036,98.95627266715655,170.5325126635107,-65.1373200786259,29.865872054640626,35.0,0.12127655595631841,12.349402913799514
22.353306038999982,105.04208323299989,SAT_10081,19.91798938369618,190.788690283291,98.96392116735875,170.51489759786585,-65.071710659664,29.894491096532036,35.0,0.12100488736025022,12.330299270969933
22.353306038999982,105.14208323299988,SAT_10081,19.975211096000677,191.1105624150038,98.97052553773595,170.49950145846776,-65.01448894735951,29.91941013365488,35.0,0.12076802908081428,12.313629593465812
22.353306038999982,105.24208323299987,SAT_10081,20.02400622012054,191.38503498817803,98.97610921767094,170.48634820557248,-64.96569382323965,29.940629108451247,35.0,0.12056610969249203,12.29940861642592
22.353306038999982,105.34208323299987,SAT_10081,20.064341298727,191.6119198053394,98.98069177158894,170.4754584668173,-64.92535874463319,29.958147971911792,35.0,0.12039923976019436,12.287649009967485
22.353306038999982,105.44208323299986,SAT_10081,20.096188463742536,191.79106010855176,98.98428908410202,170.4668494308666,-64.89351157961765,29.9719666835748,35.0,0.12026751132658091,12.278361320999274
22.353306038999982,105.54208323299986,SAT_10081,20.119525575194857,191.92233136047108,98.98691351643188,170.46053475787568,-64.87017446816533,29.982085211525398,35.0,0.12017099748183781,12.271553924333213
22.353306038999982,105.64208323299985,SAT_10081,20.134336332420318,192.00564186986432,98.98857402687915,170.4565245077436,-64.85536371093987,29.988503532394986,35.0,0.1201097520198216,12.26723298357143
22.353306038999982,105.74208323299985,SAT_10081,20.140610356441357,192.04093325498263,98.989276257438,170.45482508694133,-64.84908968691883,29.991221631360776,35.0,0.12008380918372731,12.26540242215455
22.353306038999982,105.84208323299984,SAT_10081,20.13834324264218,192.02818073986225,98.98902258804824,170.45543921450061,-64.85135680071801,29.990239502145506,35.0,0.12009318350363463,12.266063904859264
22.353306038999982,105.94208323299983,SAT_10081,20.127536583173935,191.96739328035338,98.98781215941077,170.45836590754593,-64.86216346018625,29.98555714701733,35.0,0.12013786972744488,12.269216829930215
22.353306038999982,106.04208323299983,SAT_10081,20.10819795885243,191.8586135185449,98.98564086475446,170.46360048652656,-64.88150208450776,29.977174576789864,35.0,0.12021784284585384,12.274858331925206
22.353306038999982,106.14208323299982,SAT_10081,20.08034090063319,191.70191756606167,98.982501310415,170.47113460009308,-64.909359142727,29.965091810822372,35.0,0.12033305821112682,12.282983295245165
22.353306038999982,106.24208323299982,SAT_10081,20.04398482107797,191.4974146185636,98.97838274455354,170.4809562693406,-64.94571522228222,29.949308877020165,35.0,0.12048345174856855,12.293584378213232
22.353306038999982,106.34208323299981,SAT_10081,19.999154916546672,191.24524640557505,98.9732709527935,170.49304995092712,-64.99054512681352,29.929825811835094,35.0,0.12066894025872389,12.30665204746277
22.353306038999982,106.4420832329998,SAT_10081,19.945882041151492,190.94558648147714,98.96714811896786,170.50739661837386,-65.0438180022087,29.906642660266268,35.0,0.12088942180752367,12.322174622293575
22.353306038999982,106.5420832329998,SAT_10081,19.88420255379698,190.59863936510806,98.959992648531,170.52397386066204,-65.1054974895632,29.879759475860887,35.0,0.12114477620081154,12.340138328561236
22.453306038999983,102.34208323300004,SAT_10080,19.15025509783659,186.4701849253308,98.86894759304332,170.71787943952754,-65.8394449455236,29.55611469756446,35.0,0.12419384851536493,12.553486355045154
22.453306038999983,102.44208323300003,SAT_10080,19.121735675466866,186.30976317450111,98.86517507079192,170.72533972071383,-65.86796436789332,29.543428297093737,35.0,0.12431241796826056,12.561740526304972
22.453306038999983,102.54208323300003,SAT_10080,19.084870753432398,186.10239798805725,98.86027063055403,170.73497215489016,-65.90482928992779,29.527015811421673,35.0,0.1244657097023962,12.572407236756908
22.453306038999983,102.64208323300002,SAT_10080,19.039683920915294,185.84822205514854,98.85421558419193,170.74676226399856,-65.9500161224449,29.506877278383445,35.0,0.12465364532687452,12.585477491502902
22.453306038999983,102.74208323300002,SAT_10080,18.986203895371034,185.54739691146207,98.84698661202044,170.7606924286748,-66.00349614798915,29.483012744405407,35.0,0.12487612937202557,12.600940334347749
22.453306038999983,102.84208323300001,SAT_10080,18.924464387117,185.20011217753313,98.83855551371124,170.77674197497652,-66.06523565624319,29.45542226450598,35.0,0.1251330497190414,12.618782896053613
22.453306038999983,102.942083233,SAT_10080,18.921977558462146,185.1861237663496,98.83821396988226,170.77738772347246,-66.06772248489804,29.454310033932714,35.0,0.125143400006235,12.619501395352069
22.453306038999983,103.142083233,SAT_10080,19.050787627440627,185.91068040435354,98.85570794956763,170.7438668030198,-65.93891241591956,29.511828046094195,35.0,0.12460746008140787,12.58226619891254
22.453306038999983,103.24208323299999,SAT_10080,19.103044294485983,186.20462415648365,98.86269236479178,170.73022512774682,-65.8866557488742,29.535108714658342,35.0,0.1243901368327891,12.567149198952942
22.453306038999983,103.34208323299998,SAT_10080,19.14715716938376,186.45275907778364,98.86853871117286,170.71869017109242,-65.84254287397643,29.554737083370238,35.0,0.1242067273013167,12.554383058952933
22.453306038999983,103.44208323299998,SAT_10080,19.18309860677968,186.6549296631357,98.8732689095612,170.70927889938363,-65.80660143658051,29.57071310669334,35.0,0.12405732336149644,12.543978320528732
22.453306038999983,103.54208323299997,SAT_10080,19.210845931507862,186.81100836473172,98.87690051324873,170.70200523348984,-65.77885411185233,29.58303674756556,35.0,0.12394200034138586,12.535943625586658
22.453306038999983,103.64208323299997,SAT_10080,19.230381544748113,186.92089618920812,98.87944688836832,170.6968799807588,-65.75931849861207,29.591707977398578,35.0,0.12386081668703122,12.530285678564818
22.453306038999983,103.74208323299996,SAT_10080,19.241693006985216,186.98452316429186,98.88091734985103,170.69391078179945,-65.74800703637497,29.596726776077308,35.0,0.12381381370069011,12.527009216952136
22.453306038999983,103.84208323299995,SAT_10080,19.24477309694609,187.00184867032175,98.88131725545122,170.693102072661,-65.7449269464141,29.598093131959548,35.0,0.12380101535509187,12.526116990357565
22.453306038999983,103.94208323299995,SAT_10080,19.239619845926555,186.97286163333686,98.88064805955793,170.6944550627997,-65.75008019743363,29.59580704187575,35.0,0.1238224281853465,12.527609748324343
22.453306038999983,104.04208323299994,SAT_10080,19.226236547164532,186.89758057780048,98.8789073277681,170.69796772906184,-65.76346349619566,29.589868511128987,35.0,0.12387804125944192,12.531486237003355
22.453306038999983,104.14208323299994,SAT_10080,19.20463174016497,186.776053538428,98.87608871248528,170.7036348257458,-65.78506830319522,29.58027755349501,35.0,0.12396782622758766,12.537743204716833
22.453306038999983,104.24208323299993,SAT_10080,19.174819170132537,186.6083578319955,98.87218188910215,170.71144791064003,-65.81488087322765,29.56703419122253,35.0,0.1240917374499741,12.546375416360169
22.453306038999983,104.34208323299993,SAT_10081,19.261594424308356,187.09646863673453,98.88352286090964,170.68932650970072,-65.72810561905183,29.60591349157392,35.0,0.12372713080780853,12.520965470117211
22.453306038999983,104.44208323299992,SAT_10081,19.37628280218624,187.7415907622976,98.89822044321936,170.65913610453592,-65.61341724117395,29.656694360565545,35.0,0.12325080398783611,12.48772469321574
22.453306038999983,104.54208323299991,SAT_10081,19.48292847787573,188.34147268805103,98.9116312800754,170.63095469481829,-65.50677156548446,29.703778408037945,35.0,0.12280813772108465,12.45678714098304
22.453306038999983,104.64208323299991,SAT_10081,19.581464992555112,188.89574058312252,98.9238091154498,170.60482304789176,-65.40823505080508,29.747165525165496,35.0,0.12239935302278063,12.428178175056036
22.453306038999983,104.7420832329999,SAT_10081,19.67182986612808,189.40404299697045,98.93480154139158,170.58077952572833,-65.31787017723211,29.786855611675996,35.0,0.12202465745745897,12.401921605722316
22.453306038999983,104.8420832329999,SAT_10081,19.75396487557343,189.86605242510055,98.94465053768792,170.55885990690396,-65.23573516778676,29.82284857584876,35.0,0.12168424425150749,12.378039592480045
22.453306038999983,104.94208323299989,SAT_10081,19.82781631996174,190.28146679978482,98.95339293513342,170.53909721682948,-65.16188372339845,29.855144334512875,35.0,0.12137829145290333,12.356552549628942
22.453306038999983,105.04208323299989,SAT_10081,19.893335269705688,190.65001089209449,98.96106081201656,170.5215215678514,-65.0963647736545,29.88374281304565,35.0,0.12110696114488755,12.337479057703842
22.453306038999983,105.14208323299988,SAT_10081,19.950477797693736,190.97143761202724,98.96768183177834,170.50616001078382,-65.03922224566645,29.908643945371182,35.0,0.12087039872006658,12.320835781533749
22.453306038999983,105.24208323299987,SAT_10081,19.99920519006713,191.2455291941276,98.97327952841357,170.4930363993621,-64.99049485329306,29.92984767395912,35.0,0.1206687322210779,12.306637395668995
22.453306038999983,105.34208323299987,SAT_10081,20.039484134550676,191.47209825684757,98.97787354501484,170.48217126901181,-64.95021590880951,29.947353949823572,35.0,0.12050207175351639,12.294896517867748
22.453306038999983,105.44208323299986,SAT_10081,20.07128688443366,191.65098872493934,98.98147982986146,170.4735817312025,-64.91841315892653,29.96116273252218,35.0,0.12037050897628858,12.285623651269924
22.453306038999983,105.54208323299986,SAT_10081,20.094591396516762,191.7820766054068,98.98411079359377,170.4672813845109,-64.89510864684343,29.971273990155357,35.0,0.12027411667395271,12.278827135813932
22.453306038999983,105.64208323299985,SAT_10081,20.109381441584603,191.8652706089134,98.98577543025718,170.46328024335725,-64.88031860177558,29.977687699365674,35.0,0.12021294841492158,12.274513109369087
22.453306038999983,105.74208323299985,SAT_10081,20.11564668624034,191.9005126101019,98.98647940432829,170.46158468519235,-64.87405335711985,29.980403845337438,35.0,0.12018703829865858,12.272685478966281
22.453306038999983,105.84208323299984,SAT_10081,20.11338274523156,191.88777794192754,98.98622510522365,170.46219741671845,-64.87631729812863,29.97942242179639,35.0,0.120196400794203,12.27334590241235
22.453306038999983,105.94208323299983,SAT_10081,20.10259120370877,191.82707552086183,98.9850116702229,170.46511745951773,-64.88710883965142,29.9747434310096,35.0,0.12024103067152367,12.27649378047176
22.453306038999983,106.04208323299983,SAT_10081,20.083279609175563,191.71844780161257,98.98283497619703,170.47034015525,-64.90642043418462,29.966366883785508,35.0,0.12032090302634096,12.282126259693795
22.453306038999983,106.14208323299982,SAT_10081,20.055461433219165,191.56197056185783,98.97968760000057,170.47785719035994,-64.93423861014102,29.95429279947412,35.0,0.12043597339818586,12.290238245857017
22.453306038999983,106.24208323299982,SAT_10081,20.01915600342997,191.35775251929357,98.97555874685256,170.48765664002053,-64.97054403993022,29.938521205967387,35.0,0.12058617798059681,12.300822427896476
22.453306038999983,106.34208323299981,SAT_10081,19.974388406236613,191.10593478508096,98.97043414547639,170.49972303082623,-65.01531163712357,29.919052139699723,35.0,0.12077143392150834,12.313869312075552
22.453306038999983,106.4420832329998,SAT_10081,19.921189361686217,190.80669015948496,98.96429590818032,170.51403742154696,-65.06851068167397,29.895885645648697,35.0,0.12099163971106656,12.329367266064633
22.453306038999983,106.5420832329998,SAT_10081,19.85959507148239,190.46022227708843,98.95712235341807,170.53057750106512,-65.1301049718778,29.869021777335877,35.0,0.12124667565333905,12.34730257249521
22.553306038999985,102.34208323300004,SAT_10080,19.00890962833384,185.67511665937784,98.8500808099673,170.7547813194736,-65.98079041502635,29.49314874640868,35.0,0.12478166303847377,12.594376178922937
22.553306038999985,102.44208323300003,SAT_10080,18.980513202643323,185.5153867648687,98.84623049207556,170.7621731910076,-66.00918684071686,29.480471462710387,35.0,0.12489980700312897,12.602585305416516
22.553306038999985,102.54208323300003,SAT_10080,18.943806860704413,185.3089135914623,98.84122459729355,170.77171746926737,-66.04589318265577,29.46407077148561,35.0,0.1250525499987997,12.613193934875207
22.553306038999985,102.64208323300002,SAT_10080,18.89881378055317,185.05582751561158,98.8350438008917,170.7833999388077,-66.09088626280702,29.44394671055352,35.0,0.12523981494156144,12.62619321961128
22.553306038999985,102.74208323300002,SAT_10080,18.887990600117604,184.99494712566153,98.83354957505975,170.78620747337447,-66.10170944324258,29.439102412963436,35.0,0.12528486832379418,12.62931951450775
22.553306038999985,102.84208323300001,SAT_10080,18.972660573939834,185.47121572841155,98.84516231716961,170.76421602749912,-66.01703946942035,29.47696412709111,35.0,0.1249324810724978,12.604855087939848
22.553306038999985,103.24208323299999,SAT_10080,19.230851310013207,186.9235386188243,98.8795212602313,170.6967566930477,-65.75884873334698,29.591916437344718,35.0,0.12385886459694549,12.530149613047072
22.553306038999985,103.34208323299998,SAT_10080,19.275077264392678,187.1723096122088,98.88525307660416,170.68514079381444,-65.71462277896751,29.611530544893007,35.0,0.12367510686637329,12.517337423179708
22.553306038999985,103.44208323299998,SAT_10080,19.311111235896774,187.37500070191933,98.88989096953684,170.67566332118818,-65.67858880746341,29.62749496070637,35.0,0.12352541796613553,12.506895029015462
22.553306038999985,103.54208323299997,SAT_10080,19.33893024585801,187.5314826329513,98.89345192403051,170.66833839169107,-65.65076979750218,29.639809647743327,35.0,0.1234098741752942,12.498831179379158
22.553306038999985,103.64208323299997,SAT_10080,19.358516459151375,187.6416550827265,98.89594887509409,170.66317696505777,-65.63118358420881,29.648474577431458,35.0,0.12332853467936396,12.493152661903132
22.553306038999985,103.74208323299996,SAT_10080,19.369857268837947,187.70544713721347,98.89739083803286,170.66018678989252,-65.61984277452224,29.653489729666873,35.0,0.12328144130400596,12.489864272992582
22.553306038999985,103.84208323299995,SAT_10080,19.37294535630386,187.72281762920923,98.89778299857205,170.65937236504385,-65.61675468705633,29.65485509281384,35.0,0.12326861832606394,12.488968796500256
22.553306038999985,104.04208323299994,SAT_10080,19.354360716449023,187.61827903002575,98.8954197793474,170.6642723942548,-65.63533932691116,29.646636447639192,35.0,0.12334579234583783,12.494357587949724
22.553306038999985,104.14208323299994,SAT_10080,19.33269998136467,187.49643739517626,98.89265589957817,170.66997947656256,-65.65700006199552,29.637052458385792,35.0,0.12343574956344631,12.500637294255307
22.553306038999985,104.24208323299993,SAT_10080,19.30281045114141,187.32830878767044,98.88882513283025,170.6778476025517,-65.68688959221878,29.62381871818071,35.0,0.1235598977984403,12.509300810049337
22.553306038999985,104.34208323299993,SAT_10080,19.264711265036766,187.1140008658318,98.88391353815173,170.68786501184042,-65.72498877832342,29.606935257728942,35.0,0.12371817353284255,12.520340850679101
22.553306038999985,104.44208323299992,SAT_10081,19.342587174264466,187.5520528552376,98.89394383263007,170.66801857063615,-65.64711286909572,29.641790525575665,35.0,0.12339071989414058,12.49749410414109
22.553306038999985,104.54208323299991,SAT_10081,19.44906203660011,188.15097395587563,98.90740889243422,170.63991532082593,-65.54063800676008,29.688840587437245,35.0,0.12294868400608691,12.466614589365292
22.553306038999985,104.64208323299991,SAT_10081,19.547439726141334,188.704348459545,98.91963553348316,170.6138566022004,-65.44226031721885,29.732196387525505,35.0,0.12254048471580897,12.438059617828152
22.553306038999985,104.7420832329999,SAT_10081,19.63765809128938,189.21182676350278,98.93067165973306,170.58988056842267,-65.3520419520708,29.771857825616102,35.0,0.12216632853603966,12.411852880728201
22.553306038999985,104.8420832329999,SAT_10081,19.719659218096112,189.67308310179064,98.94055952378585,170.5680228018544,-65.27004082526408,29.807824810032113,35.0,0.12182640770669978,12.388016425735096
22.553306038999985,104.94208323299989,SAT_10081,19.79338969320942,190.08781702430298,98.94933619398041,170.54831614514993,-65.19631035015077,29.840097257642302,35.0,0.12152089936057374,12.366570563282567
22.553306038999985,105.04208323299989,SAT_10081,19.858800851150107,190.45575478771937,98.95703395410378,170.53079054265783,-65.13089919221008,29.86867509385957,35.0,0.12124996474261313,12.34753377866921
22.553306038999985,105.14208323299988,SAT_10081,19.91584900359355,190.77665064521372,98.96368064376082,170.5154728931749,-65.07385103976664,29.89355825263952,35.0,0.12101374848929414,12.330922650741973
22.553306038999985,105.24208323299987,SAT_10081,19.964495648438785,191.05028802246815,98.96929994603943,170.50238691552892,-65.0252043949214,29.91474667647923,35.0,0.1208123779741061,12.31675177789761
22.553306038999985,105.34208323299987,SAT_10081,20.004707656600985,191.27648056838052,98.97391162792702,170.49155302836468,-64.9849923867592,29.93224031641616,35.0,0.1206459627248096,12.30503371208587
22.553306038999985,105.44208323299986,SAT_10081,20.036457434642003,191.4550730698613,98.97753173792438,170.4829882453916,-64.95324260871818,29.946039132027227,35.0,0.12051459391757982,12.295778901436227
22.553306038999985,105.54208323299986,SAT_10081,20.059723061572413,191.58594222134482,98.98017276443225,170.47670608720586,-64.92997698178777,29.95614309142805,35.0,0.12041834395254654,12.288995642057417
22.553306038999985,105.64208323299985,SAT_10081,20.074488398403957,191.66899724102228,98.98184375772317,170.47271651063625,-64.91521164495623,29.96255217127233,35.0,0.12035726611456701,12.284690039477749
22.553306038999985,105.74208323299985,SAT_10081,20.080743169299495,191.70418032730967,98.9825504176313,170.4710258563853,-64.90895687406069,29.965266356751428,35.0,0.12033139432233077,12.282865980104487
22.553306038999985,105.84208323299984,SAT_10081,20.07848301345976,191.69146695071117,98.98229514847513,170.4716368155415,-64.91121702990043,29.96428564159408,35.0,0.12034074296810691,12.283525112984897
22.553306038999985,105.94208323299983,SAT_10081,20.067709507194195,191.63086597796735,98.98107708215473,170.47454841533235,-64.92199053616599,29.959610028066276,35.0,0.12038530684961835,12.2866668420503
22.553306038999985,106.04208323299983,SAT_10081,20.048430155939442,191.52241962715937,98.97889206981704,170.47975602427667,-64.94126988742075,29.951239526971303,35.0,0.12046506119467544,12.29228832892071
22.553306038999985,106.14208323299982,SAT_10081,20.020658356311003,191.3662032542494,98.97573264194767,170.48725137667878,-64.96904168704918,29.939174157649948,35.0,0.12057996177834068,12.300384506242002
22.553306038999985,106.24208323299982,SAT_10081,19.984413328593646,191.16232497333925,98.97158793620657,170.4970226161933,-65.00528671476654,29.923413947980873,35.0,0.12072994513153669,12.310948101422577
22.553306038999985,106.34208323299981,SAT_10081,19.93972002038734,190.9109251146788,98.96644359176643,170.50905435798083,-65.04998002297285,29.90395893438112,35.0,0.12091492883917114,12.323969670533964
22.553306038999985,106.4420832329998,SAT_10081,19.886608982429237,190.61217552616446,98.96028160831722,170.5233277687714,-65.10309106093095,29.88080916180682,35.0,0.12113481192504369,12.339437642041327
22.553306038999985,106.5420832329998,SAT_10081,19.82511621788659,190.26627872561204,98.95308016725234,170.53982066397072,-65.1645838254736,29.853964683754032,35.0,0.1213894753200374,12.35733836993687
22.653306038999983,102.44208323300003,SAT_10080,18.830160142081695,184.66965079920953,98.8255359269622,170.80119093619243,-66.15953990127849,29.413195951510698,35.0,0.12552563972201633,12.646019276874759
22.653306038999983,102.54208323300003,SAT_10080,18.81209338744202,184.56802530436136,98.82300941223491,170.80586577700666,-66.17760665591817,29.405094815200744,35.0,0.12560087335008585,12.651234820762166
22.653306038999983,102.64208323300002,SAT_10080,18.912838619039263,185.13471723209588,98.83699397485815,170.77976033220853,-66.07686142432092,29.450222055946924,35.0,0.12518143778996202,12.622141710269368
22.653306038999983,102.74208323300002,SAT_10080,19.00566967365718,185.65689191432162,98.84965920434509,170.75562507875193,-65.984030369703,29.49170276489299,35.0,0.12479514207370543,12.595312913770366
22.653306038999983,103.24208323299999,SAT_10080,19.349316927190017,187.58990771544384,98.89478860854042,170.66560169485177,-65.64038311617017,29.644405258653517,35.0,0.123366738333065,12.495819941638853
22.653306038999983,103.34208323299998,SAT_10080,19.39364652897774,187.8392617254998,98.90041738951261,170.6539105639082,-65.59605351438245,29.664005050997506,35.0,0.12318266412638347,12.482965337345364
22.653306038999983,103.44208323299998,SAT_10080,19.42976532515111,188.042429953975,98.90497223401684,170.6443715591303,-65.55993471820908,29.679957815316357,35.0,0.12303271619269734,12.472488258202446
22.653306038999983,103.64208323299997,SAT_10080,19.47728265778241,188.30971495002606,98.91092209866312,170.6318039291793,-65.51241738557778,29.700922120259186,35.0,0.1228354905121417,12.458700086145504
22.653306038999983,103.74208323299996,SAT_10080,19.48865037484697,188.37365835851418,98.91233841728095,170.62879425600306,-65.50104966851322,29.705933612233828,35.0,0.12278831495243368,12.455400709791546
22.653306038999983,104.04208323299994,SAT_10080,19.473117063555293,188.28628348249853,98.91040241952936,170.63290649795158,-65.5165829798049,29.699085332008558,35.0,0.12285277826794143,12.459909035593945
22.653306038999983,104.14208323299994,SAT_10080,19.451405053248052,188.16415342452032,98.90768779121954,170.63865074746317,-65.53829499011213,29.68950833754108,35.0,0.1229428920891493,12.466209688100893
22.653306038999983,104.24208323299993,SAT_10080,19.421444970185945,187.99562795729597,98.90392545716703,170.64657003384954,-65.56825507317424,29.676284255864523,35.0,0.1230672557899125,12.474902039399302
22.653306038999983,104.34208323299993,SAT_10080,19.383256190451533,187.78081607128988,98.89910189121977,170.6566524438293,-65.60644385290865,29.659413117666862,35.0,0.12322580511363464,12.48597872163258
22.653306038999983,104.44208323299992,SAT_10080,19.336863270902327,187.51985589882563,98.89319960160825,170.6688828832722,-65.65283677245786,29.63889496210058,35.0,0.12341845859348347,12.499430392692746
22.653306038999983,104.54208323299991,SAT_10081,19.405448117823198,187.90564566275552,98.90193359042887,170.65143946807183,-65.58425192553699,29.669583860680785,35.0,0.1231297194984671,12.479266598647483
22.653306038999983,104.64208323299991,SAT_10081,19.503642037126582,188.45798645883704,98.91422661380636,170.6254689468774,-65.4860580062336,29.712908224003233,35.0,0.12272218852146356,12.450775094837985
22.653306038999983,104.7420832329999,SAT_10081,19.593690826553527,188.96451089936357,98.92532216359334,170.60157452873554,-65.39600921680666,29.752540904151022,35.0,0.12234864834534613,12.424626943876797
22.653306038999983,104.8420832329999,SAT_10081,19.675536944204595,189.42489531115086,98.93526286806951,170.57979155940959,-65.31416309915559,29.788481809490797,35.0,0.12200929002466164,12.400844059212156
22.653306038999983,104.94208323299989,SAT_10081,19.749127322875054,189.83884119117218,98.94408612252316,170.56015266120184,-65.24057272048513,29.820730856930826,35.0,0.12170428959263786,12.379446626621483
22.653306038999983,105.04208323299989,SAT_10081,19.814413614963286,190.20607658416847,98.95182449345742,170.5426875759183,-65.1752864283969,29.84928797191943,35.0,0.12143380728720447,12.360453017110826
22.653306038999983,105.14208323299988,SAT_10081,19.871352419527284,190.52635735984097,98.9585060627371,170.527423019094,-65.1183476238329,29.87415308844359,35.0,0.12119798683662299,12.343879706345882
22.653306038999983,105.24208323299987,SAT_10081,19.919905489307453,190.7994683773544,98.96415471840821,170.5143825469289,-65.06979455405273,29.895326149027685,35.0,0.12099695481072975,12.329741201340768
22.653306038999983,105.34208323299987,SAT_10081,19.96003991566961,191.0252245256416,98.96879039772227,170.50358643729993,-65.02966012769058,29.91280710473242,35.0,0.12083082004336375,12.318049975079703
22.653306038999983,105.44208323299986,SAT_10081,19.991728289615693,191.20347162908828,98.97242928687342,170.4950515860818,-64.9979717537445,29.926595915153907,35.0,0.12069967313103112,12.308816409685592
22.653306038999983,105.54208323299986,SAT_10081,20.01494883721338,191.33408720932528,98.9750839810733,170.48879141987968,-64.9747512061468,29.93669254842289,35.0,0.12060358601226336,12.302048748677748
22.653306038999983,105.64208323299985,SAT_10081,20.029685528043544,191.41698109524492,98.9767636078144,170.4848158261088,-64.96001451531664,29.94309698120416,35.0,0.12054261163145716,12.297753058780561
22.653306038999983,105.74208323299985,SAT_10081,20.035928155528637,191.45209587484857,98.97747391548356,170.48313110118067,-64.95377188783155,29.945809198696104,35.0,0.12051678369025641,12.295933201656736
22.653306038999983,105.84208323299984,SAT_10081,20.033672388292104,191.4394071841431,98.97721732886127,170.48373991736608,-64.95602765506808,29.944829194630437,35.0,0.12052611648875805,12.29659081584369
22.653306038999983,105.94208323299983,SAT_10081,20.02291979200595,191.37892383003347,98.97599297246089,170.48664130869594,-64.96678025135424,29.94015697127207,35.0,0.12057060485800707,12.299725309072373
22.653306038999983,106.04208323299983,SAT_10081,20.00367782148939,191.27068774587784,98.97379666210668,170.4918306760607,-64.9860222218708,29.931792539419163,35.0,0.12065022418440564,12.30533386104487
22.653306038999983,106.14208323299982,SAT_10081,19.975959783146266,191.11477378019777,98.97062086460706,170.49929981144828,-65.01374026021392,29.919735918403322,35.0,0.12076493052581067,12.313411436643154
22.653306038999983,106.24208323299982,SAT_10081,19.93978476814037,190.91128932078956,98.96645462483158,170.5090369410538,-65.04991527521982,29.903987136089977,35.0,0.12091466081824555,12.323950809437742
22.653306038999983,106.34208323299981,SAT_10081,19.895177557014918,190.66037375820892,98.96128345893335,170.52102678678904,-65.09452248634527,29.884546228878886,35.0,0.12109933317132453,12.336942595263793
22.653306038999983,106.4420832329998,SAT_10081,19.842168496763932,190.3621977942971,98.9550892118558,170.53525064551664,-65.14753154659626,29.861413241704838,35.0,0.1213188472496884,12.352375295534765
22.653306038999983,106.5420832329998,SAT_10081,19.78079335163055,190.01696260292184,98.94784987660486,170.5516864851586,-65.20890669172964,29.834588228038484,35.0,0.12157308473699807,12.370235349872528
22.653306038999983,106.6420832329998,SAT_10081,19.71109312917416,189.62489885160468,98.93953937203771,170.57030905664692,-65.27860691418603,29.804071249887368,35.0,0.1218619098783346,12.390507197548141
22.75330603899998,103.34208323299998,SAT_10080,19.502779700981463,188.45313581802074,98.91410432632661,170.62505176997914,-65.48692034237872,29.71216048688988,35.0,0.1227296827869445,12.45129937650251
22.75330603899998,103.64208323299997,SAT_10080,19.58659410896989,188.92459186295562,98.92443770840111,170.60281365563756,-65.4031059343903,29.74905049115331,35.0,0.12238197032788135,12.426960799578165
22.75330603899998,104.14208323299994,SAT_10080,19.560661163211904,188.77871904306696,98.92125600446661,170.60970126748842,-65.42903888014828,29.737645076212203,35.0,0.12248953919063994,12.434493149681435
22.75330603899998,104.24208323299993,SAT_10080,19.530637210353163,188.60983430823657,98.9175550260019,170.61766765662298,-65.45906283300702,29.72443068950186,35.0,0.12261409593728698,12.443211769948613
22.75330603899998,104.54208323299991,SAT_10080,19.391194253265013,187.8254676746157,98.90011800885411,170.6545577779535,-65.59850579009517,29.662921397878023,35.0,0.12319284583379865,12.483676564185894
22.75330603899998,104.64208323299991,SAT_10081,19.450105591946908,188.15684395470137,98.90755974918575,170.63963936705503,-65.53959445141328,29.68930107678269,35.0,0.12294435285877531,12.46631180828218
22.75330603899998,104.7420832329999,SAT_10081,19.53996214447615,188.66228706267836,98.91873088760843,170.61584043202944,-65.44973789888404,29.72890488952514,35.0,0.1225715040246841,12.440230852355045
22.75330603899998,104.8420832329999,SAT_10081,19.62163250059089,189.12168281582376,98.9287387960653,170.59414496547973,-65.3680675427693,29.764819616523937,35.0,0.12223277716794405,12.416509416645557
22.75330603899998,104.94208323299989,SAT_10081,19.69506399618433,189.53473497853687,98.9376212893173,170.57458533283364,-65.29463604717586,29.797045174726676,35.0,0.12192834704238738,12.395167542026513
22.75330603899998,105.04208323299989,SAT_10081,19.760208653800163,189.90117367762593,98.94541129646936,170.55719103980618,-65.22949138956002,29.825581489616955,35.0,0.12165837271436768,12.37622346665642
22.75330603899998,105.14208323299988,SAT_10081,19.817023407109787,190.22075666499254,98.95213721000762,170.54198858833115,-65.1726766362504,29.85042849521297,35.0,0.12142299685564266,12.359693546276567
22.75330603899998,105.24208323299987,SAT_10081,19.865470305555917,190.49327046875203,98.95782318070164,170.52900134507328,-65.12422973780427,29.8715861340663,35.0,0.12122234510127128,12.345592181696007
22.75330603899998,105.34208323299987,SAT_10081,19.905516697153686,190.7185314214895,98.96248936400356,170.51824942385952,-65.0841833462065,29.88905435726078,35.0,0.12105652547801798,12.333931754129742
22.75330603899998,105.44208323299986,SAT_10081,19.9371353876203,190.8963865553642,98.96615212253272,170.5097495832484,-65.05256465573989,29.90283312441163,35.0,0.12092562790824497,12.324722568994869
22.75330603899998,105.54208323299986,SAT_10081,19.960304774212545,191.02671435494557,98.96882418833451,170.5035151403197,-65.02939526914764,29.912922403664666,35.0,0.1208297237936841,12.317972808698913
22.75330603899998,105.64208323299985,SAT_10081,19.975008952893063,191.10942536002347,98.9705147878144,170.49955590160477,-65.01469109046712,29.919322171695708,35.0,0.12076886568282236,12.313688494875246
22.75330603899998,105.74208323299985,SAT_10081,19.98123779770539,191.1444626120928,98.97122973154627,170.49787811190672,-65.0084622456548,29.922032413710138,35.0,0.12074308702491637,12.311873460433302
22.75330603899998,105.84208323299984,SAT_10081,19.978987011522307,191.131801939813,98.97097147051743,170.49848442156946,-65.01071303183788,29.921053123442636,35.0,0.1207524020128842,12.31252933169817
22.75330603899998,105.94208323299983,SAT_10081,19.96825814763308,191.07145208043607,98.96973911978077,170.5013738725517,-65.02144189572711,29.916384303157045,35.0,0.120796805516518,12.31565552081593
22.75330603899998,106.04208323299983,SAT_10081,19.949058601936372,190.9634546358921,98.9675284499199,170.50654190346367,-65.04064144142382,29.908025963646416,35.0,0.12087627310663374,12.321249228499939
22.75330603899998,106.14208323299982,SAT_10081,19.921401575825186,190.80788386401667,98.9643318461812,170.51398037350737,-65.068298467535,29.89597812423322,35.0,0.12099076116993476,12.32930545709092
22.75330603899998,106.24208323299982,SAT_10081,19.88530601015553,190.60484630712486,98.96013823456934,170.52367760505928,-65.10439403320466,29.88024081276971,35.0,0.12114020711353211,12.339817033801566
22.75330603899998,106.34208323299981,SAT_10081,19.840796490996254,190.35448026185392,98.95493297362636,170.53561844442837,-65.14890355236393,29.860814065638433,35.0,0.12132452965724644,12.352774643916753
22.75330603899998,106.4420832329998,SAT_10081,19.78790312814762,190.05695509583035,98.94869771000042,170.54978434012992,-65.20179691521257,29.83769792775293,35.0,0.12154362921103115,12.368166873624542
22.75330603899998,106.5420832329998,SAT_10081,19.726661407690514,189.71247041825913,98.94141019524231,170.56615343783085,-65.26303863566967,29.81089245255857,35.0,0.12179738833411256,12.385980262063272
22.75330603899998,106.6420832329998,SAT_10081,19.65711202007455,189.32125511291932,98.9330440605224,170.584700690961,-65.33258802328564,29.78039770203356,35.0,0.12208567227175643,12.406199362086438
22.75330603899998,106.74208323299979,SAT_10081,19.57930066548188,188.8835662433356,98.92356854511763,170.60539798583062,-65.4103993778783,29.746213746690113,35.0,0.1224083295649469,12.428806809172853
22.853306038999982,104.7420832329999,SAT_10081,19.476513340080245,188.3053875379514,98.91087010444544,170.63265286856122,-65.51318670327994,29.700949833430876,35.0,0.12283475871585448,12.458648909433743
22.853306038999982,104.8420832329999,SAT_10081,19.5579876231656,188.7636803803065,98.92096007840662,170.61105732806342,-65.43171242019459,29.736838282878406,35.0,0.12249673089079353,12.434996644118774
22.853306038999982,104.94208323299989,SAT_10081,19.631241850266804,189.17573540775078,98.92991490185251,170.59158821104674,-65.35845819309338,29.769040262825584,35.0,0.12219293220349674,12.413717312668723
22.853306038999982,105.04208323299989,SAT_10081,19.696228464594014,189.54128511334133,98.93776794982446,170.5742747547455,-65.29347157876617,29.79755569879112,35.0,0.12192352038904371,12.394829002422751
22.853306038999982,105.14208323299988,SAT_10081,19.752904780069898,189.8600893878932,98.94454799671799,170.55914321821075,-65.23679526329029,29.822384524824304,35.0,0.12168863691881009,12.37834793298503
22.853306038999982,105.24208323299987,SAT_10081,19.801233183281298,190.1319366559573,98.95027951624647,170.54621675260674,-65.18846686007889,29.843526683503775,35.0,0.12148840636587985,12.364288384610045
22.853306038999982,105.34208323299987,SAT_10081,19.8411813138553,190.35664489043606,98.9549829320233,170.53551528525034,-65.14851872950489,29.860982125936417,35.0,0.12132293584019936,12.352662634350757
22.853306038999982,105.44208323299986,SAT_10081,19.872722221460705,190.53406249571648,98.95867482345125,170.52705541859325,-65.11697782189948,29.87475081175646,35.0,0.1211923144983723,12.34348090056432
22.853306038999982,105.54208323299986,SAT_10081,19.895834497844277,190.66406905037405,98.96136809068747,170.52085034520803,-65.09386554551591,29.884832709124726,35.0,0.12109661313241563,12.336751296300179
22.853306038999982,105.64208323299985,SAT_10081,19.910502382547563,190.74657590183006,98.96307208164735,170.51690977968173,-65.07919766081262,29.891227794728017,35.0,0.12103588384114838,12.33247979201777
22.853306038999982,105.74208323299985,SAT_10081,19.91671584120249,190.78152660676398,98.96379268329287,170.5152399081541,-65.0729842021577,29.89393605377868,35.0,0.12101015978717831,12.3306701879951
22.853306038999982,105.84208323299984,SAT_10081,19.91447061559076,190.76889721269802,98.96353237880146,170.51584335604414,-65.07522942776943,29.89295748001435,35.0,0.12101945504169695,12.331324096697928
22.853306038999982,105.94208323299983,SAT_10081,19.903768244934213,190.70869637775493,98.9622902716057,170.51871917432237,-65.08593179842597,29.888292075697795,35.0,0.12106376451850272,12.334440935282885
22.853306038999982,106.04208323299983,SAT_10081,19.88461605819583,190.60096532735153,98.96006207671863,170.5238628444751,-65.10508398516436,29.87993985161699,35.0,0.1211430639978576,12.340017928308386
22.853306038999982,106.14208323299982,SAT_10081,19.857027137470197,190.44577764826985,98.9568400791955,170.53126630210863,-65.13267290588999,29.867900827085307,35.0,0.12125731023995785,12.348050120626706
22.853306038999982,106.24208323299982,SAT_10081,19.821020252849934,190.24323892228088,98.95261305901346,170.54091797893506,-65.16867979051025,29.852175029941886,35.0,0.12140644118697963,12.35853040033011
22.853306038999982,106.34208323299981,SAT_10081,19.776619769454072,189.99348620317917,98.94736618106238,170.55280286268015,-65.21308027390612,29.832762496552135,35.0,0.12159037625185609,12.371449531526235
22.853306038999982,106.4420832329998,SAT_10081,19.7238555275852,189.69668734266676,98.94108084831294,170.56690257426868,-65.26584451577499,29.809663271808446,35.0,0.12180901669116934,12.386796196623578
22.853306038999982,106.5420832329998,SAT_10081,19.662762697257136,189.3530401720714,98.93373451554484,170.58319546145586,-65.32693734610305,29.782877409131004,35.0,0.1220622460588107,12.404557047719392
22.853306038999982,106.6420832329998,SAT_10081,19.593381608572074,188.96277154821792,98.92530046025692,170.60165670791997,-65.39631843478811,29.752404970468824,35.0,0.12234993073638509,12.424716766600586
22.953306038999983,104.94208323299989,SAT_10081,19.557710133805188,188.7621195026542,98.92093448839802,170.61113098328622,-65.431989909555,29.736716182472204,35.0,0.12249788191543082,12.435077226825555
22.953306038999983,105.04208323299989,SAT_10081,19.622522707254674,189.12669022830755,98.92886244820296,170.5939081446665,-65.36717733610551,29.76521066072961,35.0,0.12222908585890258,12.416250766309721
22.953306038999983,105.14208323299988,SAT_10081,19.67904656034372,189.44463690193345,98.9357068165471,170.57885610058108,-65.31065348301647,29.790021238602737,35.0,0.1219947414380799,12.399823879600042
22.953306038999983,105.24208323299987,SAT_10081,19.727244455640204,189.71575006297616,98.94149245336642,170.56599776179473,-65.26245558771998,29.81114785869716,35.0,0.12179497204131016,12.38581071258109
22.953306038999983,105.34208323299987,SAT_10081,19.767084357949983,189.93984951346866,98.94624010291736,170.5553528475819,-65.2226156854102,29.828590472142704,35.0,0.12162988375582764,12.374223426215181
22.953306038999983,105.44208323299986,SAT_10081,19.79853958895643,190.11678518787994,98.94996660376987,170.5469377862771,-65.19116045440376,29.84234903859254,35.0,0.12149956488409298,12.365072141835102
22.953306038999983,105.54208323299986,SAT_10081,19.82158895725864,190.24643788457985,98.95268505703379,170.54076563158833,-65.16811108610155,29.852423526222424,35.0,0.1214040855380741,12.35836489519757
22.953306038999983,105.64208323299985,SAT_10081,19.836216862478608,190.3287198514422,98.95440495585652,170.53684599556078,-65.15348318088158,29.85881391173009,35.0,0.12134349731507256,12.354107599735828
22.953306038999983,105.74208323299985,SAT_10081,19.84241337236125,190.36357521953204,98.95513227849477,170.53518499891013,-65.14728667099894,29.86152018033482,35.0,0.12131783305800464,12.352304019365622
22.953306038999983,105.84208323299984,SAT_10081,19.840174272065937,190.3509802803709,98.9548695465962,170.5357852392601,-65.14952577129425,29.860542325777182,35.0,0.12132710670230601,12.352955751109022
22.953306038999983,106.04208323299983,SAT_10081,19.81040106589556,190.18350599566253,98.95136683642431,170.54376214332396,-65.17929897746463,29.847534264742862,35.0,0.12145042859749494,12.361620670286037
22.953306038999983,106.14208323299982,SAT_10081,19.782887163443988,190.02874029437243,98.94811467205929,170.55112635715662,-65.2068128799162,29.835504088353403,35.0,0.12156441003897982,12.36962620107401
23.053306038999985,104.8420832329999,SAT_10080,19.4468154364734,188.13833683016287,98.90715303635837,170.63986444653634,-65.54288460688679,29.68748319780555,35.0,0.12296194222039424,12.467541415935612
23.053306038999985,104.94208323299989,SAT_10081,19.47452493206609,188.29420274287176,98.91064150559966,170.63317915011592,-65.5151751112941,29.700073004361833,35.0,0.12284301022621355,12.459225955313796
23.053306038999985,105.04208323299989,SAT_10081,19.53914792636789,188.65770708581937,98.91865680922176,170.61605641589728,-65.4505521169923,29.72854644617053,35.0,0.12257488172626413,12.44046726553929
23.053306038999985,105.14208323299988,SAT_10081,19.59550569682949,188.9747195446659,98.9255761668984,170.60109218266592,-65.3941943465307,29.753338707323632,35.0,0.12234112174490126,12.424099749443508
23.053306038999985,105.24208323299987,SAT_10081,19.643561419064355,189.245032982237,98.93142489179182,170.58830909706558,-65.34613862429583,29.774449730453544,35.0,0.12214185236787503,12.410137405315918
23.053306038999985,105.34208323299987,SAT_10081,19.683283415082997,189.46846920984189,98.93622410435287,170.5777266498199,-65.30641662827719,29.79187946671293,35.0,0.121977178558067,12.398592266612136
23.053306038999985,105.44208323299986,SAT_10081,19.71464530535249,189.64487984260776,98.9399909471682,170.569361077996,-65.2750547380077,29.80562787577382,35.0,0.12184718767897777,12.38947434810654
23.053306038999985,105.54208323299986,SAT_10081,19.737626136649922,189.77414701865584,98.9427387570432,170.56322528276945,-65.25207390671027,29.81569492582683,35.0,0.12175194909504272,12.382791600672599
23.053306038999985,105.64208323299985,SAT_10081,19.752210484412387,189.8561839748197,98.9444771974487,170.55932876355644,-65.2374895589478,29.822080593580587,35.0,0.12169151385230448,12.378549875119639
23.15330603899998,104.94208323299989,SAT_10080,19.42954161029546,188.04117155791195,98.9049957775559,170.6444306792867,-65.56015843306473,29.679859052345137,35.0,0.12303364486173717,12.47255316126143
23.15330603899998,105.04208323299989,SAT_10081,19.4461672391284,188.13469072009724,98.90710660711824,170.64068075753724,-65.54353280423179,29.687563135304345,35.0,0.12296069862962494,12.467454483369266
23.15330603899998,105.14208323299988,SAT_10081,19.502345750083293,188.45069484421853,98.9141121902762,170.6258123695913,-65.4873542932769,29.712337011214522,35.0,0.1227275670806476,12.451151367819465
23.15330603899998,105.24208323299987,SAT_10081,19.55024801516558,188.72014508530637,98.92003345045728,170.61311141939382,-65.43945202819461,29.73343237903202,35.0,0.12252883538754286,12.437244152445277
23.15330603899998,105.34208323299987,SAT_10081,19.589842743947003,188.9428654347019,98.92489194354019,170.60259714971818,-65.39985729941318,29.75084918993225,35.0,0.12236460729181425,12.425744732335453
23.15330603899998,105.44208323299986,SAT_10081,19.62110388104358,189.11870933087016,98.92870516393445,170.59428559014697,-65.3685961623166,29.764587403606,35.0,0.1222349691370568,12.41666300663858
23.15330603899998,105.54208323299986,SAT_10081,19.644010731614742,189.24756036533293,98.93148672116457,170.58818947640106,-65.34568931174545,29.7746469882587,35.0,0.12213998947578245,12.410006834127307
23.25330603899998,105.14208323299988,SAT_10081,19.39963654655027,187.87295557434527,98.90126412549114,170.65297374619496,-65.59006349680992,29.667016239957356,35.0,0.12315384568763459,12.480952144884675
23.25330603899998,105.24208323299987,SAT_10081,19.447374481966392,188.14148146106095,98.90726792651921,170.64036155010388,-65.5423255613938,29.68809589414593,35.0,0.12295568804323051,12.467104217392619
23.25330603899998,105.34208323299987,SAT_10081,19.486832925007874,188.36343520316927,98.91219387259224,170.62992094928768,-65.50286711835231,29.705499731539913,35.0,0.1227919358198885,12.455653964784656
23.25330603899998,105.44208323299986,SAT_10081,19.51798616831026,188.5386721967452,98.91605986125992,170.6216677506198,-65.47171387504993,29.719227711848777,35.0,0.12266267426449054,12.446611162014413
23.353306038999982,105.34208323299987,SAT_10081,19.374330482305695,187.73060896296954,98.89807275387071,170.65965103719037,-65.6153695610545,29.65583119073179,35.0,0.12325891002013639,12.48829080457578
