lat,lon,beam_id,SNR_dB,throughput_Mbps,availability_pct,FSPL_dB,Pr_dBm,Gt_dBi,G_rx_dBi,L_atm_dB,L_rain_dB
7.553306039000036,111.54208323299952,SAT_10078,20.12859143375215,191.97332681485585,98.98764871938515,170.45547455549112,-64.86110860960804,29.98446998936815,35.0,0.12014834265454336,12.26995570083053
7.653306039000036,113.84208323299939,SAT_10008,19.004160406306227,185.64840228547254,98.84716761839937,170.7624291055327,-65.98553963705396,29.494562388915835,35.0,0.12476060017772901,12.592912320259368
7.653306039000036,113.94208323299938,SAT_10008,19.124182457307384,186.32352632235404,98.86352511638725,170.73112607500155,-65.8655175860528,29.548087914271765,35.0,0.12426180662811026,12.558217618694897
7.7533060390000355,114.14208323299937,SAT_10008,19.25305080703309,187.04841078956116,98.88071986873551,170.6973706443986,-65.7366492363271,29.60537593851049,35.0,0.12372659257407588,12.520927937864904
8.153306039000034,114.74208323299933,SAT_10008,19.229313304680062,186.91488733882534,98.87763921676066,170.70359971905486,-65.76038673868013,29.594837756806108,35.0,0.12382515196460113,12.527799624466764
8.353306039000033,115.2420832329993,SAT_10079,19.35439550568185,187.6184747194604,98.89372863022841,170.6630435360525,-65.63530453767834,29.645964033798816,35.0,0.12335315858894236,12.494871876835717
8.653306039000032,104.8420832329999,SAT_10094,19.26660177238803,187.12463496968266,98.88232772256119,170.68646595278898,-65.72309827097216,29.60726756334513,35.0,0.12371592367194843,12.520183957856363
8.653306039000032,104.94208323299989,SAT_10078,19.25669613270354,187.0689157464574,98.88098419297026,170.68805217177993,-65.73300391065665,29.60230650157525,35.0,0.12376340547618966,12.523494834975773
8.653306039000032,105.04208323299989,SAT_10078,19.323277887424183,187.44343811676103,98.88969808061194,170.67053954588442,-65.666422155936,29.63180088204301,35.0,0.12348675046242417,12.50419674163217
8.653306039000032,106.5420832329998,SAT_10078,19.175141766692718,186.61017243764653,98.87017196039677,170.70944791068925,-65.81455827666747,29.566110399278177,35.0,0.12410240436029472,12.5471183608961
8.753306039000032,104.94208323299989,SAT_10078,19.141193760129482,186.41921490072835,98.86564051822091,170.71833633418606,-65.8485062832307,29.551020934363677,35.0,0.12424355913893163,12.55694732426939
8.753306039000032,105.04208323299989,SAT_10078,19.20755981068453,186.79252393510046,98.87450236650922,170.70095030134485,-65.78214023267566,29.580507536021333,35.0,0.12396763432168884,12.537729833030458
8.753306039000032,105.14208323299988,SAT_10078,19.264488872712377,187.11274990900714,98.88202243663982,170.68600458148194,-65.72521117064781,29.60576115438505,35.0,0.1237310207524005,12.521236722798518
8.853306039000032,104.8420832329999,SAT_10094,19.221729053809227,186.8722259276769,98.87643583597354,170.6982489225537,-65.76797098955096,29.587364071235616,35.0,0.12390239720196056,12.533183741030918
8.853306039000032,104.94208323299989,SAT_10094,19.08813008040822,186.12073170229627,98.85853768343765,170.7332218765761,-65.90156996295197,29.52796949159804,35.0,0.12445783974880015,12.571859738225116
8.853306039000032,105.04208323299989,SAT_10078,19.082486009987335,186.0889838061788,98.85773045659062,170.73368282041764,-65.90721403337285,29.52489507743632,35.0,0.12448772269118466,12.57393856770035
8.853306039000032,105.14208323299988,SAT_10078,19.139217179261266,186.40809663334463,98.86539009704283,170.7188535296649,-65.85048286409892,29.550141963951592,35.0,0.12425177846676225,12.557519519918856
8.853306039000032,105.24208323299987,SAT_10078,19.186501990165354,186.67407369468012,98.87171605078194,170.70647118860197,-65.80319805319483,29.571156939931566,35.0,0.12405517444511797,12.543828630079322
8.853306039000032,114.64208323299934,SAT_10095,19.74827274930631,189.834034214848,98.94313132889435,170.560013493684,-65.24142729405388,29.820144024005312,35.0,0.12171000542751582,12.379847818947665
8.953306039000031,104.8420832329999,SAT_10094,19.184726445619106,186.66408625660748,98.87153501832618,170.7079515219284,-65.80497359774108,29.57093407832614,35.0,0.12405619837586267,12.543899955762939
8.953306039000031,104.94208323299989,SAT_10094,19.051290148512777,185.91350708538437,98.8535440616118,170.74283724124044,-65.93840989484741,29.51155567115042,35.0,0.12461107054733474,12.58251725421005
8.953306039000031,105.04208323299989,SAT_10078,18.948144375859755,185.33331211421114,98.83929956229298,170.76868327265774,-66.04155566750043,29.464963627933606,35.0,0.125046722705816,12.612789300070473
8.953306039000031,105.14208323299988,SAT_10078,19.004666336383536,185.6512481421574,98.84711467962015,170.75397724314786,-65.98503370697665,29.490203712856445,35.0,0.12481148597869812,12.596448690706529
8.953306039000031,105.24208323299987,SAT_10078,19.051776003341345,185.91624001879507,98.8535683985516,170.74169814449067,-65.93792404001884,29.511213027349168,35.0,0.12461547403706594,12.582823448840283
8.953306039000031,105.34208323299987,SAT_10078,19.08943947470101,186.12809704519316,98.85868931899668,170.73186677994883,-65.90026056865918,29.527991525096553,35.0,0.12445879960171276,12.571926514205185
9.05330603900003,104.8420832329999,SAT_10094,19.138047553515136,186.40151748852261,98.8653046211135,170.72017363936362,-65.85165248984505,29.550185298941873,35.0,0.12425026110108965,12.557413888322204
9.05330603900003,104.94208323299989,SAT_10094,19.004806670331277,185.65203752061342,98.84719346565423,170.75495213086558,-65.98489337302891,29.490823228145754,35.0,0.12480445382008469,12.595960016489004
9.05330603900003,105.04208323299989,SAT_10094,18.86259654944415,184.85210559062335,98.82738188513379,170.79189538991108,-66.12710349391604,29.427243083247777,35.0,0.12539637035360396,12.637054816899127
9.05330603900003,105.14208323299988,SAT_10078,18.860929306451567,184.84272734879008,98.82710353171707,170.7913188341212,-66.12877073690862,29.425946532219946,35.0,0.12540983324979155,12.637988601757574
9.05330603900003,105.24208323299987,SAT_10078,18.907854856984102,185.10668357053558,98.83369917885535,170.77914837948845,-66.08184518637609,29.446950127180752,35.0,0.12521444371713872,12.624432490351252
9.05330603900003,105.34208323299987,SAT_10078,18.94537059996958,185.31770962482886,98.83893225605783,170.7694042214419,-66.04432944339061,29.463724057194987,35.0,0.12505826853592159,12.613591010607763
9.05330603900003,105.44208323299986,SAT_10094,18.974489012844074,185.48150069724792,98.843012152229,170.76284326879133,-66.01521103051611,29.47728781967873,35.0,0.12493060795101663,12.604724973452509
9.15330603900003,104.8420832329999,SAT_10078,19.08662152605895,186.1122460840816,98.85833922521205,170.73260279794027,-65.90307851730124,29.526736730553015,35.0,0.12447052079609344,12.572741929117884
9.15330603900003,104.94208323299989,SAT_10078,18.950546234091917,185.34682256676703,98.83966960644194,170.76805893539415,-66.03915380926827,29.466036922327,35.0,0.1250367251135768,12.612095071087541
9.15330603900003,105.04208323299989,SAT_10094,18.83930494988229,184.72109034308792,98.82410846465211,170.79792879214,-66.1503950934779,29.416807968922736,35.0,0.12549335708571674,12.643780913174917
9.15330603900003,105.14208323299988,SAT_10094,18.92131533120488,185.18239873802744,98.83564220026528,170.7766634595439,-66.06838471215531,29.45352313827978,35.0,0.12515191502726214,12.620092475863926
9.15330603900003,105.24208323299987,SAT_10094,18.994101952211267,185.59182348118838,98.84573712816336,170.7577393202574,-65.99559809114892,29.48604526454813,35.0,0.12484899474698352,12.599055040692663
9.15330603900003,105.34208323299987,SAT_10094,19.057613892669693,185.94907814626703,98.85443909604538,170.74118759111028,-65.9320861506905,29.51437427577251,35.0,0.12458476570811167,12.580688069644614
9.15330603900003,105.44208323299986,SAT_10094,19.111806214435617,186.25390995620032,98.86178693201238,170.7270358375885,-65.87789382892457,29.538510109279176,35.0,0.12435937737497577,12.565008723240284
9.15330603900003,105.54208323299986,SAT_10094,19.15664019598576,186.5061011024199,98.86781292566886,170.71530782378568,-65.83305984737443,29.55845271167429,35.0,0.12417295846599392,12.552031776797053
9.25330603900003,104.8420832329999,SAT_10078,19.135213364444056,186.3855751749978,98.86491265228925,170.71990106607007,-65.85448667891613,29.548361361623282,35.0,0.12426842801364203,12.558678546455704
9.25330603900003,104.94208323299989,SAT_10078,18.999008470953115,185.61942264911127,98.84638801745812,170.75545061598228,-65.99069157240707,29.48767880303564,35.0,0.1248350301788707,12.598084729281553
9.25330603900003,105.04208323299989,SAT_10094,18.966560117513765,185.43690066101493,98.84195066097374,170.76490565267204,-66.02313992584642,29.473746222982037,35.0,0.12496360393171647,12.607016892224713
9.25330603900003,105.14208323299988,SAT_10094,19.048811731134478,185.89956598763143,98.8532554831388,170.74348367771626,-65.94088831222571,29.51045087277584,35.0,0.12462138023807359,12.583234127047218
9.25330603900003,105.24208323299987,SAT_10094,19.121814051860795,186.31020404171696,98.8631515465879,170.72441949027495,-65.86788599149939,29.542963680871758,35.0,0.12431776121602374,12.56211242088018
9.25330603900003,105.34208323299987,SAT_10094,19.18551544561886,186.6685243816061,98.8716832106772,170.70774476498508,-65.80418459774133,29.57128457533231,35.0,0.12405291859252178,12.543671489496043
9.25330603900003,105.44208323299986,SAT_10094,19.239870339984165,186.9742706624109,98.87888805303541,170.6934874744242,-65.74982970337602,29.595413493499255,35.0,0.12382700383781121,12.527928718613278
9.25330603900003,105.54208323299986,SAT_10094,19.284839463681976,187.2272219832111,98.8847973304654,170.68167173575625,-65.70486057967821,29.615350381991963,35.0,0.12364014740480941,12.514899078509105
9.25330603900003,105.64208323299985,SAT_10094,19.320390055635926,187.42719406295208,98.8894363551664,170.67231767675082,-65.66930998772426,29.631095196706028,35.0,0.12349245806736187,12.504595049612108
9.25330603900003,105.74208323299985,SAT_10094,19.34649604124749,187.57404023201715,98.89282479460476,170.66544132271628,-65.6432040021127,29.642647902812154,35.0,0.12338402236374323,12.49702655984483
9.25330603900003,105.84208323299984,SAT_10094,19.363138173926714,187.6676522283378,98.89497690152794,170.66105450566326,-65.62656186943347,29.65000847475522,35.0,0.12331490415084653,12.49220093437459
9.35330603900003,104.8420832329999,SAT_10078,19.174144092843562,186.60456052224504,98.87014052616219,170.70970927542248,-65.81555595051663,29.565667133250685,35.0,0.12410655230353156,12.547407256041302
9.35330603900003,104.94208323299989,SAT_10078,19.037842973007386,185.83786672316654,98.85173218044477,170.74533186266135,-65.9518570703528,29.505001991729415,35.0,0.12467344106811495,12.58685375835276
9.35330603900003,105.04208323299989,SAT_10094,19.084529115528838,186.1004762748497,98.85812920635661,170.73416228313187,-65.90517092783135,29.526365782778058,35.0,0.12447281620119172,12.572901611276354
9.35330603900003,105.14208323299988,SAT_10094,19.167004984666335,186.5644030387481,98.86922854895349,170.7125939299234,-65.82269505869385,29.563059811762002,35.0,0.12412986801197987,12.549031072520473
9.35330603900003,105.24208323299987,SAT_10094,19.240207846615846,186.97616913721413,98.87894607504788,170.69339886243867,-65.74949219674434,29.595563212002943,35.0,0.12382560126160214,12.527830945047016
9.35330603900003,105.34208323299987,SAT_10094,19.304085396256696,187.33548035394392,98.88732482035115,170.67660918609062,-65.68561464710349,29.62387591158095,35.0,0.12356018979848189,12.509321182795345
9.35330603900003,105.44208323299986,SAT_10094,19.35859146482464,187.64207698963864,98.89440124997687,170.66225325656717,-65.63110857853555,29.64799784785306,35.0,0.12333378697295169,12.493519382848488
9.35330603900003,105.54208323299986,SAT_10094,19.403686264111045,187.89573523562464,98.90020570157134,170.65035552334788,-65.58601377924914,29.667928967451658,35.0,0.12314652486380019,12.480440698489119
9.35330603900003,105.64208323299985,SAT_10094,19.439336599651554,188.09626837304003,98.90476274718723,170.64093639296294,-65.55036344370863,29.6836692262831,35.0,0.12299851360525652,12.470097763423535
9.35330603900003,105.74208323299985,SAT_10094,19.465516050521913,188.24352778418577,98.90809148182377,170.63401211358072,-65.52418399283827,29.695218589526572,35.0,0.12288984082094263,12.462500627963179
9.35330603900003,105.84208323299984,SAT_10094,19.482205113706556,188.33740376459937,98.91020574481519,170.62959468227763,-65.50749492965363,29.702577031633187,35.0,0.12282057117036749,12.457656707838819
9.35330603900003,105.94208323299983,SAT_10094,19.489391311384978,188.3778261265405,98.91111427872636,170.62769177609283,-65.50030873197521,29.70574453632534,35.0,0.12279074601248022,12.455570746195235
9.35330603900003,106.04208323299983,SAT_10094,19.48706925989066,188.36476458688497,98.9108208290521,170.62830670769898,-65.50263078346953,29.704721096596277,35.0,0.1228003831896659,12.456244789177148
9.35330603900003,106.14208323299982,SAT_10094,19.47524069954136,188.29822893492016,98.90932418676965,170.63143840622263,-65.51445934381883,29.69950671470992,35.0,0.12284947693436779,12.45967817537175
9.45330603900003,104.8420832329999,SAT_10078,19.20338470270447,186.76903895271263,98.87404646709291,170.70204524120533,-65.78631534065572,29.57865400759101,35.0,0.12398499003217159,12.538939117009228
9.45330603900003,104.94208323299989,SAT_10094,19.10121099089629,186.19431182379165,98.86040293886394,170.72980475712717,-65.8884890524639,29.533793903184577,35.0,0.12440343843880496,12.56807476008249
9.45330603900003,105.04208323299989,SAT_10094,19.193129356524196,186.7113526304486,98.87272503931078,170.70574925389818,-65.79657068683599,29.57466653318989,35.0,0.12402126912025703,12.541466697007444
9.45330603900003,105.14208323299988,SAT_10094,19.275811754656175,187.176441119941,98.88364063103556,170.6840452660715,-65.71388828870401,29.611349840146985,35.0,0.12367765597059459,12.517515206808893
9.45330603900003,105.24208323299987,SAT_10094,19.349199326501065,187.5892462115685,98.89319847492544,170.66472891720693,-65.64050071685912,29.643843742876644,35.0,0.12337279465129695,12.496242747877538
9.45330603900003,105.34208323299987,SAT_10094,19.413239141743276,187.94947017230592,98.90144043287319,170.64783271443332,-65.57646090161691,29.672148169476245,35.0,0.12310686098153888,12.47766949567829
9.45330603900003,105.44208323299986,SAT_10094,19.46788447595047,188.2568501772214,98.90840198306923,170.63338537075413,-65.52181556740972,29.69626305731788,35.0,0.1228800100583692,12.461813243915097
9.45330603900003,105.54208323299986,SAT_10094,19.513095059180444,188.51115970789002,98.91411264752836,170.62141164562593,-65.47660498417974,29.71618835304676,35.0,0.12269237547125589,12.44868931612932
9.45330603900003,105.64208323299985,SAT_10094,19.54883729305176,188.71220977341616,98.91859634135837,170.61193220562768,-65.44086275030843,29.731924012579846,35.0,0.12254406861853345,12.438310488642053
9.45330603900003,105.74208323299985,SAT_10094,19.5750844338383,188.85984994034047,98.92187165134257,170.60496350684602,-65.41461560952189,29.743470001104683,35.0,0.12243517813242562,12.430686925648123
9.45330603900003,105.84208323299984,SAT_10094,19.591816739503287,188.953969159706,98.92395204974618,170.60051770036426,-65.3978833038569,29.750826293078532,35.0,0.1223657694183419,12.425826127152822
9.45330603900003,105.94208323299983,SAT_10094,19.59902157897301,188.99449638172317,98.92484604780162,170.5986025619897,-65.39067846438718,29.753992872227695,35.0,0.1223358843130664,12.423732890312099
9.45330603900003,106.04208323299983,SAT_10094,19.59669350237948,188.9814009508846,98.92455729202752,170.59922144706582,-65.3930065409807,29.752969731547104,35.0,0.12234554086529845,12.42440928459669
9.45330603900003,106.14208323299982,SAT_10094,19.584834271445615,188.91469277688157,98.92308460534136,170.60237327092196,-65.40486577191457,29.747756873300133,35.0,0.12239473324077872,12.427854641051974
9.553306039000029,104.8420832329999,SAT_10078,19.222913281621658,186.8788872091218,98.87664806468592,170.6969224245549,-65.76678676173853,29.587321956245578,35.0,0.12390381396854609,12.533282479460652
9.553306039000029,104.94208323299989,SAT_10094,19.20015768350035,186.75088696968947,98.87367316778405,170.70390674947322,-65.78954235985984,29.577787797820534,35.0,0.12399205491124844,12.539431353295898
9.553306039000029,105.04208323299989,SAT_10094,19.292283357061777,187.2690938834725,98.88580915326656,170.6797140566076,-65.69741668629841,29.618648368557647,35.0,0.12360922064904621,12.512741777599413
9.553306039000029,105.14208323299988,SAT_10094,19.375153847884278,187.73524039434906,98.89656124496685,170.65788563240656,-65.61454619547591,29.65532085230021,35.0,0.12326500433117836,12.488716411038377
9.553306039000029,105.24208323299987,SAT_10094,19.44870966123385,188.1489918444404,98.90597698562163,170.63845800906532,-65.54099038212634,29.68780516788826,35.0,0.12295960362462433,12.46737793732465
9.553306039000029,105.34208323299987,SAT_10094,19.512897290376003,188.51004725836503,98.91409720043569,170.6214640644253,-65.47680275298418,29.716101243436206,35.0,0.12269319616053576,12.44874673583455
9.553306039000029,105.44208323299986,SAT_10094,19.567669498497764,188.81814092904992,98.92095649570692,170.6069328412711,-65.42203054486242,29.74020901633099,35.0,0.12246593864211566,12.432840781280218
9.553306039000029,105.54208323299986,SAT_10094,19.612985571403087,189.07304383914237,98.92658367269493,170.59488938518126,-65.3767144719571,29.76012843323047,35.0,0.1222779660480663,12.419675553958248
9.553306039000029,105.64208323299985,SAT_10094,19.648811538185342,189.27456490229255,98.93100206585228,170.5853546027928,-65.34088850517485,29.775859450062036,35.0,0.12212939093929148,12.409263961504799
9.553306039000029,105.74208323299985,SAT_10094,19.67512035738254,189.4225520102768,98.93422981268439,170.57834514214133,-65.31457968597765,29.787402032021486,35.0,0.12202030287565947,12.40161627298215
9.553306039000029,105.84208323299984,SAT_10094,19.691892066483305,189.5168928739686,98.93628006091222,170.57387329649796,-65.29780797687688,29.794756153572134,35.0,0.1219507679486414,12.39674006600241
9.553306039000029,105.94208323299983,SAT_10094,19.699113893047382,189.5575156483915,98.93716111721635,170.57194693286118,-65.2905861503128,29.797921798444136,35.0,0.12192082843453692,12.394640187461231
9.553306039000029,106.04208323299983,SAT_10094,19.69678032613838,189.5443893345284,98.93687654059264,170.57256944597296,-65.2929197172218,29.796898959634078,35.0,0.12193050257181791,12.395318728311105
9.553306039000029,106.14208323299982,SAT_10094,19.68489314722521,189.4775239531418,98.93542518220305,170.57573973842307,-65.30480689613498,29.7916876394048,35.0,0.12197978446487004,12.398775012651846
9.553306039000029,106.24208323299982,SAT_10094,19.6634614201881,189.35697048855806,98.9328011725217,170.58145222708356,-65.32623862317209,29.78228784928545,35.0,0.12206864411512197,12.405005601258852
9.553306039000029,106.4420832329998,SAT_10078,19.724822283709514,189.70212534586602,98.9402506876671,170.56405960209972,-65.26487775965067,29.80859336833019,35.0,0.12182034687040595,12.387591179010741
9.653306039000029,104.94208323299989,SAT_10094,19.28960722863596,187.25404066107728,98.88547209060911,170.68041791331964,-65.70009281472423,29.617462793923576,35.0,0.12362033888180256,12.513517356446359
9.653306039000029,105.04208323299989,SAT_10094,19.38191913036742,187.77329510831674,98.89744358098534,170.6561008537199,-65.60778091299277,29.658311192679516,35.0,0.12323691021707149,12.486754341735324
9.653306039000029,105.14208323299988,SAT_10094,19.464958613093458,188.24039219865068,98.90805114586905,170.63415961754106,-65.52474143026673,29.694972752048887,35.0,0.12289215462713027,12.462662410147425
9.653306039000029,105.24208323299987,SAT_10094,19.538665603073895,188.65499401729065,98.9173412585926,170.6146311093632,-65.45103444028629,29.727447390890685,35.0,0.12258627160015145,12.441264450213643
9.653306039000029,105.34208323299987,SAT_10094,19.602986068695074,189.0167966364098,98.92535383397923,170.59754854489807,-65.38671397466511,29.755735037336116,35.0,0.12231944041290875,12.42258102669024
9.653306039000029,105.44208323299986,SAT_10094,19.6578723065236,189.32553172419523,98.93212271245534,170.58294126753069,-65.33182773683659,29.779835628786746,35.0,0.12209181922743194,12.406630278865215
9.653306039000029,105.54208323299986,SAT_10094,19.703283197746444,189.58096798732376,98.93767606202076,170.57083458366924,-65.28641684561374,29.79974911191288,35.0,0.12190354428432665,12.39342782957306
9.653306039000029,105.64208323299985,SAT_10094,19.739184432139396,189.7829124307841,98.942036706861,170.56124961880798,-65.25051561122079,29.815475442652208,35.0,0.12175472920057981,12.382986705864433
9.653306039000029,105.74208323299985,SAT_10094,19.765548697027185,189.93121142077794,98.94522238960356,170.55420319599142,-65.224151346333,29.827014586208648,35.0,0.12164546437878218,12.375317272171444
9.653306039000029,105.84208323299984,SAT_10094,19.782355829053955,190.02575153842852,98.94724597268754,170.54970773813622,-65.20734421430623,29.834366517051475,35.0,0.12157581653368583,12.370427176687802
9.653306039000029,105.94208323299983,SAT_10094,19.789592926994715,190.06646021434528,98.9481155829726,170.54777119539142,-65.20010711636547,29.83753121891464,35.0,0.12154582834089805,12.368321311547811
9.653306039000029,106.04208323299983,SAT_10094,19.787254424278785,190.05330613656815,98.94783470251008,170.54839699842432,-65.2024456190814,29.83650868479637,35.0,0.12155551821130518,12.369001787242142
9.653306039000029,106.14208323299982,SAT_10094,19.77534212036403,189.98629942704767,98.94640220729302,170.55158403820815,-65.21435792299616,29.831298916958975,35.0,0.12160488019354992,12.372467921553426
9.653306039000029,106.24208323299982,SAT_10094,19.75386517058925,189.86549158456452,98.94381235475693,170.55732667255964,-65.23583487277094,29.82190192692891,35.0,0.12169388400556928,12.378716243134642
9.653306039000029,106.34208323299981,SAT_10094,19.722840034625747,189.69097519476986,98.9400547197827,170.5656147593462,-65.26686000873444,29.80831773549707,35.0,0.12182247519486743,12.387740509690438
9.653306039000029,106.4420832329998,SAT_10078,19.77405487378857,189.97905866506073,98.94620929208891,170.55090146317713,-65.21564516957162,29.830140773753964,35.0,0.12161627829161115,12.373268201856847
9.653306039000029,106.5420832329998,SAT_10078,19.84379930491123,190.37137109012565,98.9545583866659,170.5322224649185,-65.14590073844896,29.860617032998814,35.0,0.12132728135555787,12.352968025173707
9.653306039000029,112.94208323299944,SAT_10078,19.57239598715917,188.84472742777035,98.92151500808596,170.6046547972299,-65.41730405620102,29.741702704552512,35.0,0.12245249481280483,12.43189946871082
9.753306039000028,104.94208323299989,SAT_10094,19.369494183623004,187.7034047828794,98.89585487343356,170.6593784108493,-65.62020585973718,29.65281880471532,35.0,0.12328850792417395,12.490357745679013
9.753306039000028,105.04208323299989,SAT_10094,19.46197055977065,188.22358439870993,98.90768222811404,170.63495023994636,-65.52772948358954,29.693654918809095,35.0,0.1229045575278558,12.463529604924425
9.753306039000028,105.14208323299988,SAT_10094,19.545159319577948,188.69152117262595,98.91816313937593,170.61290821046424,-65.44454072378224,29.73030545267531,35.0,0.12255932849837,12.439378637494945
9.753306039000028,105.24208323299987,SAT_10094,19.618999870054665,189.10687426905747,98.92734314895839,170.5932895612405,-65.37070017330552,29.76277032519164,35.0,0.12225302195305345,12.4179279153036
9.753306039000028,105.34208323299987,SAT_10094,19.683437708822296,189.46933711212543,98.93526137840723,170.5761278113005,-65.30626233453789,29.791049464505836,35.0,0.12198581864091404,12.399198169102318
9.753306039000028,105.44208323299986,SAT_10094,19.73842471389321,189.77863901564928,98.9419510006347,170.56145257391123,-65.25127532946698,29.815142808033862,35.0,0.12175787802920321,12.383207685560414
9.753306039000028,105.54208323299986,SAT_10094,19.783919403481775,190.034546644585,98.94743963159497,170.54928938968007,-65.20578063987841,29.835050302458303,35.0,0.12156933748763582,12.369972215169001
9.753306039000028,105.64208323299985,SAT_10094,19.819887162949357,190.23686529159014,98.95174965057129,170.5396595806259,-65.16981288041083,29.850771903726976,35.0,0.12142031157820132,12.359504891933696
9.753306039000028,105.74208323299985,SAT_10094,19.8463004362889,190.38543995412508,98.95489845584908,170.53258012695483,-65.14339960707129,29.862307577051816,35.0,0.12131089145760877,12.351816165710655
9.753306039000028,105.84208323299984,SAT_10094,19.863138879939015,190.48015619965696,98.95689866106923,170.52806356801344,-65.12656116342117,29.869657296907953,35.0,0.12124114439837969,12.346913747917297
9.753306039000028,105.94208323299983,SAT_10094,19.870389477120483,190.52094080880272,98.95775823625577,170.52611792862749,-65.1193105662397,29.872821047033092,35.0,0.12121111343346752,12.344802571211842
9.753306039000028,106.04208323299983,SAT_10094,19.86804661134279,190.5077621888032,98.95748059634796,170.5267466717292,-65.1216534320174,29.871798820427063,35.0,0.12122081712805703,12.345484763587198
9.753306039000028,106.14208323299982,SAT_10094,19.85611209820506,190.4406305524035,98.95606463899699,170.5299486778588,-65.13358794515513,29.866590619351655,35.0,0.12127024948090476,12.348959637167072
9.753306039000028,106.24208323299982,SAT_10094,19.834595175110195,190.31959785999487,98.95350473237406,170.53571825179495,-65.15510486824999,29.857196455330676,35.0,0.12135937995624486,12.355223691829476
9.753306039000028,106.34208323299981,SAT_10094,19.803512449016594,190.14475752571835,98.9497906527495,170.54404515623082,-65.1861875943436,29.843616349150246,35.0,0.12148815364592871,12.36427063361708
9.753306039000028,106.4420832329998,SAT_10078,19.813464347397826,190.20073695411278,98.950944144641,170.5403523854457,-65.17623569596236,29.84736854232854,35.0,0.12145296556035284,12.361798887284863
9.753306039000028,106.5420832329998,SAT_10078,19.88326161060658,190.59334655966202,98.9592443471265,170.52163346174396,-65.1064384327536,29.87783567280619,35.0,0.12116381160714913,12.341476832208675
9.753306039000028,116.44208323299924,SAT_10078,19.734401848838743,189.75601039971792,98.94142551396338,170.5615010929846,-65.25529819452144,29.812788229151554,35.0,0.1217806354239451,12.384804695264444
9.853306039000028,105.04208323299989,SAT_10094,19.53237774899648,188.6196248381052,98.91657157710303,170.61629901811364,-65.4573222943637,29.724679469652973,35.0,0.12261236144374275,12.44309038445929
9.853306039000028,105.14208323299988,SAT_10094,19.61569551236434,189.08828725704942,98.9269427667754,170.5941685731553,-65.37400453099585,29.761318876914462,35.0,0.1222667265626959,12.418888108192327
9.853306039000028,105.24208323299987,SAT_10094,19.68965150557223,189.50428971884378,98.93602738453868,170.57447084930948,-65.30004853778796,29.793773893551258,35.0,0.1219600568743618,12.397391525155381
9.853306039000028,105.34208323299987,SAT_10094,19.75419081195146,189.86732331722698,98.9438638679794,170.55723963278393,-65.23550923140873,29.8220444477274,35.0,0.12169253442017683,12.378621511932007
9.853306039000028,105.44208323299986,SAT_10094,19.809264941136774,190.17711529389436,98.95048481436632,170.54250477460192,-65.18043510222341,29.846130476873043,35.0,0.12146431981327911,12.362596484681248
9.853306039000028,105.54208323299986,SAT_10094,19.85483209185925,190.43343051670828,98.95591736350384,170.53029202170688,-65.13486795150094,29.866031927682858,35.0,0.12127555141471161,12.349332306062193
9.853306039000028,105.64208323299985,SAT_10094,19.890857381519254,190.6360727710458,98.96018351088254,170.52062286927483,-65.09884266184093,29.881748756114643,35.0,0.12112634461619043,12.338842204064552
9.853306039000028,105.74208323299985,SAT_10094,19.91731303990632,190.78488584947306,98.96330035770806,170.51351443599285,-65.07238700345387,29.89328092738821,35.0,0.12101679123657763,12.33113670361267
9.853306039000028,105.84208323299984,SAT_10094,19.93417856481858,190.87975442710453,98.96528030295225,170.5089793638026,-65.0555214785416,29.900628415984492,35.0,0.12094695903815823,12.326223571685345
9.853306039000028,105.94208323299983,SAT_10094,19.941440837747223,190.92060471232813,98.96613118130905,170.50702574333567,-65.04825920561296,29.903791205644858,35.0,0.12091689136766903,12.324107776554486
9.853306039000028,106.04208323299983,SAT_10094,19.939094198254196,190.90740486517984,98.96585634980632,170.5076570659562,-65.05060584510599,29.90276928937073,35.0,0.12092660692578479,12.324791461594726
9.853306039000028,106.14208323299982,SAT_10094,19.927140476148665,190.84016517833626,98.96445472478428,170.51087220301102,-65.06255956721152,29.89756266942339,35.0,0.12097609966745676,12.328273933956442
9.853306039000028,106.24208323299982,SAT_10094,19.905588981079887,190.7189380185744,98.96192076996753,170.5166654125411,-65.0841110622803,29.88817135732403,35.0,0.12106533883414271,12.33455166822909
9.853306039000028,106.34208323299981,SAT_10094,19.874456449670248,190.54381752939517,98.95824443539622,170.52502637337267,-65.11524359368994,29.874595373854056,35.0,0.12119426911759179,12.343618325053734
9.853306039000028,106.4420832329998,SAT_10078,19.84301959284653,190.36698520976174,98.95447540729631,170.5324315395812,-65.14668045051366,29.860276636396296,35.0,0.12133051160988816,12.353195035718844
9.853306039000028,106.5420832329998,SAT_10078,19.91285119232691,190.75978795683886,98.96273840846972,170.51368403732855,-65.07684885103328,29.89073455405392,35.0,0.121041261957025,12.332858105801627
9.853306039000028,106.6420832329998,SAT_10078,19.973181567083472,191.09914631484455,98.96980129499552,170.4974503946774,-65.01651847627672,29.91700230052199,35.0,0.12079145612755475,12.31527892599375
9.953306039000028,105.14208323299988,SAT_10094,19.676513340144737,189.43038753831416,98.93442888099268,170.5779738303474,-65.31318670321545,29.788012956951867,35.0,0.12201452737877531,12.401211302441148
9.953306039000028,105.24208323299987,SAT_10094,19.75056621043015,189.8469349336696,98.94343212848328,170.5582083866796,-65.23913383293004,29.82045802817994,35.0,0.12170755632272065,12.37967591810765
9.953306039000028,105.34208323299987,SAT_10094,19.81519068403084,190.21044759767346,98.95119887762864,170.54091767680404,-65.17450935932935,29.848719919232877,35.0,0.12143976894152016,12.360871832816668
9.953306039000028,105.44208323299986,SAT_10094,19.87033795427709,190.52065099280864,98.95776123647686,170.52613175610753,-65.1193620890831,29.872798567554817,35.0,0.1212113268297383,12.344817573700643
9.953306039000028,105.54208323299986,SAT_10094,19.915965945560046,190.77730844377527,98.96314594011025,170.5138765489013,-65.07373409780014,29.892693919852324,35.0,0.12102236919750423,12.33152909955366
9.953306039000028,105.64208323299985,SAT_10094,19.952039545168617,190.9802224415735,98.9673746577608,170.50417369921715,-65.03766049819157,29.90840593209303,35.0,0.1208730121472314,12.321019718920216
9.953306039000028,105.74208323299985,SAT_10094,19.97853079893592,191.12923574401455,98.97046423806482,170.49704044479444,-65.01116924442427,29.919934569504505,35.0,0.12076334806496176,12.313300021069372
9.953306039000028,105.84208323299984,SAT_10094,19.995419068415487,191.2242322598371,98.97242689747488,170.4924895157795,-64.9942809749447,29.927279806573377,35.0,0.12069344513250622,12.308377820606067
9.953306039000028,105.94208323299983,SAT_10094,20.002691147729394,191.26513770597782,98.97327035561659,170.49052905937975,-64.9870088956308,29.93044162704465,35.0,0.12066334696538902,12.306258116330293
9.953306039000028,106.04208323299983,SAT_10094,20.00034133869397,191.2519200301536,98.9729979202755,170.49116259140507,-64.98935870466622,29.929420023921306,35.0,0.12067307238034701,12.306943064802104
9.953306039000028,106.14208323299982,SAT_10094,19.98837148332325,191.1845895936933,98.9716085236833,170.49438897529757,-65.00132856003694,29.92421499946412,35.0,0.12072261529480727,12.310431968908668
9.953306039000028,106.24208323299982,SAT_10094,19.966790953315723,191.06319911240092,98.96909671081308,170.5002024289149,-65.02290909004446,29.91482656519171,35.0,0.12081194475939587,12.316721281561875
9.953306039000028,106.34208323299981,SAT_10094,19.935616596653645,190.88784335617677,98.96545257945458,170.50859255897936,-65.05408344670654,29.90125474188085,35.0,0.12094100512313587,12.32580462448489
9.953306039000028,106.4420832329998,SAT_10094,19.89487264195543,190.65865861099928,98.96066167089627,170.51954442276536,-65.09482740140476,29.883499559566996,35.0,0.12110971632961012,12.33767282187679
9.953306039000028,106.5420832329998,SAT_10078,19.93254440298537,190.87056226679272,98.9650553219054,170.50838877269388,-65.05715564037482,29.899313648549054,35.0,0.12095971057021647,12.327120805659774
9.953306039000028,106.6420832329998,SAT_10078,19.992888468297664,191.20999763417436,98.97209632734088,170.4921402486741,-64.99681157506252,29.92557337717033,35.0,0.1207098750092138,12.309534828549541
10.053306039000027,105.04208323299989,SAT_10094,19.64405283355343,189.24779718873805,98.93045464537215,170.58662177825224,-65.34564720980676,29.773770783562306,35.0,0.12214912428764572,12.410647090829173
10.053306039000027,105.14208323299988,SAT_10094,19.727565852320282,189.71755791930158,98.94065412695724,170.56435287886157,-65.2621341910399,29.81038763442169,35.0,0.12180288651081907,12.386366060089198
10.053306039000027,105.24208323299987,SAT_10094,19.801696643634955,190.13454362044664,98.94958944863808,170.54453132178975,-65.18800339972523,29.842822670736457,35.0,0.12149567707885614,12.364799071593074
10.053306039000027,105.34208323299987,SAT_10094,19.86638963988004,190.49844172432523,98.95729798300314,170.5271913137369,-65.12331040348015,29.871075820702483,35.0,0.12122768005641407,12.345967230389332
10.053306039000027,105.44208323299986,SAT_10094,19.921595771815504,190.8089762164622,98.963811430781,170.51236307994998,-65.06810427154468,29.895147021777653,35.0,0.1209990578505558,12.329889155521816
10.053306039000027,105.54208323299986,SAT_10094,19.96727273608346,191.06590914046947,98.96915619004999,170.50007269217156,-65.02242730727673,29.915036220680253,35.0,0.12080995037436475,12.316580885411051
10.053306039000027,105.64208323299985,SAT_10094,20.003385228931336,191.26904191273877,98.97335365834822,170.49034191817128,-64.98631481442885,29.930743373387596,35.0,0.12066047431864996,12.306055795326515
10.053306039000027,105.74208323299985,SAT_10094,20.02990514346341,191.41821643198168,98.9764204739679,170.48318809465536,-64.95979489989678,29.9422684451349,35.0,0.12055072253903722,12.298324527837279
10.053306039000027,105.84208323299984,SAT_10094,20.046811728113283,191.51331597063722,98.97836870134775,170.47862402509597,-64.9428883152469,29.94961141041439,35.0,0.12048076356467918,12.293394937000652
10.053306039000027,105.94208323299983,SAT_10094,20.054091704460646,191.55426583759115,98.97920596427339,170.47665790373463,-64.93560833889954,29.95277225297465,35.0,0.12045064123364188,12.29127204690592
10.053306039000027,106.04208323299983,SAT_10094,20.051739342982415,191.5410338042761,98.97893552951568,170.4772932667032,-64.93796070037777,29.951750965820192,35.0,0.12046037445875589,12.291958025035996
10.053306039000027,106.14208323299982,SAT_10094,20.039756495825955,191.47363028902097,98.97755634254267,170.48052897087277,-64.94994354753423,29.946547551211296,35.0,0.1205099571263802,12.295452170746374
10.053306039000027,106.24208323299982,SAT_10094,20.018152586209112,191.35210829742624,98.9750630159999,170.48635920069475,-64.97154745715108,29.937162020664054,35.0,0.12059935812914165,12.301750918991244
10.053306039000027,106.34208323299981,SAT_10094,19.986944554574066,191.1765631194791,98.97144577073513,170.49477350294978,-65.00275548878612,29.923594394950673,35.0,0.12072852153230558,12.310847859254704
10.053306039000027,106.4420832329998,SAT_10094,19.946156762146174,190.9471317870722,98.96669032821819,170.50575684896796,-65.04354328121401,29.9058447041,35.0,0.12089736687203476,12.322733769474016
10.053306039000027,106.5420832329998,SAT_10078,19.942325438160665,190.92558058965375,98.96620493180627,170.50575741515675,-65.04737460519952,29.903572937540815,35.0,0.12091920967217455,12.324270917911408
10.053306039000027,106.6420832329998,SAT_10078,20.002666867033952,191.265001127066,98.97323363234965,170.4895040386322,-64.98703317632624,29.92982457586339,35.0,0.12066939842093495,12.306684315136506
10.153306039000027,104.64208323299991,SAT_10078,19.380478718498125,187.76519279155195,98.89727500987814,170.65546196440206,-65.60922132486206,29.657099064241887,35.0,0.12324915134064433,12.48760927336124
10.153306039000027,104.8420832329999,SAT_10094,19.490164724708166,188.38217657648343,98.9112900668591,170.62748694777093,-65.49953531865202,29.706085402930718,35.0,0.12278753615251811,12.455346237659278
10.153306039000027,104.94208323299989,SAT_10094,19.592329306825974,188.9568523508961,98.9240738333735,170.6003814693055,-65.39737073653421,29.75105159002495,35.0,0.12236364329159104,12.42567721396209
10.153306039000027,105.04208323299989,SAT_10094,19.685234792914002,189.47944571014128,98.93550905696785,170.57564864038648,-65.30446525044619,29.791837439287864,35.0,0.12197836802548055,12.398675681322093
10.153306039000027,105.14208323299988,SAT_10094,19.76881326177434,189.94957459748065,98.94564533730183,170.5533302187598,-65.22088678158585,29.82844286040513,35.0,0.12163193570421861,12.374367487526946
10.153306039000027,105.24208323299987,SAT_10094,19.843002688505422,190.366890122843,98.95452570427435,170.5334643673341,-65.14669735485477,29.860867772326344,35.0,0.12132455191217847,12.35277620793484
10.153306039000027,105.34208323299987,SAT_10094,19.907747272253673,190.73107840642692,98.96218713959122,170.5160854438316,-65.08195277110651,29.88911210326294,35.0,0.12105640143559217,12.333923029102259
10.153306039000027,105.44208323299986,SAT_10094,19.96299773634628,191.04186226694785,98.9686610148762,170.50122380791714,-65.0267023070139,29.91317579068634,35.0,0.12082764732132871,12.317826642461771
10.153306039000027,105.54208323299986,SAT_10094,20.008711597493317,191.2990027358999,98.97397345589695,170.488905648007,-64.98098844586687,29.93305878132636,35.0,0.12063843003601668,12.304503149150221
10.153306039000027,105.64208323299985,SAT_10094,20.044853401003905,191.50230038064697,98.97814564064076,170.47915282979832,-64.94484664235628,29.948761031169848,35.0,0.12048886673380088,12.293965976994013
10.153306039000027,105.74208323299985,SAT_10094,20.071394919310336,191.65159642112064,98.98119403741666,170.47198276832302,-64.91830512404985,29.96028250545954,35.0,0.12037905064008445,12.28622581054628
10.153306039000027,105.84208323299984,SAT_10094,20.08831531146656,191.7467736269994,98.98313058781358,170.46740832508777,-64.90138473189363,29.96762317869318,35.0,0.12030905055753743,12.281290534941496
10.153306039000027,105.94208323299983,SAT_10094,20.095601241733945,191.78775698475346,98.98396283816233,170.4654377315596,-64.89409880162624,29.97078303462287,35.0,0.1202789104994686,12.279165194190034
10.153306039000027,106.04208323299983,SAT_10094,20.093246955825805,191.77451412652016,98.98369402208658,170.46607453995549,-64.89645308753438,29.969762066254635,35.0,0.12028864945437853,12.279851964379153
10.153306039000027,106.14208323299982,SAT_10094,20.08125431389685,191.7070555156698,98.98232309575174,170.46931760194514,-64.90844572946334,29.96456027584827,35.0,0.12033826128416127,12.283350142082309
10.153306039000027,106.24208323299982,SAT_10094,20.05963277987246,191.5854343867826,98.97984472649446,170.47516107554026,-64.93006726348773,29.955177674917373,35.0,0.12042771475702561,12.289656148107804
10.153306039000027,106.34208323299981,SAT_10094,20.02839936725124,191.4097464407882,98.97624923461318,170.48359446007947,-64.96130067610895,29.94161428422965,35.0,0.12055695371478918,12.298763546544329
10.153306039000027,106.4420832329998,SAT_10094,19.987578542034143,191.18012929894206,98.97152248718855,170.49460265887222,-65.00212150132604,29.923870133807462,35.0,0.12072589737278834,12.3106630788885
10.153306039000027,106.5420832329998,SAT_10078,19.94218642852296,190.92479866044164,98.96619228844021,170.50579481873973,-65.04751361483723,29.903512411720087,35.0,0.12091978526223895,12.324311422555352
10.153306039000027,106.6420832329998,SAT_10078,20.002508852398535,191.26411229474175,98.97321818231866,170.48954664580543,-64.98719119096165,29.929755887310108,35.0,0.12067005248756266,12.30673037997876
10.153306039000027,106.74208323299979,SAT_10078,20.053285016675503,191.54972821879971,98.97907895256034,170.47584318378762,-64.93641502668468,29.951813005338046,35.0,0.12045990505881242,12.2919249431763
10.253306039000027,103.94208323299995,SAT_10078,19.895193216745994,190.66046184419622,98.96067487168824,170.51842895151952,-65.0945068266142,29.883038211604127,35.0,0.12111439270728418,12.338001693991512
10.253306039000027,104.04208323299994,SAT_10078,19.84294900192309,190.36658813581738,98.95448665379558,170.53245046779185,-65.1467510414371,29.860245818373023,35.0,0.12133080406036237,12.353215587957909
10.253306039000027,104.64208323299991,SAT_10078,19.33163792694363,187.4904633390579,98.890978787305,170.66833778969908,-65.65806211641656,29.63550061813233,35.0,0.12345202032698352,12.501772924522818
10.253306039000027,104.7420832329999,SAT_10094,19.410025076927766,187.93139105771868,98.90111633312128,170.64868160678202,-65.57967496643242,29.670728736660173,35.0,0.12312020566830652,12.478601890642278
10.253306039000027,104.8420832329999,SAT_10094,19.521431170827555,188.55805033590502,98.91523527869236,170.61920182354964,-65.46826887253263,29.719859680733325,35.0,0.12265778355188889,12.446268946164418
10.253306039000027,104.94208323299989,SAT_10094,19.6236477468221,189.13301857587433,98.92795649419836,170.59205298044563,-65.36605229653809,29.76481170338135,35.0,0.12223374559473717,12.41657727387908
10.253306039000027,105.04208323299989,SAT_10094,19.71660112150053,189.65588130844048,98.93933628937766,170.5672803455393,-65.27309892185966,29.805584705044943,35.0,0.12184833647725145,12.389554944888035
10.253306039000027,105.14208323299988,SAT_10094,19.80022317031873,190.12625533304285,98.94942385216639,170.54492580835444,-65.18947687304146,29.842178595429047,35.0,0.12150178218048586,12.365227877935586
10.253306039000027,105.24208323299987,SAT_10094,19.874451680987036,190.54379070555208,98.95826185869944,170.5250276533545,-65.11524836237315,29.874593293500535,35.0,0.1211942888679876,12.3436197136512
10.253306039000027,105.34208323299987,SAT_10094,19.93923068269325,190.90817259014952,98.96588698923242,170.5076203486068,-65.05046936066694,29.902828727486146,35.0,0.12092604184942018,12.32475169769687
10.253306039000027,105.44208323299986,SAT_10094,19.99451074760333,191.21912295526874,98.9723303615759,170.4927343519912,-64.99518929575686,29.926884834870627,35.0,0.1206972046357455,12.308642574000546
10.253306039000027,105.54208323299986,SAT_10094,20.04024926129928,191.47640209480846,98.97761789148088,170.48039593717877,-64.94945078206091,29.94676156239515,35.0,0.12050791809509782,12.295308489182197
10.253306039000027,105.64208323299985,SAT_10094,20.07641065908929,191.67980995737724,98.98177058760592,170.47062704142408,-64.9132893842709,29.962458866055933,35.0,0.12035829971768461,12.284762909185059
10.253306039000027,105.74208323299985,SAT_10094,20.102966625458322,191.82918726820304,98.98480478715881,170.46344513699586,-64.88673341790187,29.973976711103123,35.0,0.12024844299710574,12.277016549012028
10.253306039000027,105.84208323299984,SAT_10094,20.119896254318917,191.92441643054394,98.9867323369786,170.45886312780925,-64.86980378904127,29.981315072039894,35.0,0.12017841693440766,12.272077316337498
10.253306039000027,105.94208323299983,SAT_10094,20.127186168156015,191.96542219587758,98.98756072365742,170.4568892725354,-64.86251387520417,29.984473932621807,35.0,0.12014826566999737,12.269950269620601
10.253306039000027,106.04208323299983,SAT_10094,20.12483059463517,191.95217209482286,98.98729315525347,170.45752713514474,-64.86486944872502,29.98345328585638,35.0,0.12015800824725623,12.270637591189404
10.253306039000027,106.14208323299982,SAT_10094,20.1128313997462,191.88467662357237,98.9859285961826,170.46077556350707,-64.87686864361399,29.97825313400292,35.0,0.12020763851033478,12.274138575599514
10.253306039000027,106.24208323299982,SAT_10094,20.09119807708464,191.76298918360112,98.9834617559634,170.46662869631177,-64.89850196627555,29.96887348857258,35.0,0.12029712513720553,12.280449633399158
10.253306039000027,106.34208323299981,SAT_10094,20.059947693394292,191.5872057753429,98.97988303159735,170.47507599822904,-64.9297523499659,29.95531437032864,35.0,0.12042641180762538,12.28956431025787
10.253306039000027,106.4420832329998,SAT_10094,20.019104791038316,191.35746444959054,98.97517840246954,170.4861023228621,-64.97059525232187,29.93757580928706,35.0,0.12059541750424012,12.301473321242584
10.253306039000027,106.5420832329998,SAT_10094,19.96870124856771,191.07394452319335,98.96932927571888,170.49968800271046,-65.02099879479248,29.915657844717234,35.0,0.12080403694367949,12.31616459985557
10.253306039000027,106.6420832329998,SAT_10078,19.992414552332846,191.20733185687226,98.97205027775232,170.49226799124688,-64.99728549102734,29.925367311660604,35.0,0.12071183678660957,12.309672974654466
10.253306039000027,106.74208323299979,SAT_10078,20.043160859854225,191.49277983668003,98.97791659531892,170.4785774350479,-64.94653918350596,29.94741750822194,35.0,0.12050180123872244,12.294877455441288
10.353306039000026,103.94208323299995,SAT_10078,19.83561241673364,190.3253198441267,98.95361838073322,170.53441744104305,-65.15408762662655,29.857042552276845,35.0,0.12136119934180675,12.355351538518551
10.353306039000026,104.04208323299994,SAT_10078,19.783467995903038,190.03200747695462,98.94738166154785,170.54838309032516,-65.20623204745715,29.834257350242495,35.0,0.12157726717705421,12.370529040197423
10.353306039000026,104.54208323299991,SAT_10078,19.38138635012453,187.7702982194505,98.89741442123328,170.65522247998092,-65.60831369323566,29.657500178830503,35.0,0.12324538182265922,12.487346010262577
10.353306039000026,104.64208323299991,SAT_10094,19.31092940871038,187.37397792399588,98.88834105935533,170.67480808623486,-65.67877063464981,29.626906636293484,35.0,0.1235317581534602,12.507337426554974
10.353306039000026,104.7420832329999,SAT_10094,19.431474997992197,188.05204686370612,98.90386631345042,170.64301450040614,-65.55822504536799,29.680199447796944,35.0,0.12303115061324939,12.472378842145549
10.353306039000026,104.8420832329999,SAT_10094,19.542908305015658,188.6788592157131,98.91793547589099,170.6135054889219,-65.44679173834453,29.729314775036894,35.0,0.12256866808538912,12.440032356374129
10.353306039000026,104.94208323299989,SAT_10094,19.645150317980523,189.25397053864043,98.93061230517513,170.58632955238716,-65.34454972537966,29.77425250921008,35.0,0.12214457320567679,12.41032810899691
10.353306039000026,105.04208323299989,SAT_10094,19.73812721803732,189.77696560145992,98.9419527716579,170.56153204704287,-65.25157282532287,29.815012550778107,35.0,0.12175911107334872,12.383294217984746
10.353306039000026,105.14208323299988,SAT_10094,19.82177075415062,190.24746049209722,98.95200577002738,170.5391549448479,-65.16792928920957,29.85159480946487,35.0,0.12141250805875009,12.35895664576779
10.353306039000026,105.24208323299987,SAT_10094,19.8960185974598,190.6651046107114,98.96081372447098,170.51923660630834,-65.09368144590039,29.883999204254255,35.0,0.12110497068264901,12.337339073163653
10.353306039000026,105.34208323299987,SAT_10094,19.960814671419314,191.02958252673366,98.96841310056983,170.50181156852304,-65.02888537194087,29.912225663388053,35.0,0.1208366845774841,12.318462782228407
10.353306039000026,105.44208323299986,SAT_10094,20.016109454150666,191.3406156795975,98.9748348353965,170.4869103508176,-64.97359058920952,29.936274124364132,35.0,0.12060781354035223,12.30234654921571
10.353306039000026,105.54208323299986,SAT_10094,20.06186024965281,191.59796390429705,98.98010469516045,170.47455928020074,-64.92783979370738,29.95614453393483,35.0,0.1204184986868996,12.289006548754578
10.353306039000026,105.64208323299985,SAT_10094,20.098031424791998,191.801426764455,98.98424356795684,170.46478033869727,-64.89166861856819,29.971836848105585,35.0,0.12026885771447843,12.278456270262021
10.353306039000026,105.74208323299985,SAT_10094,20.124594609331638,191.95084467749047,98.98726769765253,170.45759103438667,-64.86510543402855,29.98335103213384,35.0,0.12015898428198654,12.27070644749374
10.353306039000026,105.84208323299984,SAT_10094,20.141528856652116,192.04609981866815,98.98918886362952,170.45300429771754,-64.84817118670807,29.990687060528106,35.0,0.12008894751272743,12.2657650020059
10.353306039000026,105.94208323299983,SAT_10094,20.148820763244046,192.08711679324776,98.99001450995007,170.4510284043816,-64.84087928011614,29.99384491704735,35.0,0.12005879162543358,12.263637001156471
10.353306039000026,106.04208323299983,SAT_10094,20.146464545542358,192.0738630686758,98.98974782647169,170.45166692570393,-64.84323549781783,29.99282459470056,35.0,0.12006853569730626,12.264324631117159
10.353306039000026,106.14208323299982,SAT_10094,20.134462073168706,192.00634916157398,98.98838778348406,170.45491870717566,-64.85523797019148,29.98762609574657,35.0,0.12011817356156174,12.267827185200828
10.353306039000026,106.24208323299982,SAT_10094,20.1128228581793,191.88462857725855,98.98592912053597,170.46077787539784,-64.87687718518089,29.978249431694113,35.0,0.12020767384056447,12.274141067636592
10.353306039000026,106.34208323299981,SAT_10094,20.08156400044942,191.70879750252797,98.98236228923697,170.46923387334874,-64.90813604291077,29.964694623302126,35.0,0.12033698011419784,12.283259812749948
10.353306039000026,106.4420832329998,SAT_10094,20.040710089855153,191.47899425543523,98.97767334892845,170.480271523533,-64.94898995350503,29.94696170058027,35.0,0.12050601122169888,12.295174119330623
10.353306039000026,106.5420832329998,SAT_10094,19.99029306643594,191.19539849870216,98.97184381319366,170.49387111821883,-64.99940697692425,29.925050702789704,35.0,0.12071466169379369,12.309871899801328
10.353306039000026,106.6420832329998,SAT_10078,19.97239213285991,191.09470574733697,98.96972555095994,170.4976630362948,-65.01730791050028,29.91665885850618,35.0,0.12079472435058874,12.315509008361072
10.353306039000026,106.74208323299979,SAT_10078,20.02309481153307,191.37990831487352,98.97560533006589,170.48399384802474,-64.96660523182712,29.938702072752083,35.0,0.12058484624967718,12.300728610304784
10.353306039000026,106.84208323299978,SAT_10078,20.06422541118181,191.61126793789768,98.98033961755962,170.47288739907725,-64.92547463217838,29.956561519573476,35.0,0.12041463372289772,12.288734118951716
10.453306039000026,104.54208323299991,SAT_10078,19.312993238616258,187.38558696721645,98.888581557731,170.6732473034252,-65.67670680474393,29.627248309321306,35.0,0.12352947809463909,12.507178332545394
10.453306039000026,104.64208323299991,SAT_10094,19.32260429765391,187.43964917430324,98.88987105973195,170.671734684154,-65.66709574570628,29.63207537100767,35.0,0.12348326025637012,12.503953172303586
10.453306039000026,104.7420832329999,SAT_10094,19.443147840402816,188.11770660226586,98.90536308842528,170.6399287388334,-65.54655220295737,29.685351090286698,35.0,0.12298269193584678,12.468991862474839
10.453306039000026,104.8420832329999,SAT_10094,19.55457950441543,188.74450971233682,98.91940249606697,170.61040817468992,-65.43512053894476,29.73445066516777,35.0,0.12252024483066956,12.436642784591943
10.453306039000026,104.94208323299989,SAT_10094,19.6568202224651,189.3196137513662,98.93205280429848,170.5832215292013,-65.33287982089509,29.77937398687013,35.0,0.12209618174387347,12.406936096820044
10.453306039000026,105.04208323299989,SAT_10094,19.749796123338157,189.84260319377714,98.94336977812635,170.55841419348155,-65.23990392002203,29.820120955875947,35.0,0.12171074793160175,12.379899934484826
10.453306039000026,105.14208323299988,SAT_10094,19.833438907088265,190.31309385237148,98.9534021348699,170.53602817209457,-65.15626113627192,29.856691481927765,35.0,0.12136416990984569,12.355560276195263
10.453306039000026,105.24208323299987,SAT_10094,19.90768619977517,190.73073487373534,98.96219214638047,170.5161018556235,-65.08201384358502,29.8890854840262,35.0,0.12105665433286775,12.333940817654847
10.453306039000026,105.34208323299987,SAT_10094,19.972481883959915,191.0952105972745,98.96977614848109,170.49866980847227,-65.01721815940027,29.91730289042786,35.0,0.12078838695360904,12.31506285440226
10.453306039000026,105.44208323299986,SAT_10094,20.027776401389303,191.40624225781482,98.97618496903051,170.4837625742702,-64.96192364197088,29.941343638643506,35.0,0.12055953167590003,12.29894517466828
10.453306039000026,105.54208323299986,SAT_10094,20.073527024503406,191.66358951283166,98.98144428389851,170.4714065011246,-64.91617301885678,29.96120767543647,35.0,0.12037022970764807,12.285603963461007
10.453306039000026,105.64208323299985,SAT_10094,20.10969809369236,191.86705177701953,98.98557490836279,170.46162358876882,-64.88000194966783,29.976894956821273,35.0,0.12022059882337473,12.275052718896909
10.453306039000026,105.74208323299985,SAT_10094,20.136261217549773,192.0164693487175,98.9885930299249,170.45443135944726,-64.85343882581041,29.988405448062508,35.0,0.12011073274352935,12.26730218168214
10.453306039000026,105.84208323299984,SAT_10094,20.153195433774044,192.111724314979,98.99051038723752,170.44984275410482,-64.83650460958614,29.995739123673964,35.0,0.12004070063692404,12.26236027851835
10.453306039000026,105.94208323299983,SAT_10094,20.16048732879935,192.15274122449634,98.99133439868689,170.4478660551652,-64.82921271456084,29.998895967417944,35.0,0.1200105467514401,12.260232080062151
10.453306039000026,106.04208323299983,SAT_10094,20.158131114715076,192.13948752027233,98.991068243143,170.44850483686307,-64.83156892864511,29.997875972304886,35.0,0.12002029017686319,12.260919773910066
10.453306039000026,106.14208323299982,SAT_10094,20.146128662548023,192.07197372683262,98.9897108944414,170.45175794374873,-64.84357138081216,29.99267914059315,35.0,0.12006992474234104,12.264422652914254
10.453306039000026,106.24208323299982,SAT_10094,20.124489491497144,191.95025338967145,98.98725711026016,170.45761949764116,-64.86521055186304,29.9833054837891,35.0,0.12015941904954527,12.270737118961426
10.453306039000026,106.34208323299981,SAT_10094,20.093230714255583,191.77442276768764,98.98369737517811,170.46607893293867,-64.8964693291046,29.96975502264739,35.0,0.12028871664118763,12.27985670217213
10.453306039000026,106.4420832329998,SAT_10094,20.052376939081498,191.54462028233343,98.97901779681578,170.47712105984414,-64.93732310427869,29.952027787171495,35.0,0.12045773630311461,12.291772095302923
10.453306039000026,106.5420832329998,SAT_10094,20.001960129801404,191.26102573013287,98.97319995303995,170.49072615471246,-64.98773991355878,29.93012381661447,35.0,0.12066637249681349,12.306471202963984
10.453306039000026,106.6420832329998,SAT_10078,19.942457749999505,190.92632484374724,98.96623491674093,170.5057218135941,-65.04724229336068,29.903630546879608,35.0,0.12091866181574816,12.324232364830431
10.453306039000026,106.74208323299979,SAT_10078,19.993103138430925,191.21120515367394,98.97213616796951,170.4920823843105,-64.99659690492926,29.925666717975865,35.0,0.12070898638285467,12.30947225221179
10.453306039000026,106.84208323299978,SAT_10078,20.03418710648748,191.44230247399207,98.97688767499562,170.48100018396224,-64.95551293687271,29.943520458434893,35.0,0.12053893872919169,12.297494272616168
10.453306039000026,106.94208323299978,SAT_10078,20.065677633704595,191.61943668958835,98.98050827598469,170.47249496449473,-64.92402240965559,29.957191728747365,35.0,0.12040862463382805,12.288310549274401
10.453306039000026,107.14208323299977,SAT_10078,20.09978704524069,191.81130212947886,98.98440922392653,170.46327182066676,-64.8899129981195,29.971986747177684,35.0,0.1202674986353799,12.278360425995034
10.453306039000026,107.24208323299976,SAT_10078,20.102379028905645,191.82588203759425,98.98470478054573,170.46257050049667,-64.88732101445454,29.973110462557166,35.0,0.12025677552002516,12.277604200995023
10.553306039000026,104.94208323299989,SAT_10094,19.658648318135747,189.32989678951358,98.93228439472873,170.5827345414226,-65.33105172522444,29.78017612516429,35.0,0.12208860147424797,12.406404707491866
10.553306039000026,105.04208323299989,SAT_10094,19.751598618239186,189.85274222759543,98.9435935591247,170.55793246563576,-65.238101425121,29.82090990917052,35.0,0.12170327755224941,12.379375591103521
10.553306039000026,105.14208323299988,SAT_10094,19.835218339853,190.32310316167312,98.95361906360588,170.53555121663987,-65.15448170350719,29.857468601676054,35.0,0.12135679844769141,12.355042290095682
10.553306039000026,105.24208323299987,SAT_10094,19.909445135752463,190.74062888860763,98.96240312599825,170.51562916892368,-65.08025490760772,29.889852121697952,35.0,0.12104937072383413,12.333428489658171
10.553306039000026,105.34208323299987,SAT_10094,19.974222912724898,191.10500388407755,98.96998203618664,170.49820087227945,-65.01547713063529,29.918060397507404,35.0,0.12078118005114735,12.314555475812089
10.553306039000026,105.44208323299986,SAT_10094,20.0295021340589,191.4159495040813,98.97638658342552,170.48329685733148,-64.96019790930129,29.94209336662786,35.0,0.12055239026016758,12.298442028337499
10.553306039000026,105.54208323299986,SAT_10094,20.075240090879518,191.6732255111973,98.98164241169661,170.4709434608963,-64.91445995248067,29.961950975833446,35.0,0.1203631424952677,12.285104324922541
10.553306039000026,105.64208323299985,SAT_10094,20.111401139247775,191.87663140826874,98.98577031060518,170.46116267323168,-64.87829890411241,29.977633181147624,35.0,0.12021355447770496,12.274555857550654
10.553306039000026,105.74208323299985,SAT_10094,20.137956900285886,192.02600756410814,98.98878644780042,170.45397200900143,-64.8517431430743,29.989139947842034,35.0,0.12010371988536642,12.266807362029539
10.553306039000026,105.84208323299984,SAT_10094,20.15488642097091,192.1212361179614,98.99070254760089,170.44938440353394,-64.83481362238928,29.99647125043563,35.0,0.12003370785555209,12.261866761435417
10.553306039000026,105.94208323299983,SAT_10094,20.162176293686684,192.1622416519876,98.99152601936125,170.44740813565045,-64.8275237496735,29.999627072694015,35.0,0.12000356261594036,12.259739124101118
10.553306039000026,106.04208323299983,SAT_10094,20.159820733093483,192.14899162365086,98.99126003808786,170.4480467780286,-64.8298793102667,29.998607407629045,35.0,0.12001330324759021,12.260426636619542
10.553306039000026,106.14208323299982,SAT_10094,20.147821609386767,192.08149655280056,98.98990357886306,170.45129917572223,-64.84187843397342,29.99341225749862,35.0,0.12006292358247093,12.263928592167334
10.553306039000026,106.24208323299982,SAT_10094,20.12618843753988,191.95980996116185,98.98745140574067,170.4571594531092,-64.8635116058203,29.984041633806772,35.0,0.12015239223660094,12.270241394281273
10.553306039000026,106.34208323299981,SAT_10094,20.09493832266213,191.78402806497448,98.98389401489915,170.4656170491792,-64.89476172069806,29.97049555730394,35.0,0.1202816527784449,12.279358576044352
10.553306039000026,106.4420832329998,SAT_10094,20.054095862134304,191.55428922450545,98.97921753095623,170.4766567807181,-64.93560418122588,29.952774057987515,35.0,0.12045062403079636,12.291270834464513
10.553306039000026,106.5420832329998,SAT_10094,20.003693005704733,191.2707731570891,98.9734035544302,170.4902589325963,-64.98600703765545,29.93087717510258,35.0,0.12065920050298067,12.305966079658749
10.553306039000026,106.6420832329998,SAT_10094,19.943768875217785,190.93369992310005,98.9664289573505,170.5063993740435,-65.0459311681424,29.904804957142954,35.0,0.1209072529488832,12.323429498292972
10.553306039000026,106.74208323299979,SAT_10078,19.95321004977835,190.9868065300032,98.96749535485871,170.5028281074519,-65.03648999358184,29.908311472382483,35.0,0.12087414167985776,12.32109921683255
10.553306039000026,106.84208323299978,SAT_10078,19.994236386915816,191.21757967640147,98.97227062556394,170.4917769098198,-64.99546365644437,29.926159457203266,35.0,0.12070429532158575,12.309141908506247
10.553306039000026,106.94208323299978,SAT_10078,20.025682617068654,191.3944647210112,98.97590927601446,170.48329553746768,-64.96401742629153,29.939826320215765,35.0,0.12057413588560935,12.299974073154004
10.553306039000026,107.04208323299977,SAT_10078,20.047524176530146,191.5173234929821,98.9784256530516,170.47739914430937,-64.94217586683004,29.949312031172735,35.0,0.12048374450496716,12.293605009188445
10.553306039000026,107.14208323299977,SAT_10078,20.059743926247208,191.58605958514053,98.97982961458003,170.47409830637432,-64.92995611711298,29.95461656908111,35.0,0.12043317777025056,12.29004120204953
10.553306039000026,107.24208323299976,SAT_10078,20.062332249426703,191.6006189030252,98.9801266379492,170.4733989588331,-64.92736779393348,29.955739922201488,35.0,0.12042246742778279,12.289286289874106
10.553306039000026,107.34208323299976,SAT_10078,20.055287106508842,191.56098997411223,98.97931787987368,170.4753023605199,-64.93441293685134,29.952682088047798,35.0,0.12045162020978678,12.291341044169467
10.553306039000026,107.44208323299975,SAT_10078,20.03861404684521,191.46720401350433,98.97740018905992,170.4798050863953,-64.95108599651498,29.945443073387263,35.0,0.12052061779832214,12.296203365708639
10.553306039000026,107.54208323299974,SAT_10078,20.012326176939368,191.31933474528395,98.97436607178417,170.48689904804417,-64.97737386642082,29.934022894240574,35.0,0.12062941692337091,12.303868295693855
10.553306039000026,108.94208323299966,SAT_10078,19.21069775077366,186.81017484810187,98.87516991845833,170.7001272588389,-65.77900229258653,29.581900485304327,35.0,0.12395459031309608,12.536820928738853
10.553306039000026,116.94208323299921,SAT_10079,20.054344638386112,191.55568859092187,98.97923479381777,170.4762693442617,-64.93535540497408,29.952693159894338,35.0,0.1204514321295247,12.291327788477185
10.653306039000025,105.04208323299989,SAT_10094,19.743533277030068,189.80737468329414,98.94262541320543,170.56008774207012,-65.24616676633012,29.81737940893704,35.0,0.12173670465167172,12.381721728545362
10.653306039000025,105.14208323299988,SAT_10094,19.827107634178873,190.27748044225615,98.95265781635989,170.53772495285222,-65.16259240918131,29.853926167010908,35.0,0.12139039836123995,12.357403224978775
10.653306039000025,105.24208323299987,SAT_10094,19.901293993901888,190.69477871569813,98.96144789032671,170.5178194167472,-65.0884060494583,29.88629911559369,35.0,0.12108312451957004,12.335802623785227
10.653306039000025,105.34208323299987,SAT_10094,19.96603635226849,191.05895448151026,98.9690319625186,170.50040562705888,-65.0236636910917,29.914498182970895,35.0,0.12081506851190882,12.316941178491808
10.653306039000025,105.44208323299986,SAT_10094,20.02128525197047,191.36972954233386,98.97544085390113,170.48551406413117,-64.96841479138972,29.93852330667845,35.0,0.12058639391567037,12.300837640021332
10.653306039000025,105.54208323299986,SAT_10094,20.066998053009655,191.6268640481793,98.98070023477807,170.47317102113396,-64.92270199035053,29.95837443350112,35.0,0.12039724165607162,12.287508161061616
10.653306039000025,105.64208323299985,SAT_10094,20.10313916922496,191.8301578268904,98.98483091603455,170.46339845168916,-64.88656087413523,29.974051519471136,35.0,0.12024772927081837,12.27696621264639
10.653306039000025,105.74208323299985,SAT_10094,20.129680267930468,191.9794515071089,98.98784908183208,170.45621384115688,-64.86001977542972,29.985554529867073,35.0,0.12013795029123953,12.269222513848678
10.653306039000025,105.84208323299984,SAT_10094,20.146600430316482,192.0746274205302,98.98976646844339,170.4516301031527,-64.8430996130437,29.99288343921297,35.0,0.12006797374618972,12.264284975357793
10.653306039000025,105.94208323299983,SAT_10094,20.15388627070807,192.11561027273288,98.99059049276924,170.44965550256947,-64.83581377265212,29.996038231277673,35.0,0.12003784379384916,12.262158657566474
10.653306039000025,106.04208323299983,SAT_10094,20.151532013244235,192.1023675744988,98.99032433304755,170.45029360606696,-64.83816803011595,29.995018899074424,35.0,0.12004757948526328,12.262845743638144
10.653306039000025,106.14208323299982,SAT_10094,20.139539525055355,192.03490982843638,98.98896696331758,170.4535432606451,-64.85016051830483,29.98982544486068,35.0,0.12009717466210541,12.266345527858316
10.653306039000025,106.24208323299982,SAT_10094,20.11791830553298,191.91329046862302,98.9865131423027,170.4593986005737,-64.8717817378272,29.980457880138175,35.0,0.12018659798974,12.272654419401935
10.653306039000025,106.34208323299981,SAT_10094,20.08668543182047,191.73760555399016,98.9829533564974,170.46784908259355,-64.90301461153972,29.966916225653208,35.0,0.12031579312523781,12.281765961474141
10.653306039000025,106.4420832329998,SAT_10094,20.04586546119249,191.5079932192078,98.97827371636136,170.47887954893855,-64.9438345821677,29.949200511397176,35.0,0.12048467901857446,12.293670865607755
10.653306039000025,106.5420832329998,SAT_10094,19.99549029149135,191.22463288963885,98.97245580360213,170.49247031740063,-64.99420975186884,29.92731077660734,35.0,0.12069315034385804,12.30835706073169
10.653306039000025,106.6420832329998,SAT_10094,19.935598981296863,190.88774426979487,98.96547646654525,170.50859729731272,-65.05410106206332,29.901247069767827,35.0,0.12094107805610436,12.325809756462334
10.653306039000025,106.74208323299979,SAT_10078,19.90344755558948,190.70689250019083,98.96166421420583,170.51621127435686,-65.08625248777071,29.886636373903727,35.0,0.12108020637156049,12.33559738094601
10.653306039000025,106.84208323299978,SAT_10078,19.944405429153733,190.93728053898974,98.96646996020651,170.50519772636625,-65.04529461420645,29.90447855382194,35.0,0.12091059721263557,12.323664844449521
10.653306039000025,106.94208323299978,SAT_10078,19.975799032233084,191.1138695563111,98.97013175687505,170.49674531350195,-65.0139010111271,29.918140971811184,35.0,0.1207806200379713,12.314516049398371
10.653306039000025,107.04208323299977,SAT_10078,19.997603961437505,191.23652228308598,98.97266410299098,170.49086908670657,-64.99209608192268,29.927623597629566,35.0,0.12069035548109423,12.308160237364577
10.653306039000025,107.14208323299977,SAT_10078,20.009803189874617,191.30514294304473,98.97407696058616,170.48757954994693,-64.97989685348557,29.932926410287727,35.0,0.12063985978347676,12.304603854042892
10.653306039000025,107.24208323299976,SAT_10078,20.012387163793633,191.31967779633922,98.97437586477035,170.48688259788128,-64.97731287956655,29.93404939804834,35.0,0.1206291644953383,12.303850515238288
10.653306039000025,107.34208323299976,SAT_10078,20.005353857014313,191.2801154457055,98.97356198444717,170.48877948074534,-64.98434618634587,29.93099255842578,35.0,0.12065827630729181,12.305900987719015
10.653306039000025,107.44208323299975,SAT_10078,19.98870878249143,191.1864869015143,98.97163213510852,170.4932667968902,-65.00099126086876,29.92375589818607,35.0,0.12072717701459551,12.310753185150034
10.653306039000025,107.54208323299974,SAT_10078,19.96246496086792,191.03886540488205,98.96857874395573,170.50033651307217,-65.02723508249227,29.912339433347064,35.0,0.12083582361438355,12.31840217915277
10.653306039000025,107.64208323299974,SAT_10078,19.92664284640354,190.8373660110199,98.96438976666785,170.509976012234,-65.06305719695665,29.896743189178842,35.0,0.1209841485348583,12.32884022536662
10.653306039000025,107.74208323299973,SAT_10078,19.881270211163127,190.58214493779258,98.95904855418483,170.52216816818702,-65.10842983219706,29.876967200204373,35.0,0.121172059994055,12.34205680422036
10.753306039000025,105.14208323299988,SAT_10094,19.80911325108599,190.17626203735867,98.95051481105367,170.5425453975913,-65.1805867922742,29.84606418567631,35.0,0.121464948288792,12.36264063207041
10.753306039000025,105.24208323299987,SAT_10094,19.883239311695235,190.59322112828568,98.95932290595071,170.5226685672144,-65.10646073166495,29.878426473480115,35.0,0.12115789411729533,12.341060743813372
10.753306039000025,105.34208323299987,SAT_10094,19.947928807558583,190.95709954251703,98.96692243570456,170.50527999787948,-65.0417712358016,29.90661625460483,35.0,0.12089003052057531,12.322217462006368
10.753306039000025,105.44208323299986,SAT_10094,20.00313241827085,191.26761985277355,98.97334432362788,170.49041008261358,-64.98656762508934,29.930633466598657,35.0,0.12066152064411877,12.306129488430301
10.753306039000025,105.54208323299986,SAT_10094,20.048807622586153,191.5245428770471,98.97861432482074,170.47808503879298,-64.94089242077403,29.950478056256802,35.0,0.12047250503925665,12.292812933198592
10.753306039000025,105.64208323299985,SAT_10094,20.08491893395984,191.7276690035241,98.98275331861225,170.46832675642167,-64.90478110940035,29.966149979620123,35.0,0.12032310093060726,12.282281231668184
10.753306039000025,105.74208323299985,SAT_10094,20.111438099347765,191.8768393088312,98.98577754220426,170.46115266997376,-64.87826194401242,29.977649201974018,35.0,0.12021340159954781,12.274545074413135
10.753306039000025,105.84208323299984,SAT_10094,20.128344258928934,191.97193645647525,98.98769877023,170.45657565536095,-64.86135578443125,29.984975697847517,35.0,0.12014347589000135,12.269612351027822
10.753306039000025,105.94208323299983,SAT_10094,20.13562406485717,192.01288536482159,98.98852444378791,170.45460395329113,-64.85407597850302,29.988129451012657,35.0,0.12011336784164173,12.267488108382901
10.753306039000025,106.04208323299983,SAT_10094,20.133271757615006,191.99965363658444,98.98825775147436,170.45524111997352,-64.85642828574518,29.98711045448405,35.0,0.12012309645433833,12.268174523801381
10.753306039000025,106.14208323299982,SAT_10094,20.121289199048448,191.93225174464754,98.98689766398559,170.458486005787,-64.86841084431174,29.981918710518713,35.0,0.12017265558631057,12.271670893457141
10.753306039000025,106.24208323299982,SAT_10094,20.099685861681806,191.81073297196016,98.98443892295582,170.46433276218036,-64.89001418167838,29.972554230616115,35.0,0.12026201398706445,12.277973636127063
10.753306039000025,106.34208323299981,SAT_10094,20.06847877444423,191.6351931062488,98.98087198381693,170.47277087671534,-64.92122126891596,29.95901703551849,35.0,0.12039111546476389,12.287076312254332
10.753306039000025,106.4420832329998,SAT_10094,20.02769242545959,191.4057698932102,98.97618291157538,170.48378523581806,-64.9620076179006,29.941307155211348,35.0,0.12055987918627814,12.298969658107609
10.753306039000025,106.5420832329998,SAT_10094,19.97735862307823,191.12264225481508,98.97035322747905,170.49735621444728,-65.01234142028196,29.919424628924247,35.0,0.12076820010676707,12.313641634652154
10.753306039000025,106.6420832329998,SAT_10094,19.917516316802875,190.78602928201616,98.9633597035563,170.5134597915766,-65.07218372655731,29.893369505131798,35.0,0.12101594952434708,12.331077490588166
10.753306039000025,106.74208323299979,SAT_10094,19.848211380228094,190.39618901378304,98.9551741009208,170.5320676900716,-65.1414886631321,29.8631418415549,35.0,0.12130297575414332,12.351259838861225
10.753306039000025,106.84208323299978,SAT_10078,19.884734060843314,190.60162909224366,98.95946208063104,170.52123807331012,-65.10496598251687,29.878477795677767,35.0,0.12115771276812767,12.3410479921164
10.753306039000025,106.94208323299978,SAT_10078,19.916066863150505,190.7778761052216,98.96315228399408,170.51281963175458,-65.07363318020968,29.892135730929212,35.0,0.12102794497054321,12.331921334413774
10.753306039000025,107.04208323299977,SAT_10078,19.93782947156427,190.90029077754903,98.96570422793656,170.5069670610863,-65.05187057179592,29.901615245432723,35.0,0.12093782611196269,12.325580930030373
10.753306039000025,107.14208323299977,SAT_10078,19.950004990243144,190.96877807011768,98.9671280029024,170.50369078105174,-65.03969505311704,29.906916318202583,35.0,0.12088741202583121,12.322033178242037
10.753306039000025,107.24208323299976,SAT_10078,19.95258393909357,190.98328465740136,98.96742921522907,170.5029966389644,-65.03711610426662,29.9080389375035,35.0,0.12087673403317956,12.321281668772556
10.753306039000025,107.34208323299976,SAT_10078,19.94556430756927,190.94379923007716,98.9666090488512,170.50488587500968,-65.04413573579092,29.904983100850274,35.0,0.12090579877599125,12.323327162855518
10.753306039000025,107.44208323299975,SAT_10078,19.928951566098092,190.8503525593018,98.96466427830214,170.50935511487583,-65.0607484772621,29.89774881500777,35.0,0.12097458818182,12.328167589212212
10.753306039000025,107.54208323299974,SAT_10078,19.902758635003664,190.7030173218956,98.96158723326906,170.51639638979697,-65.08694140835652,29.886336095991048,35.0,0.12108305956002577,12.335798054990585
10.753306039000025,107.64208323299974,SAT_10078,19.867005811292145,190.50190768851834,98.95736571400616,170.52599718376243,-65.12269423206804,29.870744969065814,35.0,0.12123114582862775,12.346210871542803
10.753306039000025,107.74208323299973,SAT_10078,19.82172065418098,190.247178679768,98.95198285594027,170.53814050730512,-65.16797938917921,29.850975468749045,35.0,0.12141875586941744,12.359395594753712
10.753306039000025,107.84208323299973,SAT_10078,19.766937830728068,189.9390252978454,98.94541694077652,170.55280499696127,-65.22276221263212,29.82702763880987,35.0,0.12164577500766834,12.375339079473045
10.753306039000025,107.94208323299972,SAT_10078,19.70269892338159,189.57768144402147,98.93764115029737,170.56996503918427,-65.2870011199786,29.798901532270705,35.0,0.12191206561153645,12.394025547453502
10.853306039000024,105.04208323299989,SAT_10094,19.697832355098114,189.5503069974269,98.93709380963219,170.57228880813074,-65.29186768826207,29.797360088202495,35.0,0.12192614121941966,12.395012827114414
10.853306039000024,105.14208323299988,SAT_10094,19.78124949321662,190.0195283993435,98.94718158257724,170.55000373447965,-65.20845055014357,29.833882674859254,35.0,0.12158040093494968,12.37074908958822
10.853306039000024,105.24208323299987,SAT_10094,19.855295537283794,190.43603739722133,98.95601983896309,170.53016771071012,-65.1344045060764,29.866234212566688,35.0,0.12127363176609,12.349197376166881
10.853306039000024,105.34208323299987,SAT_10094,19.91991485514697,190.7995210602017,98.9636452339346,170.5128149928114,-65.06978518821322,29.894414629638245,35.0,0.12100601792487631,12.330378807115196
10.853306039000024,105.44208323299986,SAT_10094,19.975058320138658,191.10970305077996,98.97008886473009,170.4979758498993,-65.01464172322153,29.918423863634175,35.0,0.1207777219479009,12.314312015008511
10.853306039000024,105.54208323299986,SAT_10094,20.020683579062208,191.36634513222492,98.97537663049492,170.48567639179382,-64.96901646429798,29.93826186135995,35.0,0.12058888385947991,12.301013050004627
10.853306039000024,105.64208323299985,SAT_10094,20.056755286339722,191.56924848566095,98.97952952678727,170.47593841822328,-64.93294475702046,29.953928578864925,35.0,0.12043962044295599,12.29049529721914
10.853306039000024,105.74208323299985,SAT_10094,20.083245301624572,191.7182548216382,98.98256388085595,170.4687792914561,-64.90645474173562,29.96542398144118,35.0,0.12033002462744152,12.282769407093262
10.853306039000024,105.84208323299984,SAT_10094,20.100132848568165,191.81324727319594,98.98449153244557,170.46421183390316,-64.88956719479202,29.972748043622673,35.0,0.12026016499624419,12.27784323951528
10.853306039000024,105.94208323299983,SAT_10094,20.107404632853488,191.8541510598009,98.98531996372071,170.46224425195518,-64.8822954105067,29.975900749184564,35.0,0.1202300854220386,12.275721822314038
10.853306039000024,106.24208323299982,SAT_10094,20.071505989026363,191.6522211882733,98.98122078040858,170.4719527493691,-64.91819405433382,29.960330702515378,35.0,0.12037859112057715,12.28619341635952
10.853306039000024,106.34208323299981,SAT_10094,20.040333169936133,191.47687408089075,98.97764187817192,170.48037328382887,-64.94936687342405,29.94679800416518,35.0,0.12050757088720113,12.295284022873167
10.853306039000024,106.4420832329998,SAT_10094,19.999591491647536,191.2477021405174,98.97293703001294,170.49136474670058,-64.99010855171265,29.929094006683133,35.0,0.1206761758818056,12.307161635813396
10.853306039000024,106.5420832329998,SAT_10094,19.94931263587216,190.9648835767809,98.96708765452395,170.5049075940636,-65.04038740748803,29.907218749291218,35.0,0.1208843014556585,12.321814261259968
10.853306039000024,106.6420832329998,SAT_10094,19.88953539775713,190.62863661238387,98.96007039414829,170.52097790371462,-65.10016464560306,29.8811722804547,35.0,0.12113181939047366,12.339227202952669
10.853306039000024,106.74208323299979,SAT_10094,19.820305470115414,190.2392182693992,98.95185685164718,170.5395475141867,-65.16939457324477,29.850954657883328,35.0,0.12141857856889816,12.359383138372516
10.853306039000024,106.84208323299978,SAT_10078,19.81526953095171,190.2108911116034,98.95121802420755,170.5398688283048,-65.17443051240848,29.848157239602433,35.0,0.12144548572059304,12.361273437985512
10.853306039000024,106.94208323299978,SAT_10078,19.846533541602597,190.3867511715146,98.95494209771513,170.5314892523104,-65.14316650175759,29.861810654410156,35.0,0.12131595384635362,12.352171950011009
10.853306039000024,107.04208323299977,SAT_10078,19.86824826618708,190.50889649730232,98.95751740803155,170.52566374552623,-65.1214517771731,29.871287031428498,35.0,0.12122599916367252,12.345849063911702
10.853306039000024,107.14208323299977,SAT_10078,19.880396958144416,190.57723288956234,98.95895419946783,170.52240263176168,-65.10930308521577,29.876586349675314,35.0,0.12117567704085157,12.342311126088545
10.853306039000024,107.24208323299976,SAT_10078,19.882970221283855,190.59170749472167,98.95925816370456,170.52171170439868,-65.10672982207633,29.877708597417307,35.0,0.1211650185376569,12.341561696557307
10.853306039000024,107.34208323299976,SAT_10078,19.875966062866453,190.5523091036238,98.95843050268547,170.52359219217544,-65.11373398049373,29.874653772169705,35.0,0.12119403024063731,12.343601530247357
10.853306039000024,107.44208323299975,SAT_10078,19.859389904879592,190.45906821494773,98.95646794186956,170.52804075191875,-65.1303101384806,29.86742188069621,35.0,0.12126269422815614,12.348428573029897
10.853306039000024,107.54208323299974,SAT_10078,19.833254553372853,190.3120568627223,98.95336269410302,170.53504948831102,-65.15644548998733,29.85601293900917,35.0,0.12137096816550003,12.356037972519985
10.853306039000024,107.64208323299974,SAT_10078,19.797580126220623,190.11138820999102,98.94910237339913,170.54460600044848,-65.19211991713956,29.840426972369986,35.0,0.12151878552907787,12.366422103531985
10.853306039000024,107.74208323299973,SAT_10078,19.752393940170563,189.8572159134594,98.94366985691836,170.5566934546164,-65.23730610318962,29.82066401528976,35.0,0.12170605595739287,12.379570607905585
10.853306039000024,107.84208323299973,SAT_10078,19.697730358514022,189.54973326664137,98.9370430923895,170.57129068238822,-65.29196968484617,29.796724111530175,35.0,0.12193266572518281,12.39547044826294
10.853306039000024,107.94208323299972,SAT_10078,19.633630601164484,189.18917213155024,98.92919484706961,170.5883723028553,-65.3560694421957,29.768607314104617,35.0,0.12219847833590286,12.414105975109106
10.853306039000024,108.04208323299972,SAT_10078,19.5601425193381,188.77580167127684,98.92009239306586,170.6079088675241,-65.42955752402209,29.736313685279537,35.0,0.12250333522659204,12.43545900655095
10.853306039000024,116.24208323299925,SAT_10079,19.86363017530249,190.4829197360765,98.95699631523601,170.5276127223035,-65.1260698680577,29.869685745504636,35.0,0.12124097607249389,12.346901915186345
10.853306039000024,116.64208323299923,SAT_10079,20.083255161692563,191.71831028452067,98.98255374010864,170.46845620073594,-64.90644488166762,29.965238908339785,35.0,0.1203318168677186,12.282895772403752
10.853306039000024,116.84208323299922,SAT_10079,20.135830714007312,192.01404776629113,98.98853789608623,170.45422721473176,-64.85386932935288,29.98802879917257,35.0,0.12011433821783386,12.267556575575849
10.953306039000024,105.44208323299986,SAT_10094,19.937085582401807,190.89610640101014,98.96566158621975,170.50819740801347,-65.05261446095838,29.901894524473498,35.0,0.12093492309727695,12.325376654321142
10.953306039000024,105.54208323299986,SAT_10094,19.982648682486712,191.15239883898775,98.97097438652578,170.4959310352717,-65.00705136087348,29.92172587551268,35.0,0.12074630296618771,12.31209989814827
10.953306039000024,105.64208323299985,SAT_10094,20.01867109400989,191.35502490380566,98.97514687343701,170.4862193230713,-64.9710289493503,29.937387343918395,35.0,0.12059721232277104,12.301599757874621
10.953306039000024,105.74208323299985,SAT_10094,20.04512482181363,191.50382712270167,98.97819550205884,170.47907954053062,-64.94457522154656,29.948878894989313,35.0,0.12048774364310971,12.293886832362155
10.953306039000024,106.24208323299982,SAT_10094,20.033401599387588,191.43788399655517,98.9768460873647,170.4822444197183,-64.9562984439726,29.943787322553217,35.0,0.12053625376791152,12.297305093039597
10.953306039000024,106.34208323299981,SAT_10094,20.002271436880918,191.26277683245516,98.97325032788909,170.49064222144733,-64.98742860647927,29.930259158301247,35.0,0.12066508405996185,12.30638045927323
10.953306039000024,106.4420832329998,SAT_10094,19.96158535717305,191.0339176340984,98.96852324850236,170.50160407697075,-65.02811468618714,29.91256109250835,35.0,0.12083349414946326,12.318238207575286
10.953306039000024,106.5420832329998,SAT_10094,19.911374878825598,190.751483693394,98.96264612202773,170.5151105470187,-65.07832516453459,29.89069316438907,35.0,0.12104137989711054,12.332866402007827
10.953306039000024,106.6420832329998,SAT_10094,19.851678598122888,190.41569211444124,98.9555954068703,170.53113783687945,-65.1380214452373,29.864655422399476,35.0,0.12128861370660107,12.35025041705072
10.953306039000024,106.74208323299979,SAT_10094,19.7825419749595,190.0267986091472,98.94734248085314,170.54965793431634,-65.20715806840069,29.83444792423837,35.0,0.12157504519056005,12.370373013132149
10.953306039000024,106.84208323299978,SAT_10078,19.73606624065738,189.76537260369776,98.9417031209074,170.56105648018914,-65.25363380270281,29.813516951874014,35.0,0.12177373600808762,12.384320538379603
10.953306039000024,106.94208323299978,SAT_10078,19.76725367654784,189.94080193058159,98.94546677334334,170.55272053044914,-65.22244636681235,29.827165808540617,35.0,0.12164446595479027,12.375247178949037
10.953306039000024,107.04208323299977,SAT_10078,19.788915099163248,190.06264743279326,98.9480693875436,170.54692540215012,-65.20078494419694,29.836639021909402,35.0,0.12155469347352482,12.368943870482699
10.953306039000024,107.14208323299977,SAT_10078,19.801033928711746,190.1308158490036,98.94952138857023,170.54368131194184,-65.18866611464844,29.841936571001742,35.0,0.12150447341235554,12.365416900295989
10.953306039000024,107.24208323299976,SAT_10078,19.803600862732424,190.1452548528699,98.94982856835271,170.54299399296727,-65.18609918062776,29.843058444086285,35.0,0.12149383653884553,12.364669795207934
10.953306039000024,107.34208323299976,SAT_10078,19.796613928378946,190.1059533471316,98.9489921499888,170.54486466117896,-65.19308611498124,29.84000463867868,35.0,0.12152278937754482,12.366703303103408
10.953306039000024,107.44208323299975,SAT_10078,19.78007849352494,190.01294152607778,98.9470088012928,170.54929000818387,-65.20962154983525,29.832775161541495,35.0,0.12159131417548398,12.371515389017379
10.953306039000024,107.54208323299974,SAT_10078,19.754007236561023,189.86629070565576,98.94387059786001,170.5562622207029,-65.23569280679916,29.821370028684413,35.0,0.12169936899602825,12.379101245784652
10.953306039000024,107.64208323299974,SAT_10078,19.718420075241227,189.6661129232319,98.93956493491464,170.56576902640637,-65.27127996811896,29.80578926536462,35.0,0.12184688794012508,12.389453319137088
10.953306039000024,107.74208323299973,SAT_10078,19.673344055421467,189.41256031174575,98.93407438618493,170.5777937655626,-65.31635598793872,29.786032906087453,35.0,0.12203378149266966,12.402561346970906
10.953306039000024,107.84208323299973,SAT_10078,19.618813200999142,189.10582425562018,98.9273765069661,170.5923154876249,-65.37088684236105,29.762100994607298,35.0,0.12225993699045001,12.418412412353003
10.953306039000024,107.94208323299972,SAT_10078,19.5548683268038,188.7461343382714,98.91944357735531,170.60930907158846,-65.43483171655639,29.73399358392869,35.0,0.12252521920693336,12.436991009689699
10.953306039000024,108.04208323299972,SAT_10078,19.48155681659037,188.33375709332086,98.91024228033022,170.62874536868267,-65.50814322676982,29.70171073630768,35.0,0.12282947104804333,12.458279123346799
10.953306039000024,108.14208323299971,SAT_10078,19.39893236865055,187.86899457365936,98.89973330784579,170.65059136572214,-65.59076767470964,29.665252523253425,35.0,0.12317251435206786,12.482256317888869
11.053306039000024,106.24208323299982,SAT_10094,19.985403498514614,191.16789467914472,98.9712974132905,170.49518876396718,-65.00429654484557,29.922924126890077,35.0,0.12073490020903686,12.311297007559437
11.053306039000024,106.34208323299981,SAT_10094,19.95432425899206,190.99307395683036,98.96767978383775,170.50355875880234,-65.03537578436813,29.90940053407797,35.0,0.12086355364222531,12.320354006001537
11.053306039000024,106.4420832329998,SAT_10094,19.913704547144718,190.76458807768904,98.96292386117632,170.51448439784863,-65.07599549621547,29.891708448826282,35.0,0.12103173314167844,12.332187814051435
11.053306039000024,106.5420832329998,SAT_10094,19.863575682695853,190.48261321516415,98.9570107279408,170.52794636946874,-65.12612436066433,29.86984791034225,35.0,0.12123933518859303,12.346786566349266
11.053306039000024,106.6420832329998,SAT_10094,19.803976019556487,190.14736511000527,98.94991660238549,170.54392103444715,-65.1857240238037,29.843818967072917,35.0,0.12148623294430905,12.364135723485155
11.053306039000024,106.74208323299979,SAT_10094,19.734950733729008,189.75909787722568,98.94161256876696,170.56238056256558,-65.25474930963118,29.813621676706326,35.0,0.12177227691070441,12.384218146861231
11.053306039000024,106.84208323299978,SAT_10094,19.656551576513195,189.31810261788672,98.93206424419813,170.5832930913822,-65.33314846684699,29.779256106173015,35.0,0.12209729570099573,12.407014185936829
11.053306039000024,106.94208323299978,SAT_10078,19.678288746990646,189.4403742018224,98.9346858065555,170.57647561419458,-65.31141129636954,29.788201269055328,35.0,0.12201327767168942,12.401123673558597
11.053306039000024,107.04208323299977,SAT_10078,19.699891610598854,189.56189030961858,98.9373198629139,170.57071407547733,-65.28980843276133,29.79767129261601,35.0,0.1219237049133844,12.394841944986622
11.053306039000024,107.14208323299977,SAT_10078,19.711977632412655,189.6298741823212,98.93878937836118,170.56748880804975,-65.27772241094753,29.802967057925695,35.0,0.12187359672964083,12.391327064093845
11.053306039000024,107.24208323299976,SAT_10078,19.714537613067648,189.64427407350553,98.93910026093093,170.56680547881535,-65.27516243029254,29.804088553254953,35.0,0.12186298356613498,12.390582521166003
11.053306039000024,107.34208323299976,SAT_10078,19.707569601597896,189.60507900898818,98.93825375821997,170.56866528966748,-65.28213044176229,29.80103577611984,35.0,0.1218918718791209,12.392609056335534
11.053306039000024,107.44208323299975,SAT_10078,19.691078906356324,189.51231884825432,98.93624647128227,170.57306497045712,-65.29862113700386,29.793808733281818,35.0,0.12196024410142882,12.397404655727128
11.053306039000024,107.54208323299974,SAT_10078,19.665078065314844,189.36606411739604,98.9330703167509,170.57999679811755,-65.32462197804534,29.78240744074795,35.0,0.12206805873494636,12.404964561940789
11.053306039000024,107.64208323299974,SAT_10078,19.62958677609845,189.1664256155538,98.92871243643246,170.58944864170738,-65.36011326726174,29.76683192377129,35.0,0.12221525056863337,12.415281298757016
11.053306039000024,107.74208323299973,SAT_10078,19.584631786571023,188.913553799462,98.92315505255885,170.60140403282838,-65.40506825678916,29.747082216851535,35.0,0.12240173101984349,12.428344709792478
11.053306039000024,107.84208323299973,SAT_10078,19.530246747258758,188.6076379533305,98.91637526576426,170.61584226055737,-65.45945329610143,29.72315836373591,35.0,0.12262738859548421,12.444142010684475
11.053306039000024,107.94208323299972,SAT_10078,19.46647202731687,188.2489051536574,98.9083447916377,170.63273848975558,-65.52322801604332,29.695060417420276,35.0,0.12289208946837385,12.46265785423964
11.053306039000024,108.04208323299972,SAT_10078,19.39335449614822,187.83761904083374,98.89902963034459,170.65206390134858,-65.59634554721197,29.662788440150496,35.0,0.12319567816306182,12.48387440785082
11.053306039000024,108.14208323299971,SAT_10078,19.310947273132854,187.3740784113723,98.88838966226142,170.6737858529397,-65.67875277022733,29.626342503424024,35.0,0.12353797834438893,12.507771442367277
11.053306039000024,108.2420832329997,SAT_10078,19.219309448237965,186.85861564633856,98.87637816076868,170.69786805791324,-65.77039059512222,29.58572268799171,35.0,0.12391879370119288,12.534326431499496
11.053306039000024,108.3420832329997,SAT_10078,19.118505776530412,186.2915949929836,98.86294121122394,170.72427078102012,-65.87119426682978,29.540929083859897,35.0,0.12433790891682245,12.563514660752723
11.053306039000024,108.44208323299969,SAT_10078,19.008606349817455,185.6734107177232,98.84801702259992,170.7529510483047,-65.98109369354273,29.491961790292695,35.0,0.12479509071751888,12.595309344813188
11.053306039000024,114.34208323299936,SAT_10078,19.22291238710966,186.87888217749185,98.8768540476768,170.69692265928649,-65.76678765625053,29.587321559307675,35.0,0.12390381768664901,12.533282738585065
11.153306039000023,106.04208323299983,SAT_10094,19.96093446716567,191.0302563778069,98.968454129191,170.50177931630853,-65.02876557619452,29.912277803102636,35.0,0.12083618865500786,12.318427874333617
11.153306039000023,106.14208323299982,SAT_10094,19.949023906395183,190.9632594734729,98.96706451811207,170.504985295913,-65.040676136965,29.907093043376737,35.0,0.12088549679538642,12.321898387633354
11.153306039000023,106.24208323299982,SAT_10094,19.9275502060989,190.84246990930632,98.96455232473711,170.51076202210328,-65.06214983726129,29.89774116113063,35.0,0.12097440318345212,12.328154573105182
11.153306039000023,106.34208323299981,SAT_10094,19.89653000617524,190.66798128473573,98.96090765799997,170.51909923223033,-65.09317003718495,29.884222177090948,35.0,0.12110285283929305,12.337190129206272
11.153306039000023,106.4420832329998,SAT_10094,19.855987236785552,190.43992820691872,98.95611607571894,170.52998217086898,-65.13371280657464,29.86653612122067,35.0,0.12127076666967157,12.348995990256643
11.153306039000023,106.5420832329998,SAT_10094,19.805952984126762,190.15848553571306,98.95015842420109,170.54339167632918,-65.18374705923343,29.844683032719857,35.0,0.12147804188463376,12.363560373739473
11.153306039000023,106.6420832329998,SAT_10094,19.746465317441135,189.8238674106064,98.94301062325299,170.55930429208655,-65.24323472591905,29.818662960026675,35.0,0.12172455253550704,12.380868841323663
11.153306039000023,106.74208323299979,SAT_10094,19.677569079277376,189.43632607093525,98.93464339224529,170.5776924017888,-65.31213096408281,29.78847596081861,35.0,0.12201015016882849,12.400904372943785
11.153306039000023,106.84208323299978,SAT_10094,19.599315641421157,188.996150482994,98.92502191157803,170.59852438622215,-65.39038440193903,29.754122102013934,35.0,0.12233466458965879,12.423647453141164
11.153306039000023,106.94208323299978,SAT_10078,19.57970676193949,188.88585053590964,98.92255211500472,170.60271266276746,-65.4099932814207,29.744917121139277,35.0,0.12242216352683147,12.42977557626568
11.153306039000023,107.04208323299977,SAT_10078,19.601245985496504,189.00700866841785,98.92522198757993,170.5969878117486,-65.38845405786368,29.75438392873906,35.0,0.12233280746075906,12.423517367393398
11.153306039000023,107.14208323299977,SAT_10078,19.613296352961157,189.0747919854065,98.92671145346701,170.5937831029509,-65.37640369039903,29.759677895641136,35.0,0.1222828206605752,12.420015662428682
11.153306039000023,107.24208323299976,SAT_10078,19.615848776935024,189.08914937025952,98.92702655378677,170.59310413136922,-65.37385126642516,29.760799010117957,35.0,0.12227223322174595,12.419273911952157
11.153306039000023,107.34208323299976,SAT_10078,19.608901330214763,189.05006998245804,98.92616856421796,170.59495208363433,-65.38079871314542,29.757747269685975,35.0,0.12230105152622074,12.421292847670859
11.153306039000023,107.44208323299975,SAT_10078,19.592459256512157,188.95758331788088,98.92413400929026,170.59932373111462,-65.39724078684803,29.75052268110557,35.0,0.12236925820897682,12.426070478629992
11.153306039000023,107.54208323299974,SAT_10078,19.566534941298954,188.8117590448066,98.92091462341756,170.6062114486774,-65.42316510206123,29.739125260381236,35.0,0.12247681224901563,12.433602101516033
11.153306039000023,107.64208323299974,SAT_10078,19.53114784312038,188.61270661755213,98.91649725788801,170.61560325887964,-65.45855220023981,29.723555032761986,35.0,0.12262364918388441,12.443880324938272
11.153306039000023,107.74208323299973,SAT_10078,19.48632438617777,188.36057467224995,98.91086373192852,170.627482901055,-65.50337565718242,29.703812032741986,35.0,0.12280968144554401,12.456895107423845
11.153306039000023,107.84208323299973,SAT_10078,19.43209781543149,188.0555502118021,98.90399062480276,170.64182992446177,-65.5576022279287,29.679896304061444,35.0,0.12303479881419399,12.47263380871418
11.153306039000023,107.94208323299972,SAT_10078,19.368508015890953,187.69785758938662,98.89584900463798,170.65861980437998,-65.62119202746923,29.651807899707727,35.0,0.12329886898551533,12.491081253811478
11.153306039000023,108.04208323299972,SAT_10078,19.295601298147545,187.28775730207994,98.88640408826622,170.67782407978837,-65.69409874521264,29.619546881916715,35.0,0.12360173824572301,12.51221980909527
11.153306039000023,108.14208323299971,SAT_10078,19.213430152552192,186.82554460810607,98.87561482475564,170.69941051102182,-65.776269890808,29.583113322174388,35.0,0.12394323224785274,12.536029469712707
11.153306039000023,108.2420832329997,SAT_10078,19.122052974739958,186.31154798291226,98.86343339343563,170.72334325561232,-65.86764706862023,29.542507301218638,35.0,0.12432315688185028,12.562487957344695
11.153306039000023,108.3420832329997,SAT_10078,19.02153376545482,185.74612743068337,98.84980460500869,170.7495830603521,-65.96816627790537,29.497728909041356,35.0,0.12474129923030396,12.591570827364311
11.153306039000023,108.44208323299969,SAT_10078,18.96477582837518,185.4268640346104,98.84200092298843,170.7643590418061,-66.024924214985,29.472394219776966,35.0,0.12497749779078832,12.607981895165073
11.253306039000023,105.94208323299983,SAT_10094,19.895532817058694,190.66237209595513,98.96079440053336,170.51936709385996,-65.0941672263015,29.883787402452434,35.0,0.12110698239961956,12.337480552494364
11.253306039000023,106.04208323299983,SAT_10094,19.893199720783883,190.64924842940937,98.96051951170264,170.51999376594355,-65.0965003225763,29.88277012646638,35.0,0.12111664430739094,12.338160038791747
11.253306039000023,106.14208323299982,SAT_10094,19.881314967513305,190.58239669226236,98.9591175963187,170.52318522961468,-65.10838507584688,29.877587148594316,35.0,0.12116586381018782,12.341621131016325
11.253306039000023,106.24208323299982,SAT_10094,19.859887732863655,190.46186849735804,98.95658312510005,170.52893582703834,-65.12981231049653,29.868238480325008,35.0,0.12125461058192627,12.347860353201279
11.253306039000023,106.34208323299981,SAT_10094,19.828934512895287,190.287756635036,98.9529060609149,170.53723538799545,-65.1607655304649,29.85472414238137,35.0,0.1213828300908678,12.356871454759954
11.253306039000023,106.4420832329998,SAT_10094,19.78847903145629,190.06019455194163,98.94807174774127,170.54806928959846,-65.2012210119039,29.837044164720993,35.0,0.12155044388724165,12.368645443139192
11.253306039000023,106.5420832329998,SAT_10094,19.738552107697927,189.77935560580084,98.94206074725352,170.5614185416399,-65.25114793566226,29.815198586536887,35.0,0.12175735001510798,12.38317063054414
11.253306039000023,106.6420832329998,SAT_10094,19.679191485312828,189.44545210488465,98.93484861976022,170.57725989653935,-65.31050855804736,29.789187456258517,35.0,0.12200342354425772,12.400432694222271
11.253306039000023,106.74208323299979,SAT_10094,19.610441625485365,189.05873414335517,98.92640564503544,170.59556598255847,-65.37925841787482,29.75901083155299,35.0,0.12228851721677828,12.420414749652565
11.253306039000023,106.84208323299978,SAT_10094,19.532353465922697,188.61948824581515,98.91669647725061,170.61630545870537,-65.45734657743749,29.724668779326546,35.0,0.1226124622018417,12.44309743585683
11.253306039000023,106.94208323299978,SAT_10078,19.47158189131359,188.27764813863894,98.9090114447664,170.6313860833726,-65.5181181520466,29.697313459430063,35.0,0.12287087736827644,12.461174650735778
11.253306039000023,107.04208323299977,SAT_10078,19.49305258326153,188.3984207808461,98.91172178231373,170.62570089664487,-65.49664746009866,29.706777024921834,35.0,0.12278175436697951,12.454941834008642
11.253306039000023,107.14208323299977,SAT_10078,19.505064556037595,188.4659881277115,98.91323378748925,170.6225184141611,-65.48463548732259,29.712069178794522,35.0,0.12273189812193443,12.451454353834077
11.253306039000023,107.24208323299976,SAT_10078,19.507608842549843,188.48029973934288,98.91355365281493,170.6218441536899,-65.48209120081034,29.713189909322423,35.0,0.12272133835152586,12.450715618091351
11.253306039000023,107.34208323299976,SAT_10078,19.50068354112706,188.44134491883972,98.91268268591472,170.62367928547138,-65.48901650223313,29.710139214022377,35.0,0.1227500813576984,12.452726349426428
11.253306039000023,107.44208323299975,SAT_10078,19.484293826025336,188.3491527713925,98.91061732426553,170.62802062546103,-65.50540621733485,29.70291709965371,35.0,0.12281810999308466,12.457484581534445
11.253306039000023,107.54208323299974,SAT_10078,19.45845191885482,188.20379204355837,98.90734909498143,170.63486065370284,-65.53124812450537,29.691523582218398,35.0,0.12292538375041459,12.464985669270495
11.253306039000023,107.64208323299974,SAT_10078,19.423177021257743,188.0053707445748,98.9028645188142,170.64418755761196,-65.56652302210244,29.67595868696149,35.0,0.12307183897330123,12.475222312478683
11.253306039000023,107.74208323299973,SAT_10078,19.378495209623438,187.75403555413183,98.89714495641205,170.65598529964095,-65.61120483373675,29.65622244837174,35.0,0.12325738918627767,12.488184593281261
11.253306039000023,107.84208323299973,SAT_10078,19.324439293051398,187.44997102341412,98.89016639366798,170.67023370852434,-65.66526075030879,29.63231491018248,35.0,0.12348192554077785,12.50386002642617
11.253306039000023,107.94208323299972,SAT_10078,19.261048636189386,187.0933985785653,98.88189916167474,170.68690859301526,-65.7286514071708,29.604236125372765,35.0,0.12374531737263084,12.522233622155671
11.253306039000023,108.04208323299972,SAT_10078,19.1883689489472,186.68457533782802,98.8723075853313,170.7059818767831,-65.80133109441299,29.57198615616869,35.0,0.12404741286559581,12.543287960932973
11.253306039000023,108.14208323299971,SAT_10078,19.106452045425115,186.22379275551626,98.86134955296592,170.72742175291518,-65.88324799793507,29.535565074044996,35.0,0.12438803981451671,12.567003279250379
11.253306039000023,108.2420832329997,SAT_10078,19.032979216053633,185.81050809030168,98.85138542952882,170.74659991239415,-65.95672082730655,29.502833317772648,35.0,0.12469367723849002,12.588260555446569
11.253306039000023,108.3420832329997,SAT_10078,19.075381612780703,186.04902157189144,98.85715170588463,170.73553782856146,-65.91431843057948,29.521730850052993,35.0,0.12451727465868176,12.575994177412333
11.253306039000023,108.44208323299969,SAT_10078,19.108540931583434,186.23554274015683,98.86163095128983,170.72687579035627,-65.88115911177675,29.53649476413156,35.0,0.12437935201214992,12.566398733539883
11.253306039000023,108.54208323299969,SAT_10078,19.132433617469843,186.36993909826788,98.86484222356682,170.72062825854835,-65.85726642589034,29.547125027177596,35.0,0.1242799875741929,12.5594832069454
11.253306039000023,108.64208323299968,SAT_10078,19.147042617263523,186.45211472210732,98.86679908466672,170.7168057048964,-65.84265742609666,29.553621615553066,35.0,0.1242192379986873,12.555254098754661
11.253306039000023,108.74208323299968,SAT_10078,19.152357470435447,186.4820107711994,98.86750975760313,170.7154145539033,-65.83734257292474,29.555984514812074,35.0,0.12419713803107728,12.553715395802458
11.353306039000023,105.94208323299983,SAT_10094,19.818028121477,190.22640818330814,98.95161118314401,170.54015760668716,-65.17167192188319,29.84995968260608,35.0,0.12142801346886631,12.360045984333244
11.353306039000023,106.04208323299983,SAT_10094,19.81570068026221,190.21331632647497,98.95133346704546,170.54078106863446,-65.17399936309798,29.84894275915763,35.0,0.12143765601932005,12.360723397601836
11.353306039000023,106.14208323299982,SAT_10094,19.803844716973344,190.14662653297503,98.94991712343963,170.54395619113635,-65.18585532638684,29.843761577450145,35.0,0.12148677696692387,12.364173935733731
11.353306039000023,106.24208323299982,SAT_10094,19.78246931743108,190.02638991054982,98.94735652835413,170.549677374065,-65.20723072592911,29.834416148970362,35.0,0.12157534626550337,12.37039415456897
11.353306039000023,106.34208323299981,SAT_10094,19.75159081652764,189.85269834296795,98.9436414724734,170.55793455075644,-65.23810922683255,29.820906494437544,35.0,0.12170330988602336,12.379377860627617
11.353306039000023,106.4420832329998,SAT_10094,19.711232706934652,189.62568397650742,98.93875704767736,170.5687132468163,-65.27846733642554,29.803232643803987,35.0,0.1218705901004988,12.391116143312736
11.353306039000023,106.5420832329998,SAT_10094,19.661425508557002,189.34551848563314,98.93268348004605,170.58199466417707,-65.32827453480319,29.781394636255794,35.0,0.12207708588856249,12.40559742099335
11.353306039000023,106.6420832329998,SAT_10094,19.602206600261283,189.01241212646974,98.92539590596347,170.59775578938581,-65.3874934430989,29.75539252021387,35.0,0.12232267346256163,12.4228075004644
11.353306039000023,106.74208323299979,SAT_10094,19.533620015823047,188.62661258900462,98.91686408673581,170.61596952482415,-65.45608002753714,29.72522635333515,35.0,0.12260720690590794,12.44272964914223
11.353306039000023,106.84208323299978,SAT_10094,19.45571620641799,188.1884036611012,98.9070520557652,170.6366048413111,-65.5339838369422,29.690896202514047,35.0,0.12293051891835176,12.465344679226769
11.353306039000023,106.94208323299978,SAT_10094,19.36855177231965,187.69810371929805,98.89591769073967,170.65962695031456,-65.62114827104054,29.652402143884185,35.0,0.12329242166091099,12.490631042949254
11.353306039000023,107.04208323299977,SAT_10078,19.375391542156763,187.7365774246318,98.89675743722101,170.65680410868183,-65.61430850120342,29.654850685262776,35.0,0.12327027941120396,12.489084798373161
11.353306039000023,107.14208323299977,SAT_10078,19.387362492919692,187.80391402267327,98.89829474760613,170.65364544778774,-65.6023375504405,29.660141011487433,35.0,0.12322056253568262,12.485612551604516
11.353306039000023,107.24208323299976,SAT_10078,19.389898085153092,187.81817672898615,98.89861996260825,170.652976236531,-65.5998019582071,29.6612613549706,35.0,0.12321003230171185,12.484877044344982
11.353306039000023,107.34208323299976,SAT_10078,19.38299644437012,187.77935499958193,98.89773442598917,170.6547976277107,-65.60670359899007,29.658211713229495,35.0,0.12323869492585611,12.486878989583001
11.353306039000023,107.44208323299975,SAT_10078,19.366662670878313,187.68747752369052,98.89563447674686,170.65910648472493,-65.62303737248187,29.650992093022406,35.0,0.12330653349302788,12.49161644728633
11.353306039000023,107.54208323299974,SAT_10078,19.340908811819858,187.54261206648673,98.89231140747258,170.66589539953569,-65.64879123154033,29.639602510348855,35.0,0.1234135080442155,12.499084834309283
11.353306039000023,107.64208323299974,SAT_10078,19.30575379529577,187.34486509853872,98.8877513649377,170.6751527349881,-65.68394624806442,29.624042990450004,35.0,0.12355955578331243,12.509276947743011
11.353306039000023,107.74208323299973,SAT_10078,19.261223327331578,187.0943812162401,98.88193519086163,170.68686269097935,-65.72847671602861,29.604313567809307,35.0,0.12374459140097724,12.522183001457575
11.353306039000023,107.84208323299973,SAT_10078,19.20734975286615,186.7913423598721,98.87483819954835,170.70100539368985,-65.78235029049404,29.580414286153374,35.0,0.12396850751230419,12.537790675445248
11.353306039000023,107.94208323299972,SAT_10078,19.144171882341425,186.4359668381705,98.86642988770126,170.71755700682561,-65.84552816101876,29.552345198453107,35.0,0.12423117520398898,12.55608517744227
11.353306039000023,108.04208323299972,SAT_10078,19.071734785837577,186.0285081703364,98.8566735701846,170.73648986357807,-65.91796525752261,29.52010636692503,35.0,0.12453244468565758,12.577049316183917
11.353306039000023,108.14208323299971,SAT_10078,19.11552708728091,186.2748398659551,98.86258670999867,170.72504956404197,-65.87417295607928,29.539603696474906,35.0,0.1243502968541313,12.564376791658077
11.353306039000023,108.2420832329997,SAT_10078,19.167301531964327,186.56607111729934,98.8695190175291,170.71150160578597,-65.82239851139586,29.562626680482374,35.0,0.12413500161215772,12.549388584480104
11.353306039000023,108.3420832329997,SAT_10078,19.209835067319034,186.8053222536696,98.87516707053442,170.70035353886374,-65.77986497604115,29.581517546476306,35.0,0.12395817635473799,12.537070807298981
11.353306039000023,108.44208323299969,SAT_10078,19.24309731732221,186.99242240993743,98.87955481216493,170.6916240183347,-65.74660272603798,29.596276252444724,35.0,0.12381992198363388,12.52743503816437
11.353306039000023,108.54208323299969,SAT_10078,19.26706437633159,187.12723711686522,98.88270066221311,170.68532773034744,-65.7226356670286,29.606902765566502,35.0,0.12372031787808462,12.520490384369577
11.353306039000023,108.64208323299968,SAT_10078,19.281718936589826,187.20966901831778,98.88461773010633,170.6814753103426,-65.70798110677036,29.61339706221053,35.0,0.12365942149254426,12.51624343714576
11.353306039000023,108.74208323299968,SAT_10078,19.287050381107505,187.2396583937297,98.88531396509566,170.68007328343998,-65.70264966225268,29.615759127935156,35.0,0.1236372680640978,12.514698238683755
11.353306039000023,108.84208323299967,SAT_10078,19.283054840878023,187.21718347993888,98.88479224675838,170.68112402770652,-65.70664520248216,29.613988957487795,35.0,0.12365387043242432,12.515856261831015
11.353306039000023,108.94208323299966,SAT_10078,19.26973521577213,187.14226058871824,98.8830504176759,170.68462576073978,-65.71996482758806,29.608086554804807,35.0,0.12370921897408313,12.519716402678998
11.453306039000022,105.94208323299983,SAT_10094,19.73081897210372,189.73585671808345,98.94113799784392,170.56348411493582,-65.25888107125647,29.811812343234436,35.0,0.12178940250226383,12.385419897052829
11.453306039000022,106.04208323299983,SAT_10094,19.72849775474451,189.72279987043788,98.9408570176163,170.56410401916057,-65.26120228861568,29.810795775131734,35.0,0.12179902380066261,12.386095020786188
11.453306039000022,106.14208323299982,SAT_10094,19.71667347713712,189.6562883088963,98.93942401622876,170.5672610310239,-65.27302656622307,29.80561640389622,35.0,0.12184803654670748,12.389533902548699
11.453306039000022,106.24208323299982,SAT_10094,19.695355126094455,189.53637258428134,98.936833259766,170.57294961400882,-65.29434491726573,29.79627424101265,35.0,0.12193641100328596,12.395733133266281
11.453306039000022,106.34208323299981,SAT_10094,19.664558858803574,189.3631435807701,98.9330743389834,170.58115981560238,-65.32514118455661,29.78276930719669,35.0,0.12206409369643748,12.404686582454486
11.453306039000022,106.4420832329998,SAT_10094,19.62430791302539,189.13673201076782,98.92813205301303,170.59187732510765,-65.3653921303348,29.765101632395453,35.0,0.12223100769518953,12.41638542992742
11.453306039000022,106.5420832329998,SAT_10094,19.57463247867983,188.85730769257407,98.92198623817893,170.60508355628008,-65.41506756468036,29.74327125578825,35.0,0.12243705301231267,12.43081821117621
11.453306039000022,106.6420832329998,SAT_10094,19.515569532302408,188.52507861920105,98.9146115384453,170.62075575379862,-65.47413051105778,29.717278225787602,35.0,0.12268210712194823,12.447970875924804
11.453306039000022,106.74208323299979,SAT_10094,19.447162636279373,188.1402898290715,98.90597711276415,170.63886712229757,-65.54253740708081,29.687122600040443,35.0,0.12296602558893799,12.467826859234744
11.453306039000022,106.84208323299978,SAT_10094,19.369461705136302,187.70322209139172,98.8960462731685,170.65938697644398,-65.62023833822388,29.6528044454296,35.0,0.1232886428036504,12.490367164405844
11.453306039000022,106.94208323299978,SAT_10094,19.282522741485238,187.2141904208545,98.88477604582184,170.68228091032546,-65.70717730187495,29.614323838075485,35.0,0.12364977281517604,12.515570456809792
11.453306039000022,107.04208323299977,SAT_10078,19.2483483629389,187.02195954153132,98.88025848840385,170.69024498547137,-65.74135168042129,29.59860502331841,35.0,0.1237980982284973,12.525913620039837
11.453306039000022,107.14208323299977,SAT_10078,19.26027578326554,187.0890512808687,98.88182407435919,170.68711166535803,-65.72942426009465,29.60389350727948,35.0,0.12374852915941624,12.522457572856673
11.453306039000022,107.24208323299976,SAT_10078,19.26280214961494,187.103262091584,98.88215526690402,170.68644782528565,-65.72689789374525,29.605013460622747,35.0,0.12373803024987626,12.521725498832463
11.453306039000022,107.34208323299976,SAT_10078,19.255925616212906,187.06458159119762,98.88125345051644,170.68825459964455,-65.73377442714728,29.601964880865804,35.0,0.12376660762602544,12.523718100742506
11.453306039000022,107.44208323299975,SAT_10078,19.239651205257715,186.97303802957467,98.87911485323728,170.6925289019108,-65.75004883810247,29.594747774765924,35.0,0.12383424461875871,12.528433466338825
11.453306039000022,107.54208323299974,SAT_10078,19.213990779604785,186.8286981352769,98.875730503403,170.69926344218206,-65.7757092637554,29.583362158320213,35.0,0.12394090184968015,12.535867078043877
11.453306039000022,107.64208323299974,SAT_10078,19.178962978403277,186.63166675351843,98.87108612634529,170.7084467684908,-65.81073706495691,29.567808056766044,35.0,0.12408651743377498,12.546011835798373
11.453306039000022,107.74208323299973,SAT_10078,19.13459311642322,186.3820862798806,98.86516197890688,170.72006333140249,-65.85510692693697,29.548085504581675,35.0,0.12427100729678067,12.558858092819387
11.453306039000022,107.84208323299973,SAT_10078,19.080913048214867,186.08013589620865,98.85793261829417,170.73409357113874,-65.90878699514532,29.52419454548714,35.0,0.1244942656041253,12.574393703889601
11.453306039000022,107.94208323299972,SAT_10078,19.10892305736445,186.23769219767502,98.86171340738684,170.72677591162665,-65.88077698599574,29.536664829561406,35.0,0.12437776273833188,12.566288141192159
11.453306039000022,108.04208323299972,SAT_10078,19.17926169186684,186.633347016751,98.87112585364437,170.70836850116882,-65.81043835149335,29.567940759778544,35.0,0.124085275527155,12.545925334575905
11.453306039000022,108.14208323299971,SAT_10078,19.24041408805779,186.97732924532505,98.87921523807354,170.69232859269954,-65.7492859553024,29.595086153110216,35.0,0.12383107392431487,12.528212441788757
11.453306039000022,108.2420832329997,SAT_10078,19.29233685780244,187.2693948251387,98.8860163371698,170.67868282567292,-65.69736318555775,29.6181009491769,35.0,0.12361530209729667,12.513166006964424
11.453306039000022,108.3420832329997,SAT_10078,19.33499281129967,187.50933456356066,98.89155796966705,170.66745404506324,-65.65470723206052,29.636985096789562,35.0,0.12343808354952844,12.500800200237313
11.453306039000022,108.44208323299969,SAT_10078,19.36835115316393,187.6969752365471,98.89586333578163,170.65866117563837,-65.62134889019626,29.651738553948405,35.0,0.12329952050065593,12.491126748005643
11.453306039000022,108.54208323299969,SAT_10078,19.392387646467938,187.83218051138218,98.89895028624304,170.65231911669824,-65.59731239689225,29.66236128784181,35.0,0.12319969336942413,12.4841548746664
11.453306039000022,108.64208323299968,SAT_10078,19.40708474291769,187.91485167891202,98.90083152680263,170.64843865849525,-65.5826153004425,29.668853274845524,35.0,0.12313866036417687,12.479891256428601
11.453306039000022,108.74208323299968,SAT_10078,19.412431677688517,187.9449281869979,98.90151476247276,170.6470264213176,-65.57726836567167,29.67121450052207,35.0,0.12311645718498558,12.478339987691147
11.453306039000022,108.84208323299967,SAT_10078,19.408424527846478,187.92238796913645,98.90100278445757,170.64808481795154,-65.58127551551371,29.669444959620385,35.0,0.12313309684034972,12.479502560342203
11.453306039000022,108.94208323299966,SAT_10078,19.395066233684204,187.84724756447366,98.89929350154377,170.6516120399702,-65.59463380967598,29.663544656075697,35.0,0.12318856958029047,12.483377856201205
11.553306039000022,105.94208323299983,SAT_10094,19.633972413843523,189.1910948278698,98.92932947408468,170.58930535664015,-65.35572762951666,29.76934546774423,35.0,0.12219092733109416,12.413576813289652
11.553306039000022,106.04208323299983,SAT_10094,19.631657970450462,189.17807608378388,98.92904476852006,170.5899213675545,-65.35804207290973,29.768329257794772,35.0,0.12220052554126805,12.414249437608733
11.553306039000022,106.14208323299982,SAT_10094,19.619868179146152,189.11175850769712,98.92759275548343,170.59305856035985,-65.36983186421404,29.763151711335322,35.0,0.1222494207374602,12.417675594452046
11.553306039000022,106.24208323299982,SAT_10094,19.598611919003076,188.9921920443923,98.92496757480207,170.59871146773446,-65.39108812435711,29.75381283984868,35.0,0.1223375835194642,12.423851912951863
11.553306039000022,106.34208323299981,SAT_10094,19.567905153821698,188.81946649024704,98.92115858761946,170.6068702613432,-65.42179488953849,29.740312664046996,35.0,0.12246496101841825,12.43277233122387
11.553306039000022,106.4420832329998,SAT_10094,19.52777084394816,188.59371099720838,98.91615025682296,170.61752080857093,-65.46192919941203,29.722651213872293,35.0,0.12263147717222812,12.444428127541158
11.553306039000022,106.5420832329998,SAT_10094,19.4782388201605,188.3150933634028,98.90992197100809,170.63064475362677,-65.51146122319969,29.700828528497222,35.0,0.12283703312002556,12.458807964950124
11.553306039000022,106.6420832329998,SAT_10094,19.419345621079117,187.98381911857004,98.90244780837762,170.64621962204814,-65.57035442228107,29.674844656326073,35.0,0.12308150771170472,12.475897948847303
11.553306039000022,106.74208323299979,SAT_10094,19.35113429596086,187.60013041477984,98.89369623566803,170.6642189473649,-65.63856574739933,29.644699654995975,35.0,0.12336475812747796,12.495681696902928
11.553306039000022,106.84208323299978,SAT_10094,19.273654175096354,187.16430473491698,98.88362973572156,170.6846124184453,-65.71604586826383,29.61039359137838,35.0,0.12368662060138085,12.518140420595522
11.553306039000022,106.94208323299978,SAT_10094,19.186960610357346,186.67665343326007,98.87220435562335,170.70736604582837,-65.80273943300284,29.57192654158075,35.0,0.12404691124174952,12.543253017513477
11.553306039000022,107.04208323299977,SAT_10078,19.112013475971494,186.25507580233963,98.86214484844558,170.72596810000869,-65.8776865673887,29.538040162106476,35.0,0.12436490969995131,12.565393719786535
11.553306039000022,107.14208323299977,SAT_10078,19.123894981361957,186.321909270161,98.86374191588642,170.72286156067779,-65.86580506199823,29.543326789191457,35.0,0.12431549647890926,12.561954794032985
11.553306039000022,107.24208323299976,SAT_10078,19.126411616497393,186.33606534279784,98.86407976360842,170.72220339696867,-65.8632884268628,29.54444634930031,35.0,0.12430503059798628,12.561226348596449
11.553306039000022,107.34208323299976,SAT_10078,19.11956156571968,186.29753380717318,98.86315982183591,170.72399472397777,-65.87013847764051,29.541398839950993,35.0,0.12433351808822724,12.56320907552551
11.553306039000022,107.44208323299975,SAT_10078,19.103349769300777,186.20634245231687,98.86097819394385,170.72823250766612,-65.88635027405941,29.53418426789978,35.0,0.12440094253926146,12.567901091753804
11.553306039000022,107.54208323299974,SAT_10078,19.077787896795627,186.0625569194754,98.85752561134484,170.7349095819512,-65.91191214656456,29.52280264914143,35.0,0.12450726518342314,12.575297948571363
11.553306039000022,107.64208323299974,SAT_10078,19.042894284253933,185.86628034892837,98.85278732577201,170.7440146889727,-65.94680575910625,29.507254008909594,35.0,0.12465242509408858,12.585392653949068
11.553306039000022,107.74208323299973,SAT_10078,19.055634715184482,185.9379452729127,98.85452077666183,170.74069148707883,-65.9340653281757,29.512932765517075,35.0,0.12459942097270213,12.581707185641251
11.553306039000022,107.84208323299973,SAT_10078,19.144419670852088,186.437360648543,98.86649290681842,170.7174921608778,-65.8452803725081,29.552455376556395,35.0,0.12423014483285072,12.556013443353834
11.553306039000022,107.94208323299972,SAT_10078,19.224101189400443,186.8855691903775,98.8770794584434,170.6966106957806,-65.76559885395974,29.58784907992365,35.0,0.1238988763598483,12.53293836174293
11.553306039000022,108.04208323299972,SAT_10078,19.294623505689273,187.28225721950216,98.88632705347135,170.67808130874198,-65.69507653767091,29.619113796876157,35.0,0.12360580097962938,12.51250322482546
11.553306039000022,108.14208323299971,SAT_10078,19.35593664008482,187.62714360047713,98.8942756475896,170.6619346867723,-65.63376340327537,29.64624945786233,35.0,0.1233510847602795,12.494727089605108
11.553306039000022,108.2420832329997,SAT_10078,19.407996656627617,187.91998119353036,98.9009590146725,170.64819782159944,-65.58170338673257,29.669256002519948,35.0,0.12313487359268478,12.479626694060386
11.553306039000022,108.3420832329997,SAT_10078,19.450765893281456,188.16055814970818,98.90640514792914,170.6368938620551,-65.53893415007873,29.68813337967465,35.0,0.12295729246246648,12.46721637523582
11.553306039000022,108.44208323299969,SAT_10078,19.484213161763677,188.34869903492068,98.91063658655153,170.62804198584712,-65.50548688159651,29.70288154733868,35.0,0.12281844482008654,12.457507998267983
11.553306039000022,108.54208323299969,SAT_10078,19.508313914745003,188.48426577044063,98.91367067484481,170.62165729219026,-65.48138612861518,29.713500472709814,35.0,0.12271841205518344,12.450510897079551
11.553306039000022,108.64208323299968,SAT_10078,19.523050378543417,188.5671583793067,98.91551975926379,170.61775071654432,-65.46664966481677,29.719990132170572,35.0,0.12265725308026523,12.446231827362768
11.553306039000022,108.74208323299968,SAT_10078,19.528411649804312,188.59731553014925,98.91619132741123,170.6163289684649,-65.46128839355588,29.72235051128761,35.0,0.1226350040278663,12.444674932350706
11.553306039000022,108.84208323299967,SAT_10078,19.524393755059364,188.57471487220894,98.91568809182154,170.6173944933059,-65.46530628830082,29.720581604811372,35.0,0.12265167806417954,12.4458417217421
11.553306039000022,108.94208323299966,SAT_10078,19.5109996724797,188.4993731576983,98.91400802021754,170.62094545822902,-65.47870037088049,29.71468341667596,35.0,0.12270726532102812,12.449731064006407
11.653306039000022,105.84208323299984,SAT_10078,19.623864205543157,189.13423615618026,98.92805440789323,170.59097155049056,-65.36583583781703,29.76431917684442,35.0,0.12223898621295813,12.416944477957928
11.653306039000022,106.04208323299983,SAT_10078,19.57624981971452,188.86640523589418,98.92216524355719,170.60363107394562,-65.41345022364567,29.743397242843457,35.0,0.1224365057038356,12.430779886839675
11.653306039000022,106.14208323299982,SAT_10078,19.538394352983644,188.65346823553304,98.91744919962025,170.6136809620926,-65.45130569037654,29.726744658060085,35.0,0.12259357791470876,12.44177580842933
11.653306039000022,106.24208323299982,SAT_10094,19.492312686558208,188.39425886188994,98.9117066853381,170.62691805947918,-65.49738735680198,29.707032038328453,35.0,0.12277862163918085,12.454722714012066
11.653306039000022,106.34208323299981,SAT_10094,19.461702426408664,188.22207614854872,98.90784104723313,170.6350211825351,-65.52799761695152,29.69353665782995,35.0,0.12290567051338261,12.463607421732997
11.653306039000022,106.4420832329998,SAT_10094,19.42169387924112,187.9970280707313,98.90275798141855,170.64559921315237,-65.56800616411907,29.675881481064852,35.0,0.12307175828118115,12.475216673750372
11.653306039000022,106.5420832329998,SAT_10094,19.372316489225483,187.71928025189334,98.89643636628574,170.65863404349972,-65.6173835541347,29.65406654719929,35.0,0.12327678729664432,12.489539270537634
11.653306039000022,106.6420832329998,SAT_10094,19.313606323535538,187.3890355698874,98.88884963520617,170.6741035013352,-65.67609371982465,29.628091904629468,35.0,0.12352063789372407,12.506561485225207
11.653306039000022,106.74208323299979,SAT_10094,19.245605878948908,187.00653306908762,98.8799654657739,170.69198147413928,-65.74409416441128,29.597957610982913,35.0,0.123803168995341,12.526267132259566
11.653306039000022,106.84208323299978,SAT_10094,19.168363856642685,186.5720466936151,98.86974539527553,170.71223805353782,-65.8213361867175,29.563663733119913,35.0,0.1241242188247562,12.548637647474845
11.653306039000022,106.94208323299978,SAT_10094,19.081934907661662,186.08588385559685,98.85814435396819,170.7348396983678,-65.90776513569853,29.52521034713523,35.0,0.12448360571241784,12.573652178753528
11.653306039000022,107.04208323299977,SAT_10094,18.986379351808324,185.54838385392182,98.8451101056678,170.75974941455928,-66.00332069155186,29.482597538360004,35.0,0.1248811289906986,12.601287686361895
11.653306039000022,107.14208323299977,SAT_10078,18.978315130135073,185.5030226070098,98.84395769115139,170.7608369438863,-66.01138491322511,29.47844098970877,35.0,0.12492114765059747,12.604067811396998
11.653306039000022,107.24208323299976,SAT_10078,18.980821555880837,185.5171212518297,98.84430292897575,170.76018474439283,-66.00887848747935,29.479560153489327,35.0,0.1249107164154091,12.60334318016044
11.653306039000022,107.34208323299976,SAT_10078,18.973999289082116,185.47874600108693,98.84336286014221,170.76195984066914,-66.01570075427807,29.47651372296936,35.0,0.12493910961875959,12.605315526959535
11.653306039000022,107.44208323299975,SAT_10078,18.957853184614194,185.38792416345487,98.84113344821036,170.76615925333908,-66.031846858746,29.469301704904183,35.0,0.12500631112079177,12.609982999190297
11.653306039000022,107.54208323299974,SAT_10094,18.9652997190679,185.42981091975696,98.84220476008817,170.7652334426699,-66.02440032429229,29.473183175708755,35.0,0.1249688491845018,12.607381208146638
11.653306039000022,107.64208323299974,SAT_10078,19.06294277548305,185.97905311209217,98.85552956106649,170.73878459818042,-65.92675726787714,29.51618933447287,35.0,0.12456901875675336,12.579592985412841
11.653306039000022,107.74208323299973,SAT_10078,19.16099736923367,186.5306102019394,98.8687222959691,170.71315253278104,-65.82870267412652,29.559824988968938,35.0,0.12416121331673939,12.551213916997677
11.653306039000022,107.84208323299973,SAT_10078,19.249990704919682,187.03119771517322,98.88050082559818,170.68981362102417,-65.7397093384405,29.599333315968863,35.0,0.12379127264977305,12.525437760735418
11.653306039000022,107.94208323299972,SAT_10078,19.329860822421466,187.48046712612074,98.89091756266346,170.66880587338653,-65.65983922093872,29.63471422756185,35.0,0.12345940282987376,12.502288172284182
11.653306039000022,108.04208323299972,SAT_10078,19.4005513206193,187.87810117848358,98.90001788258284,170.65016391553772,-65.58914872274089,29.665967645027536,35.0,0.12316579128933894,12.481786660941372
11.653306039000022,108.14208323299971,SAT_10078,19.46201164554718,188.2238155062029,98.90784068180835,170.63391880389585,-65.52768839781301,29.693093498834042,35.0,0.12291060590254646,12.46395248684865
11.653306039000022,108.2420832329997,SAT_10078,19.514197352996717,188.51736011060652,98.91441884548556,170.62009785733278,-65.47550269036347,29.716091728636254,35.0,0.12269399415452366,12.448802567512416
11.653306039000022,108.3420832329997,SAT_10078,19.557070342764945,188.7585206780528,98.91977963487628,170.608724506892,-65.43262970059524,29.734962283274317,35.0,0.12251608240203742,12.436351394575519
11.653306039000022,108.44208323299969,SAT_10078,19.59059906198374,188.94711972365855,98.92394500294671,170.59981816522446,-65.39910098137645,29.749705120772358,35.0,0.12237697523423638,12.426610961690105
11.653306039000022,108.54208323299969,SAT_10078,19.614758675267723,189.08301754838098,98.92693184480106,170.59339411724963,-65.37494136809246,29.76032020833745,35.0,0.12227675493903237,12.419590704241248
11.653306039000022,108.64208323299968,SAT_10078,19.629531199760876,189.16611299865494,98.92875218815294,170.58946343332093,-65.36016884359931,29.766807522358803,35.0,0.12221548108045785,12.415297451556722
11.653306039000022,108.74208323299968,SAT_10078,19.63490560353908,189.19634401990731,98.92941332771771,170.5880329059245,-65.3547944398211,29.76916704840716,35.0,0.12219319019119378,12.413735392112558
11.653306039000022,108.84208323299967,SAT_10078,19.630877866232808,189.17368799755954,98.92891790623017,170.5891050106699,-65.35882217712738,29.76739878123445,35.0,0.12220989558334473,12.414906052108584
11.653306039000022,108.94208323299966,SAT_10078,19.617451001168703,189.098161881574,98.92726394370432,170.59267789204,-65.37224904219148,29.761502724773663,35.0,0.12226558727936651,12.418808287645781
11.653306039000022,109.04208323299966,SAT_10078,19.594635038772083,188.96982209309297,98.92444481551603,170.598745374073,-65.3950650045881,29.751478892138934,35.0,0.1223602320638426,12.425438290590213
11.653306039000022,109.14208323299965,SAT_10078,19.56244697142249,188.7887642142515,98.92044917887347,170.607296995848,-65.4272530719377,29.73732730562588,35.0,0.12249377365558753,12.434789608059992
11.753306039000021,106.04208323299983,SAT_10078,19.673049190424678,189.4109016961388,98.93409567623637,170.57787236322284,-65.31665085293551,29.78590359189772,35.0,0.122035004206778,12.402647077403612
11.753306039000021,106.4420832329998,SAT_10078,19.465338410778216,188.24252856062748,98.90827185767392,170.63303848673385,-65.52436163258197,29.694560542191287,35.0,0.12289679542234055,12.462986892617057
11.753306039000021,106.5420832329998,SAT_10078,19.39023351358091,187.82006351389262,98.89870768793969,170.6528877034949,-65.59946652977928,29.66140955742854,35.0,0.12320863928863572,12.484779744424264
11.753306039000021,106.6420832329998,SAT_10078,19.305956205935104,187.34600365838494,98.88782744008812,170.67509946673366,-65.68374383742508,29.624132617479155,35.0,0.12355871481308066,12.509218273357492
11.753306039000021,106.74208323299979,SAT_10078,19.21256610607665,186.8206843466812,98.87558373946835,170.69963717003372,-65.77713393728354,29.582729805292054,35.0,0.12394682390433531,12.536279748637531
11.753306039000021,106.84208323299978,SAT_10078,19.110128299984112,186.24447168741062,98.86192207366639,170.72646088077403,-65.87957174337608,29.537201213005012,35.0,0.12437275011478668,12.565939325492263
11.753306039000021,106.94208323299978,SAT_10078,18.998713016488495,185.61776071774779,98.84678010086884,170.7555275477821,-65.9909870268717,29.487546941946935,35.0,0.12483625967881788,12.598170161357706
11.753306039000021,107.04208323299977,SAT_10094,18.97499015659713,185.48431963085883,98.84355937328243,170.76271289736263,-66.01470988676306,29.47751164144932,35.0,0.12492852249367489,12.604580108356076
11.753306039000021,107.14208323299977,SAT_10094,19.020747067121818,185.74170225256023,98.84984044214941,170.75079981399497,-65.96895297623837,29.497935686012532,35.0,0.12473813245287291,12.59135071580307
11.753306039000021,107.24208323299976,SAT_10094,19.057317793816466,185.94741259021762,98.85482387967846,170.7412648413039,-65.93238224954372,29.514242309415064,35.0,0.12458599736957142,12.58077372028533
11.753306039000021,107.34208323299976,SAT_10094,19.084676614977923,186.1013059592508,98.8585309508881,170.73412376535632,-65.90502342838226,29.526431475337535,35.0,0.1244722027439062,12.572858935619568
11.753306039000021,107.44208323299975,SAT_10094,19.102804185466468,186.20327354324886,98.86097734288266,170.72938846199327,-65.88689585789372,29.534503156632134,35.0,0.12439681286093786,12.567613739671646
11.753306039000021,107.54208323299974,SAT_10094,19.111687638871672,186.25324296865315,98.86217334673212,170.72706683134334,-65.87801240448852,29.538457335321933,35.0,0.12435987046737489,12.565043037999734
11.753306039000021,107.64208323299974,SAT_10078,19.15864279817039,186.51736573970845,98.86842286015325,170.71376905267738,-65.8310572451898,29.55877845587108,35.0,0.12417100346791404,12.551895644915584
11.753306039000021,107.74208323299973,SAT_10078,19.256902989682914,187.07007931696637,98.8814212284038,170.68799782599092,-65.73279705367727,29.602398213741047,35.0,0.12376254581210473,12.5234348956153
11.753306039000021,107.84208323299973,SAT_10078,19.346084702656213,187.5717264524412,98.89302778099844,170.66453148261309,-65.64361534070397,29.641892147739973,35.0,0.12339200763502906,12.497583998195832
11.753306039000021,107.94208323299972,SAT_10078,19.42612534166865,188.02195504688618,98.90329364880259,170.64340844130467,-65.56357470169154,29.677260169981704,35.0,0.12305959701636487,12.474366833352203
11.753306039000021,108.04208323299972,SAT_10078,19.496967922327627,188.42044456309293,98.91226310798709,170.62466370293922,-65.49273212103256,29.70850220176793,35.0,0.12276550322335708,12.45380511663791
11.753306039000021,108.14208323299971,SAT_10078,19.55856136386187,188.76690767172303,98.9199741206108,170.60832866310105,-65.43113867949832,29.73561817358626,35.0,0.12250989578252452,12.435918294201004
11.753306039000021,108.2420832329997,SAT_10078,19.61086075581983,189.06109175148654,98.92645878761627,170.59443094105845,-65.37883928754036,29.758608025108483,35.0,0.1222929236371226,12.420723447953273
11.753306039000021,108.3420832329997,SAT_10078,19.653827596005527,189.3027802275311,98.93174372424855,170.58299422701884,-65.33587244735466,29.77747170518906,35.0,0.1221147143982619,12.408235211126614
11.753306039000021,108.44208323299969,SAT_10078,19.687429997035423,189.49179373332427,98.9358503659667,170.57403814940818,-65.30227004632476,29.79220917186388,35.0,0.12197537369684726,12.398465695083603
11.753306039000021,108.54208323299969,SAT_10078,19.71164285920858,189.62799108304824,98.93879521126641,170.56757816371115,-65.2780571841516,29.8028203923492,35.0,0.12187498464264276,12.391424428147026
11.753306039000021,108.64208323299968,SAT_10078,19.726448007724997,189.71127004345308,98.94059000640412,170.56362546418353,-65.26325203563519,29.809305343040833,35.0,0.12181360739580063,12.387118307096687
11.753306039000021,108.74208323299968,SAT_10078,19.73183429267729,189.74156789630976,98.94124187575636,170.56218691948766,-65.2578657506829,29.811664009513564,35.0,0.12179127885513046,12.385551561853676
11.753306039000021,108.84208323299967,SAT_10078,19.72779765065583,189.71886178493904,98.94075340041532,170.5632650330249,-65.26190239270436,29.809896386520794,35.0,0.12180801246624615,12.386725733734009
11.753306039000021,108.94208323299966,SAT_10078,19.714341127248417,189.64316884077232,98.93912264657536,170.56685792844638,-65.27535891611177,29.804002477994405,35.0,0.12186379815153228,12.390639667508252
11.753306039000021,109.04208323299966,SAT_10078,19.691474860175063,189.51454608848474,98.93634314426981,170.57295936051366,-65.29822518318512,29.793982297044867,35.0,0.12195860236264108,12.397289517353686
11.753306039000021,109.14208323299965,SAT_10078,19.659216023248618,189.33309013077348,98.93240381603871,170.58155875118393,-65.33048402011157,29.77983586596155,35.0,0.12209236825498712,12.406668766634203
11.853306039000021,106.4420832329998,SAT_10078,19.552111722418104,188.73062843860183,98.9191792844201,170.61004079856428,-65.43758832094208,29.732780833783675,35.0,0.1225366573115395,12.437791698849944
11.853306039000021,106.5420832329998,SAT_10078,19.476863752991207,188.30735861057556,98.90973861501628,170.62998790236946,-65.51283629036898,29.699642021825145,35.0,0.12284895187335139,12.459641457951308
11.853306039000021,106.6420832329998,SAT_10078,19.392427215835255,187.83240308907332,98.8989999322968,170.6523086719027,-65.59727282752493,29.662378769722494,35.0,0.12319952904236667,12.48414339630237
11.853306039000021,106.74208323299979,SAT_10078,19.29886227919765,187.3061003204868,98.8869168968048,170.67696614674588,-65.69083776416254,29.620991160401672,35.0,0.12358818899883994,12.511274588819491
11.853306039000021,106.84208323299978,SAT_10078,19.196234624109593,186.72881976061646,98.87343619915528,170.70392001167104,-65.7934654192506,29.57547928597492,35.0,0.12401471341822351,12.541009980136256
11.853306039000021,106.94208323299978,SAT_10078,19.08461511510005,186.1009600224378,98.85849688857071,170.73312680722037,-65.90508492826014,29.525843247743072,35.0,0.12447886652145256,12.573322502261377
11.853306039000021,107.04208323299977,SAT_10094,19.111759534306884,186.25364738047622,98.86219844821527,170.72704803904233,-65.8779405090533,29.53848933355804,35.0,0.1243595714926473,12.565022232076354
11.853306039000021,107.14208323299977,SAT_10094,19.157659513356748,186.5118347626317,98.86834755730928,170.71504097114453,-65.83204053000344,29.55890584781228,35.0,0.12416872066501664,12.551736686006175
11.853306039000021,107.24208323299976,SAT_10094,19.194345046920773,186.71819088892934,98.87322671105996,170.7054305878407,-65.79535499643941,29.575206458995154,35.0,0.1240162158594351,12.541114651734421
11.853306039000021,107.34208323299976,SAT_10094,19.221790024757297,186.87256888925978,98.87685644556981,170.69823292484608,-65.76791001860289,29.587391130798355,35.0,0.12390214380089999,12.533166080754256
11.853306039000021,107.44208323299975,SAT_10094,19.23997480858165,186.97485829827178,98.87925191224481,170.69346004642267,-65.74972523477854,29.595459836082355,35.0,0.12382656969742772,12.527898454740786
11.853306039000021,107.54208323299974,SAT_10094,19.248886336573122,187.02498564322383,98.88042305166356,170.69111997833187,-65.74081370678707,29.59941255687571,35.0,0.12378953691041006,12.525316748420492
11.853306039000021,107.64208323299974,SAT_10094,19.248518193226886,187.02291483690124,98.88037470680541,170.6912166630043,-65.7411818501333,29.59924928437463,35.0,0.1237910667345558,12.525423404769066
11.853306039000021,107.74208323299973,SAT_10078,19.343281956464708,187.55596100511397,98.89267760521709,170.66527007440925,-65.64641808689548,29.640652346724647,35.0,0.12340365003953112,12.498396709171352
11.853306039000021,107.84208323299973,SAT_10078,19.43263135664577,188.05855138113245,98.9041324684883,170.64168889428015,-65.55706868671442,29.680131778798003,35.0,0.12303258354523774,12.472478987687031
11.853306039000021,107.94208323299972,SAT_10078,19.512823815270053,188.50963396089404,98.91426524824685,170.62046194898028,-65.47687622809013,29.715486814144654,35.0,0.12269969464884041,12.449201398605666
11.853306039000021,108.04208323299972,SAT_10078,19.58380182019613,188.90888523860323,98.92311925725005,170.60162457920157,-65.40589822316406,29.74671737408809,35.0,0.12240517427339052,12.428585843777185
11.853306039000021,108.14208323299971,SAT_10078,19.64551381394034,189.25601520341442,98.93073163839395,170.58520848774376,-65.34418622941985,29.773823389135156,35.0,0.12214919343638739,12.410651937374865
11.853306039000021,108.2420832329997,SAT_10078,19.69791446409691,189.55076886054513,98.93713380495626,170.5712415660028,-65.29178557926328,29.79680479897435,35.0,0.12193190239717412,12.395416909837637
11.853306039000021,108.3420832329997,SAT_10078,19.74096490462935,189.7929275885401,98.94235180557189,170.55974773898333,-65.24873513873084,29.81566155247429,35.0,0.12175342989901633,12.38289552232279
11.853306039000021,108.44208323299969,SAT_10078,19.774632945364303,189.98231031767423,98.946406621723,170.55074683061355,-65.21506709799588,29.830393607682474,35.0,0.12161388251314964,12.37309999255167
11.853306039000021,108.54208323299969,SAT_10078,19.79889324733861,190.1187745162797,98.9493144039359,170.5442544509276,-65.19080679602158,29.841000931824233,35.0,0.1215133440912095,12.366039932826983
11.853306039000021,108.64208323299968,SAT_10078,19.813727461993537,190.20221697371363,98.95108665150059,170.54028190645516,-65.17597258136665,29.84748350130191,35.0,0.1214518753314741,12.361722300881924
11.853306039000021,108.74208323299968,SAT_10078,19.8191243326131,190.2325743709487,98.95173033931796,170.53883613488736,-65.17057571074709,29.84984130169428,35.0,0.12142951346327067,12.360151364090735
11.853306039000021,108.84208323299967,SAT_10078,19.815079756823067,190.20982363212977,98.95124799438551,170.53991966481072,-65.17462028653712,29.848074327756198,35.0,0.12144627205273821,12.361328677429851
11.853306039000021,108.94208323299966,SAT_10078,19.8015968094181,190.13398205297682,98.94963772342352,170.54353060099805,-65.18810323394209,29.842182583418463,35.0,0.12150214093192221,12.365253075430578
11.853306039000021,109.04208323299966,SAT_10078,19.77868572525,190.00510720453124,98.94689319218118,170.54966263543474,-65.21101431811019,29.832166081787907,35.0,0.12159708625192511,12.37192067821143
11.95330603900002,106.4420832329998,SAT_10078,19.629244620218287,189.16450098872787,98.9287402045506,170.5895397058634,-65.3604554231419,29.766681695836496,35.0,0.12221666971642434,12.415380743398583
11.95330603900002,106.5420832329998,SAT_10078,19.553871730605962,188.74052848465857,98.91940746941165,170.6095736212183,-65.43582831275423,29.733555148080015,35.0,0.1225293544097278,12.437280485206218
11.95330603900002,106.6420832329998,SAT_10078,19.469296193805306,188.26479109015486,98.90879249677472,170.63199105911218,-65.52040384955488,29.69630568659869,35.0,0.12288036569947729,12.461838111341908
11.95330603900002,106.74208323299979,SAT_10078,19.375578667463273,187.73763000448093,98.89684984674372,170.65675474381572,-65.61412137589691,29.654933394295778,35.0,0.12326950223200733,12.489030524144969
11.95330603900002,106.84208323299978,SAT_10078,19.272785362020244,187.15941766136388,98.88352725503411,170.6838240193552,-65.71691468133994,29.609438363258302,35.0,0.12369654401717735,12.518832481225877
11.95330603900002,106.94208323299978,SAT_10094,19.18403039539946,186.66017097412197,98.8718723258925,170.70813391674673,-65.80566964796073,29.570624866444724,35.0,0.12405909178867892,12.544101505870032
11.95330603900002,107.04208323299977,SAT_10094,19.23927212752875,186.9709057173492,98.87917292455401,170.69364453188075,-65.75042791583144,29.595148122255583,35.0,0.12382948983519244,12.528102016371069
11.95330603900002,107.14208323299977,SAT_10094,19.285305892206296,187.22984564366044,98.8852031631329,170.6815490839685,-65.70439415115389,29.615557049899188,35.0,0.12363820952321045,12.51476390756139
11.95330603900002,107.24208323299976,SAT_10094,19.322098790129957,187.43680569448102,98.88998836810737,170.67186778427805,-65.66760125323023,29.6318516039113,35.0,0.12348536009090397,12.504099712772584
11.95330603900002,107.34208323299976,SAT_10094,19.349624343297066,187.591636931046,98.89354842517915,170.66461690507,-65.64007570006312,29.644031747994575,35.0,0.12337102941871447,12.496119513568978
11.95330603900002,107.44208323299975,SAT_10094,19.367862635933633,187.69422732712667,98.89589800766684,170.6598086891517,-65.62183740742655,29.65209745501766,35.0,0.12329528358536024,12.490830889707158
11.95330603900002,107.54208323299974,SAT_10094,19.376800421235757,187.74450236945114,98.8970467433082,170.65745128133818,-65.61289962212443,29.656048707014545,35.0,0.12325816653214068,12.48823888126866
11.95330603900002,107.64208323299974,SAT_10094,19.376431192718357,187.74242545904076,98.89699932290632,170.65754868262306,-65.61326885064183,29.655885495184098,35.0,0.12325969983882436,12.488345963364042
11.95330603900002,107.74208323299973,SAT_10078,19.420070598813766,187.98789711832745,98.90254346818486,170.64500836719566,-65.56962944454642,29.674587304264758,35.0,0.12308473760434395,12.476123644011187
11.95330603900002,107.84208323299973,SAT_10078,19.50956636455109,188.4913108005999,98.91386578179745,170.62132535083268,-65.4801336788091,29.71405212552469,35.0,0.12271321397720646,12.450147239523899
11.95330603900002,107.94208323299972,SAT_10078,19.589891367040494,188.9431389396028,98.92388225393199,170.60000625999714,-65.3998086763197,29.74939407646531,35.0,0.12237991112997029,12.426816581657889
11.95330603900002,108.04208323299972,SAT_10078,19.660987624525774,189.3430553879575,98.93263536005666,170.58108673807484,-65.32871241883441,29.780613078431646,35.0,0.12208502145523152,12.406153737735986
11.95330603900002,108.14208323299971,SAT_10078,19.72280315527709,189.69076774843364,98.94016153096986,170.56459876154815,-65.2668968880831,29.807709061949566,35.0,0.1218287172938483,12.388178471190665
11.95330603900002,108.2420832329997,SAT_10078,19.775292251338684,189.9860189137801,98.9464915820346,170.55057046426074,-65.2144077920215,29.830681966724054,35.0,0.12161115007336938,12.372908144411443
11.95330603900002,108.3420832329997,SAT_10078,19.818415722820077,190.22858844086292,98.95165106913606,170.53902598042325,-65.17128432054011,29.849531741637726,35.0,0.12143244954205894,12.360357632212525
11.95330603900002,108.44208323299969,SAT_10078,19.852141110017442,190.41829374384812,98.9556605788973,170.52998530816916,-65.13755893334275,29.86425834474955,35.0,0.12129272310591209,12.350539246817211
11.95330603900002,108.54208323299969,SAT_10078,19.876442860973683,190.55499109297696,98.95853595915128,170.52346419525514,-65.1132571823865,29.87486174329382,35.0,0.12119205527517142,12.343462675150015
11.95330603900002,108.64208323299968,SAT_10078,19.89130247244256,190.6385764074894,98.96028849433597,170.51947404826367,-65.09839757091763,29.88134191367933,35.0,0.12113050722585858,12.339134929107422
11.95330603900002,108.74208323299968,SAT_10078,19.896708592619134,190.66898583348262,98.96092502930549,170.5180218664036,-65.09299145074105,29.8836988414888,35.0,0.12110811648073738,12.337560309345534
11.95330603900002,108.84208323299967,SAT_10078,19.892657084439776,190.64619609997374,98.96044804399247,170.519110200706,-65.09704295892041,29.881932521478518,35.0,0.1211248967129513,12.338740382979987
11.95330603900002,108.94208323299966,SAT_10078,19.879151048701445,190.57022464894564,98.95885568037667,170.52273713911956,-65.11054899465874,29.876042957578207,35.0,0.12118083767434101,12.34267397544305
11.95330603900002,109.04208323299966,SAT_10078,19.85620080673037,190.44112953785833,98.9561417222835,170.52889631768412,-65.13349923662982,29.86603016289112,35.0,0.12127590524917747,12.34935717658765
11.95330603900002,109.14208323299965,SAT_10078,19.823823842803606,190.25900911577028,98.95229552762056,170.53757695764713,-65.16587620055658,29.85189415969437,35.0,0.12141004163275933,12.35878336097106
11.95330603900002,109.24208323299965,SAT_10095,19.827121879781714,190.27756057377212,98.95276947679359,170.53891519597335,-65.16257816357847,29.854626838516722,35.0,0.12138332853762471,12.356906477584223
12.05330603900002,106.84208323299978,SAT_10078,19.33972405386443,187.53594780298744,98.89224164982596,170.66620756472338,-65.64997598949576,29.639078370591587,35.0,0.1234184295556388,12.499428365808335
12.05330603900002,106.94208323299978,SAT_10094,19.302048499137015,187.32402280764572,98.88739692860618,170.67714514209754,-65.68765154422317,29.62297381144518,35.0,0.12356865174702249,12.50991156182379
12.05330603900002,107.04208323299977,SAT_10094,19.35743834816057,187.63559070840324,98.89456763114813,170.66255724847878,-65.63226169519962,29.647487883591424,35.0,0.12333857602414852,12.493853754288121
12.05330603900002,107.14208323299977,SAT_10094,19.403596164556845,187.89522842563227,98.9004910935893,170.65037931365208,-65.58610387880334,29.66788916834316,35.0,0.12314689896980394,12.480466834524613
12.05330603900002,107.24208323299976,SAT_10094,19.44048862174151,188.102748497296,98.90519190123315,170.64063182386911,-65.54921142161868,29.68417762024972,35.0,0.12299373116252732,12.46976348683676
12.05330603900002,107.34208323299976,SAT_10094,19.468088896398143,188.2580000422396,98.90868936056665,170.63333127372357,-65.52161114696204,29.696353203024596,35.0,0.12287916156418115,12.461753914698896
12.05330603900002,107.44208323299975,SAT_10094,19.486376812183323,188.36086956853117,98.91099771907321,170.62849007385196,-65.50332323117686,29.704415889544535,35.0,0.12280325706845052,12.456445789800977
12.05330603900002,107.54208323299974,SAT_10094,19.49533894858068,188.41128158576632,98.91212632580684,170.62611648098328,-65.4943610947795,29.708365661848887,35.0,0.12276606215944359,12.453844213485668
12.05330603900002,107.64208323299974,SAT_10094,19.494968713666168,188.4091990143722,98.91207973599963,170.62621455116314,-65.49473132969402,29.708202511139145,35.0,0.12276759868375871,12.453951690986269
12.05330603900002,107.74208323299973,SAT_10078,19.487211533598412,188.36556487649108,98.91106354631717,170.62724795847777,-65.50248850976178,29.704203012157883,35.0,0.12280599905947814,12.456637564382413
12.05330603900002,107.84208323299973,SAT_10078,19.57683177251215,188.86967872038085,98.92227147014798,170.60347647338918,-65.41286827084804,29.743653113752906,35.0,0.12243409127701947,12.430610819934747
12.05330603900002,107.94208323299972,SAT_10078,19.657269524507512,189.32214107535475,98.93218756072878,170.5820773291382,-65.33243051885268,29.77898188280912,35.0,0.1221004404319704,12.407234632091619
12.05330603900002,108.04208323299972,SAT_10078,19.728466398719647,189.722623492798,98.94085357416542,170.56308643309796,-65.26123364464054,29.81018924069282,35.0,0.12180524019376375,12.386531212041632
12.05330603900002,108.14208323299971,SAT_10078,19.790370043797296,190.0708314963598,98.94830532932673,170.5465360004602,-65.19932999956289,29.83727511794867,35.0,0.12154866405314435,12.368520452998213
12.05330603900002,108.2420832329997,SAT_10078,19.84293442456297,190.3665061381667,98.9545731276751,170.53245437655121,-65.14676561879722,29.860239454297954,35.0,0.12133086445278471,12.353219832091176
12.05330603900002,108.3420832329997,SAT_10078,19.886120068927028,190.60942538771454,98.95968210151798,170.52086587808174,-65.10357997443316,29.879082198637096,35.0,0.12115197201429156,12.340644322974228
12.05330603900002,108.44208323299969,SAT_10078,19.919894282308206,190.79940533798367,98.96365249800603,170.51179065516212,-65.06980576105198,29.893803309036404,35.0,0.12101209486909231,12.330806320057173
12.05330603900002,108.54208323299969,SAT_10078,19.944231327131234,190.9363012151132,98.96649990471086,170.50524457570347,-65.04546871622895,29.904402752739024,35.0,0.1209113180997978,12.323715575164718
12.05330603900002,108.64208323299968,SAT_10078,19.95911256533826,191.02000818002773,98.96823542132232,170.50123913358243,-65.03058747802193,29.910880506160126,35.0,0.1208497032976264,12.319379147302003
12.05330603900002,108.74208323299968,SAT_10078,19.964526562252473,191.05046191267016,98.9688657808636,170.4997813816809,-65.02517348110771,29.913236554886325,35.0,0.12082728824036558,12.317801366072791
12.05330603900002,108.84208323299967,SAT_10078,19.960469150576884,191.02763897199497,98.96839342279367,170.5008738906133,-65.0292308927833,29.911470893675325,35.0,0.12084408669415629,12.318983809151183
12.05330603900002,108.94208323299966,SAT_10078,19.946943453770132,190.951556927457,98.96681651941384,170.50451473364944,-65.04275658959006,29.90558352645579,35.0,0.12090008834113329,12.32292529405527
12.05330603900002,109.04208323299966,SAT_10078,19.923959868523625,190.82227426044543,98.96412895608732,170.5106974980166,-65.06574017483656,29.895574466327428,35.0,0.1209952588336658,12.32962188431372
12.05330603900002,109.14208323299965,SAT_10078,19.89153600654548,190.63989003681831,98.96032026489078,170.51941132244434,-65.09816403681471,29.881443735561334,35.0,0.12112953997464099,12.339066909957065
12.15330603900002,107.14208323299977,SAT_10094,19.512445144368556,188.50750393707315,98.91428513917535,170.62158390477543,-65.47725489899163,29.715902088676966,35.0,0.12269507245251325,12.44887801044065
12.15330603900002,107.24208323299976,SAT_10094,19.54942900926129,188.71553817709477,98.9189104199096,170.61177517327837,-65.4402710340989,29.732184393559354,35.0,0.12254161362102342,12.438138640758847
12.15330603900002,107.34208323299976,SAT_10094,19.577097891178795,188.87117563788073,98.92235185739962,170.6044286644198,-65.41260215218139,29.74435538144945,35.0,0.12242682560939216,12.430102043601646
12.15330603900002,107.44208323299975,SAT_10094,19.59543137135043,188.9743014638462,98.92462332095955,170.59955694513573,-65.39426867200976,29.752415025232008,35.0,0.12235077606718797,12.424775976038852
12.15330603900002,107.54208323299974,SAT_10094,19.604415867634145,189.02483925544206,98.92573391212653,170.59716837638607,-65.38528417572604,29.75636330695168,35.0,0.12231350998199379,12.42216559630967
12.15330603900002,107.64208323299974,SAT_10094,19.60404470860982,189.02275148593023,98.92568806571535,170.5972670654903,-65.38565533475037,29.75620021781256,35.0,0.12231504944790784,12.422273437624703
12.15330603900002,107.74208323299973,SAT_10094,19.594318170081323,188.96803970670746,98.92448559884963,170.59985284264093,-65.39538187327886,29.75192575817797,35.0,0.12235539355158001,12.425099395264338
12.15330603900002,107.84208323299973,SAT_10078,19.63437629031317,189.1933666330116,98.92938668941106,170.58817380732418,-65.35532375304702,29.768934678764595,35.0,0.1221953855434564,12.413889238943975
12.15330603900002,107.94208323299972,SAT_10078,19.714906538360808,189.64634927827953,98.93921760265786,170.56670699747727,-65.27479350499938,29.8042501684903,35.0,0.12186145408833243,12.39047522192408
12.15330603900002,108.04208323299972,SAT_10078,19.786185982581273,190.04729615201964,98.94780971067644,170.54765577012523,-65.20351406077891,29.835445796214348,35.0,0.12156600330420299,12.369738083563822
12.15330603900002,108.14208323299971,SAT_10078,19.84816195854812,190.39591101683317,98.95519831479895,170.53105254291165,-65.14153808481207,29.86252149249995,35.0,0.12130920765304636,12.351697826747317
12.15330603900002,108.2420832329997,SAT_10078,19.90078815390008,190.69193336568796,98.96141328179635,170.51692584053774,-65.0889118894601,29.885477197084494,35.0,0.12109122043497124,12.336372025571892
12.15330603900002,108.3420832329997,SAT_10078,19.944024857487193,190.93513982336546,98.96647938564207,170.50530013451578,-65.045675185873,29.904312858878054,35.0,0.12091217300928465,12.323775737225988
12.15330603900002,108.44208323299969,SAT_10078,19.977839175745018,191.12534536356574,98.97041658627417,170.49619570387375,-65.01186086761517,29.919028435962137,35.0,0.12077217412019223,12.313921425583361
12.15330603900002,108.54208323299969,SAT_10078,20.0022052138403,191.26240432785167,98.97324025105081,170.4896285184502,-64.98749482951989,29.929623895588627,35.0,0.1206713093337983,12.306818897324534
12.15330603900002,108.64208323299968,SAT_10078,20.017104219496673,191.3462112346688,98.97496132333234,170.48561014617673,-64.97259582386351,29.936099214178995,35.0,0.12060964059205358,12.30247525127373
12.15330603900002,108.74208323299968,SAT_10078,20.022524687823363,191.3767013690064,98.97558644150936,170.48414768546883,-64.96717535553682,29.938454377323705,35.0,0.12058720588817609,12.300894841503531
12.15330603900002,108.84208323299967,SAT_10078,20.01846242590763,191.35385114573043,98.97511801079098,170.48524372355456,-64.97123761745256,29.93668937978186,35.0,0.12060401906686657,12.302079254612979
12.15330603900002,108.94208323299966,SAT_10078,20.004920576408807,191.27767824229952,98.97355422913743,170.48889632125068,-64.98477946695138,29.93080422548107,35.0,0.12066006975137548,12.306027301430396
12.15330603900002,109.04208323299966,SAT_10078,19.98190959987204,191.14824149928023,98.9708890678347,170.49509902437444,-65.00779044348815,29.92079892751755,35.0,0.12075532339817356,12.312735023233081
12.15330603900002,109.14208323299965,SAT_10078,19.949447215971333,190.96564058983876,98.96711220633827,170.50384090165187,-65.04025282738885,29.90667350815645,35.0,0.12088972147866256,12.322195712414764
12.25330603900002,107.24208323299976,SAT_10094,19.648839720345222,189.27472342694188,98.93120810797907,170.58534709765757,-65.34086032301497,29.775871818848685,35.0,0.12212927407529375,12.409255770130786
12.25330603900002,107.34208323299976,SAT_10094,19.676570848953077,189.43071102536106,98.93459966217586,170.5779585004815,-65.31312919440711,29.7880381782896,35.0,0.12201428894032557,12.401194583274894
12.25330603900002,107.44208323299975,SAT_10094,19.694945670979862,189.53406939926174,98.93683827230919,170.57305883149442,-65.29475437238032,29.79609475710848,35.0,0.1219381084838765,12.395852189510505
12.25330603900002,107.54208323299974,SAT_10094,19.703950455526268,189.58472131233526,98.93793282100707,170.57065654768306,-65.28574958783392,29.800041537355217,35.0,0.12190077815554376,12.393233799350527
12.25330603900002,107.64208323299974,SAT_10094,19.703578458003534,189.58262882626988,98.93788763657841,170.57075580360623,-65.28612158535665,29.799878510236468,35.0,0.12190232027654854,12.393341971710337
12.25330603900002,107.74208323299973,SAT_10094,19.693829957241476,189.5277935094833,98.93670254053663,170.57335642750274,-65.29587008611871,29.795605676115457,35.0,0.12194273392414874,12.396176600807276
12.25330603900002,107.84208323299973,SAT_10078,19.682155574799893,189.4621251082494,98.93524246007357,170.57544464035584,-65.3075444685603,29.789896765288976,35.0,0.12199724373544689,12.399999349757985
12.25330603900002,107.94208323299972,SAT_10078,19.762757669742626,189.91551189230228,98.94500279940208,170.55392280788323,-65.22694237361756,29.825198878270054,35.0,0.12166310029075471,12.376555343713632
12.25330603900002,108.04208323299972,SAT_10078,19.83410128308904,190.31681971737586,98.9535336707254,170.53482252050497,-65.15559876027115,29.856382689785672,35.0,0.12136746007958307,12.355791469472258
12.25330603900002,108.14208323299971,SAT_10078,19.896133495541108,190.66575091241873,98.9608699474596,170.51817636095103,-65.09356654781908,29.883448130417364,35.0,0.12111049835203176,12.337727818933377
12.25330603900002,108.2420832329997,SAT_10078,19.948807769072417,190.96204370103237,98.96704113692203,170.5040130001984,-65.04089227428777,29.90639513991842,35.0,0.12089236910399412,12.322382044903788
12.25330603900002,108.3420832329997,SAT_10078,19.992084197893917,191.2054736131533,98.9720717167479,170.4923570360037,-64.99761584546627,29.925223667212403,35.0,0.1207132042934046,12.30976927238157
12.25330603900002,108.44208323299969,SAT_10078,20.025929726425318,191.39585471114242,98.97598140933674,170.4832288525344,-64.96377031693487,29.939933670391866,35.0,0.12057311316172838,12.299902021630603
12.25330603900002,108.54208323299969,SAT_10078,20.050318331785647,191.53304061629427,98.97878539990921,170.47664450276005,-64.93938171157454,29.95052511671734,35.0,0.12047218166741963,12.292790143864408
12.25330603900002,108.64208323299968,SAT_10078,20.06523116869458,191.61692532390703,98.98049450252091,170.47261561501108,-64.9244688746656,29.95699798261651,35.0,0.12041047203704631,12.288440770233995
12.25330603900002,108.74208323299968,SAT_10078,20.070656675086255,191.64744379736018,98.98111527728659,170.4711493248418,-64.91904336827393,29.959352253683644,35.0,0.12038802243864753,12.286858274677124
12.25330603900002,108.84208323299967,SAT_10078,20.066590637189407,191.62457233419042,98.98065010108502,170.47224823303065,-64.92310940617078,29.957587924679224,35.0,0.12040484678067528,12.288044251038674
12.25330603900002,108.94208323299966,SAT_10078,20.053036213298455,191.5483286998038,98.97909719310071,170.47591039023717,-64.93666383006173,29.951704999529824,35.0,0.12046093463859542,12.291997504715784
12.25330603900002,109.04208323299966,SAT_10078,20.0300039159537,191.41877202723956,98.97645059569119,170.482129308504,-64.95969612740649,29.94170349132821,35.0,0.12055625130990773,12.298714058920796
12.25330603900002,109.14208323299965,SAT_10095,20.001860930181678,191.26046773227193,98.97328257928828,170.49195111973597,-64.98783911317851,29.93078528041538,35.0,0.12065987239450397,12.306013401463415
12.35330603900002,107.64208323299974,SAT_10094,19.793494988849915,190.0884093122808,98.94873382530187,170.54672685695516,-65.19620505451027,29.839237292899412,35.0,0.12152965994601268,12.367185830508514
12.35330603900002,107.74208323299973,SAT_10094,19.783726849858184,190.03346353045228,98.94756409508558,170.54934091037396,-65.205973193502,29.834966096075572,35.0,0.12157013537684912,12.370028243826773
12.35330603900002,107.84208323299973,SAT_10094,19.76457069184312,189.92571014161754,98.94526464769515,170.5544647049801,-65.22512935151707,29.826586676593713,35.0,0.12164951737404738,12.37560180575663
12.35330603900002,107.94208323299972,SAT_10078,19.80078544207977,190.12941811169873,98.94956792217195,170.5437478431335,-65.18891460128042,29.841827966355023,35.0,0.12150550310030576,12.365489221401635
12.35330603900002,108.04208323299972,SAT_10078,19.872174529287406,190.53098172724165,98.95804980337641,170.52460995714992,-65.11752551407278,29.87299987564142,35.0,0.12120973549365249,12.344705697070637
12.35330603900002,108.14208323299971,SAT_10078,19.93424662534389,190.88013726755938,98.9653442172712,170.50793089450872,-65.0554534180163,29.900054985959827,35.0,0.12095266192390462,12.326624847543496
12.35330603900002,108.2420832329997,SAT_10078,19.986955019304872,191.1766219835899,98.97148038374067,170.49373943854076,-65.00274502405532,29.922993237079247,35.0,0.12073443691780826,12.311264385676006
12.35330603900002,108.3420832329997,SAT_10078,20.03025965623108,191.42021056629983,98.97648254344647,170.48206028397368,-64.9594403871291,29.941814577936544,35.0,0.12055519289001287,12.29863948820195
12.35330603900002,108.44208323299969,SAT_10078,20.064127356385825,191.6107163796703,98.98037022882829,170.47291389573815,-64.92557268697436,29.956518966635198,35.0,0.1204150394613541,12.288762718410066
12.35330603900002,108.54208323299969,SAT_10078,20.088531998759265,191.74799249302086,98.9831584794473,170.46631639066254,-64.90116804460092,29.96710637044427,35.0,0.12031406288961427,12.281643961493044
12.35330603900002,108.64208323299968,SAT_10078,20.103454666795685,191.8319325007257,98.98485800594894,170.46227944347544,-64.8862453765645,29.97357676579759,35.0,0.1202523256184968,12.277290373268153
12.35330603900002,108.74208323299968,SAT_10078,20.10888375461198,191.86247111969237,98.98547530584699,170.46081021826083,-64.8808162887482,29.975930138293172,35.0,0.12022986594941149,12.275706342831127
12.35330603900002,108.84208323299967,SAT_10078,20.1048150324511,191.83958455753745,98.98501273336284,170.46191132620675,-64.88488501090909,29.974166482692866,35.0,0.12024669783944583,12.27689346955576
12.35330603900002,108.94208323299966,SAT_10078,20.091251670589912,191.76329064706826,98.9834685246552,170.46558081016994,-64.89844837277028,29.968285802922225,35.0,0.12030281082761116,12.280850554694942
12.35330603900002,109.04208323299966,SAT_10078,20.06820422141719,191.63364874547167,98.9808367789212,170.4718121562468,-64.921495821943,29.9582881120706,35.0,0.1203981700901285,12.287573607676658
12.35330603900002,109.14208323299965,SAT_10095,20.04710348188796,191.51495708561978,98.97849750867573,170.47974454076262,-64.94259656147223,29.95044531803742,35.0,0.12047267154042558,12.292824667206597
12.453306039000019,107.64208323299974,SAT_10094,19.873725472880835,190.5397057849547,98.9582747798295,170.52522257535696,-65.11597457047935,29.874276479743685,35.0,0.12119729660105905,12.343831178265022
12.453306039000019,107.74208323299973,SAT_10094,19.863940094808015,190.4846630332951,98.95711852381369,170.52784859268826,-65.12575994855217,29.87000693199648,35.0,0.12123782581963174,12.346680462040748
12.453306039000019,107.84208323299973,SAT_10094,19.844750181165537,190.37671976905614,98.95484559982512,170.53299581673056,-65.14494986219465,29.861630747745757,35.0,0.1213173131400923,12.352267480069747
12.453306039000019,107.94208323299972,SAT_10078,19.828959854507445,190.2878991816044,98.95293238694933,170.53620058860275,-65.16074018885274,29.85413739639601,35.0,0.12138876178086162,12.357288234865136
12.453306039000019,108.04208323299972,SAT_10078,19.90037548830385,190.68961212170916,98.96137719251509,170.51703671549137,-65.08932455505634,29.885297317460125,35.0,0.12109292952734199,12.336492227497757
12.453306039000019,108.14208323299971,SAT_10078,19.962470911380677,191.0388988765163,98.9686399256072,170.50033491082374,-65.02722913197951,29.912342022829943,35.0,0.1208357989781282,12.318400445007587
12.453306039000019,108.2420832329997,SAT_10078,20.015199293589177,191.33549602643913,98.97474958817268,170.48612403571408,-64.97450074977101,29.935271452289967,35.0,0.12061752502332587,12.303030641323575
12.453306039000019,108.3420832329997,SAT_10078,20.058520477166866,191.57917768406364,98.97973024119857,170.47442885202528,-64.93117956619332,29.954085554790215,35.0,0.1204382403901697,12.29039802856808
12.453306039000019,108.44208323299969,SAT_10078,20.09240119678084,191.76975673189222,98.98360127309843,170.46526988060404,-64.89729884657935,29.968784288444947,35.0,0.12029805495912563,12.280515199461133
12.453306039000019,108.54208323299969,SAT_10078,20.116815263767762,191.90708585869365,98.98637761299733,170.45866328249156,-64.87288477959243,29.979367620531647,35.0,0.12019705519281587,12.273392062439697
12.453306039000019,108.64208323299968,SAT_10078,20.13174371243069,191.99105838242266,98.98806989313806,170.45462076454112,-64.8579563309295,29.985835527490213,35.0,0.1201353036835303,12.269035790195053
12.453306039000019,108.74208323299968,SAT_10078,20.137174906676265,192.021608850054,98.98868456357252,170.4531495105898,-64.85252513668392,29.98818799492236,35.0,0.12011283882394234,12.267450782192531
12.453306039000019,108.84208323299967,SAT_10078,20.133104605725762,191.9987134072074,98.98822396134416,170.45425213903297,-64.85659543763443,29.98642501759129,35.0,0.12012967460441946,12.268638641588325
12.453306039000019,108.94208323299966,SAT_10078,20.11953598811745,191.92238993316064,98.9866863354809,170.45792668732506,-64.87016405524274,29.980546599421544,35.0,0.12018580053902804,12.272598166800194
12.453306039000019,109.04208323299966,SAT_10078,20.09647963371421,191.79269793964244,98.98406582827357,170.4641666235979,-64.89322040964598,29.97055275349911,35.0,0.1202811817210003,12.279325357826199
12.453306039000019,109.14208323299965,SAT_10095,20.082444060955154,191.71374784287275,98.98254422604896,170.4701960768474,-64.90725598240503,29.96578567898904,35.0,0.12032647469081975,12.282519109855851
12.453306039000019,109.24208323299965,SAT_10095,20.10255429585817,191.8268679142022,98.98483539102942,170.4647573286025,-64.88714574750202,29.974508385434238,35.0,0.1202432954387077,12.276653508895038
12.553306039000018,107.64208323299974,SAT_10094,19.94420760004246,190.93616775023887,98.96655202769075,170.50628132737845,-65.04549244331773,29.90499599416295,35.0,0.12090543657709128,12.323301673525132
12.553306039000018,107.74208323299973,SAT_10094,19.934407450294287,190.88104190790537,98.96540745136431,170.50891779900888,-65.0552925930659,29.90072810726773,35.0,0.12094601137542658,12.32615688994931
12.553306039000018,107.84208323299973,SAT_10094,19.915188613697097,190.77293595204617,98.96315751803454,170.51408549599128,-65.07451142966309,29.89235518134961,35.0,0.12102558794154931,12.33175552707987
12.553306039000018,107.94208323299972,SAT_10094,19.886565749121374,190.61193233880772,98.95979350644345,170.52177537828643,-65.10313429423881,29.879877235069184,35.0,0.12114411783660639,12.340092033184959
12.553306039000018,108.04208323299972,SAT_10078,19.918681639904065,190.79258422446037,98.96352987885354,170.51211668104554,-65.07101840345612,29.893274988363224,35.0,0.12101711662580679,12.331159594148
12.553306039000018,108.14208323299971,SAT_10078,19.98078368632072,191.14190823555404,98.97077090311062,170.49540239078232,-65.00891635703947,29.920309214172985,35.0,0.12075998441196534,12.31306319601817
12.553306039000018,108.2420832329997,SAT_10078,20.03351779864748,191.4385376173921,98.97686240578966,170.48118085429297,-64.9561822447127,29.943229758716072,35.0,0.12054170870434998,12.297689440431462
12.553306039000018,108.3420832329997,SAT_10078,20.07684376322419,191.6822461681361,98.98182832396321,170.46947687033725,-64.912856280136,29.962036570955483,35.0,0.12036242239708062,12.285053558357166
12.553306039000018,108.44208323299969,SAT_10078,20.110728268184033,191.8728465085352,98.98568794672717,170.4603109904926,-64.87897177517615,29.976729609016136,35.0,0.12022223550920194,12.275168158190501
12.553306039000018,108.54208323299969,SAT_10078,20.135145088082368,192.0101911204633,98.98845612705887,170.4536994001,-64.85455495527782,29.98730884018382,35.0,0.12012123461264916,12.268043160749011
12.553306039000018,108.64208323299968,SAT_10078,20.150075230505763,192.09417317159492,98.99014344314514,170.44965382366797,-64.83962481285442,29.993774240904425,35.0,0.12005948237899407,12.26368574771189
12.553306039000018,108.74208323299968,SAT_10078,20.155507042935625,192.1247271165129,98.99075631231605,170.4481814558903,-64.83419300042456,29.996125796783332,35.0,0.120037017249601,12.262100324067985
12.553306039000018,108.84208323299967,SAT_10078,20.151436278600528,192.10182906712797,98.99029705977225,170.44928491912387,-64.83826376475966,29.994363502585067,35.0,0.12005385323259234,12.26328849498825
12.553306039000018,108.94208323299966,SAT_10078,20.137866120530802,192.02549692798576,98.98876394341394,170.45296224785358,-64.85183392282939,29.988487362233172,35.0,0.12010997982872638,12.267249057380257
12.553306039000018,109.04208323299966,SAT_10078,20.114807163526194,191.89579029483485,98.986151135242,170.45920690033827,-64.874892879834,29.978497388810315,35.0,0.12020536208695952,12.273978006219078
12.553306039000018,109.14208323299965,SAT_10095,20.10785405088292,191.85667903621643,98.98543950398201,170.46332338848083,-64.88184599247727,29.97680632973428,35.0,0.1202213763168399,12.275107557413873
12.653306039000018,107.64208323299974,SAT_10094,20.004885923164792,191.27748331780197,98.97360098799598,170.48993727888228,-64.9848141201954,29.931395769000094,35.0,0.12065426331856827,12.305618346994637
12.653306039000018,107.74208323299973,SAT_10094,19.995073529944733,191.22228860593916,98.97246637925103,170.49258265595913,-64.99462651341545,29.927129554728158,35.0,0.12069487530010307,12.308478536884381
12.653306039000018,107.84208323299973,SAT_10094,19.975830722039376,191.1140478114715,98.97023606620282,170.49776779260637,-65.01386932132081,29.918759910236137,35.0,0.12077452466511088,12.314086914285468
12.653306039000018,107.94208323299972,SAT_10094,19.947172252399668,190.95284391974812,98.96690145597798,170.50548358778633,-65.04252779096052,29.90628685417941,35.0,0.12089316268586023,12.322437894667747
12.653306039000018,108.04208323299972,SAT_10078,19.927078307470282,190.83981547952035,98.96451702168719,170.50985890500468,-65.0626217358899,29.8969328709143,35.0,0.12098234529176276,12.32871335650777
12.653306039000018,108.14208323299971,SAT_10078,19.98917018440983,191.1890822873053,98.9717461684188,170.49314244360122,-65.00052985895036,29.923956542576146,35.0,0.12072526700021927,12.310618690925079
12.653306039000018,108.2420832329997,SAT_10078,20.04189569242466,191.48566326988873,98.97782773802427,170.4789190531821,-64.94780435093553,29.946868138964774,35.0,0.12050703696823038,12.29524639974998
12.653306039000018,108.3420832329997,SAT_10078,20.085214609237354,191.72933217696013,98.98278559838157,170.46721353892508,-64.90448543412283,29.965667609056,35.0,0.12032778811019516,12.28261171614355
12.653306039000018,108.44208323299969,SAT_10078,20.119093615803763,191.91990158889615,98.98663898314857,170.45804645775445,-64.87060642755642,29.980354910985238,35.0,0.12018763046192966,12.272727250325289
12.653306039000018,108.54208323299969,SAT_10078,20.143506481005744,192.05722395565732,98.9894027028117,170.4514339992379,-64.84619356235444,29.99093001204651,35.0,0.12008665060855618,12.265602924554491
12.653306039000018,108.64208323299968,SAT_10078,20.15843420830703,192.14119242172703,98.99108730540136,170.44738789095607,-64.83126583505316,29.9973928886916,35.0,0.12002491123118775,12.261245921557494
12.653306039000018,108.74208323299968,SAT_10078,20.163865142654373,192.17174142743085,98.99169918999615,170.4459153294914,-64.82583490070581,29.999743526529507,35.0,0.12000245077703928,12.259660646966857
12.653306039000018,108.84208323299967,SAT_10078,20.159795036351966,192.14884707947982,98.99124067519168,170.44701893788954,-64.82990500700822,29.997981920326072,35.0,0.12001928325636467,12.26084870618839
12.653306039000018,108.94208323299966,SAT_10078,20.146227073122915,192.0725272863164,98.98971002383638,170.45069675011916,-64.84347297023727,29.99210807400386,35.0,0.12007539816832463,12.264808895953633
12.653306039000018,109.04208323299966,SAT_10078,20.12317185007234,191.94284165665692,98.98710142450253,170.4569422227213,-64.86652819328785,29.98212200064224,35.0,0.12017076055655641,12.27153721065223
12.653306039000018,109.14208323299965,SAT_10095,20.123312769035778,191.94363432582625,98.98719535460042,170.45913924334226,-64.86638727432441,29.98350724618135,35.0,0.12015744467111053,12.270597832492383
12.653306039000018,109.44208323299964,SAT_10095,20.15520474722723,192.12302670315316,98.99080082038297,170.4505000081561,-64.83449529613296,29.997322578913348,35.0,0.1200255683338831,12.261292298556338
12.753306039000018,107.64208323299974,SAT_10094,20.055712169911146,191.5633809557502,98.97945139873146,170.47622019235166,-64.93398787344904,29.953475746545372,35.0,0.12044393640430785,12.29079949123843
12.753306039000018,107.74208323299973,SAT_10094,20.04589011423998,191.5081318925999,98.97832511443063,170.47887289189543,-64.9438099291202,29.949211216663983,35.0,0.12048457700917929,12.293663676879579
12.753306039000018,107.84208323299973,SAT_10094,20.026628390030666,191.3997846939225,98.97611118718066,170.4840723681559,-64.96307165332952,29.940844876683645,35.0,0.12056428240662583,12.29927987945064
12.753306039000018,107.94208323299972,SAT_10094,19.99794182770404,191.2384227808352,98.97280113109821,170.4918094697876,-64.99175821565615,29.928376745254592,35.0,0.12068300363183725,12.307642487491304
12.753306039000018,108.04208323299972,SAT_10094,19.95985242395065,191.02416988472243,98.9683821848563,170.50207062633712,-65.02984761940954,29.91180685017139,35.0,0.12084066803746413,12.318743175206341
12.753306039000018,108.14208323299971,SAT_10078,19.987623628114477,191.18038290814394,98.97157003100415,170.49355925094693,-65.00207641524571,29.92328400006807,35.0,0.12073166912695564,12.311069495239897
12.753306039000018,108.2420832329997,SAT_10078,20.04032617146217,191.4768347144747,98.9776498333551,170.47934283124434,-64.94937387189802,29.94618658508455,35.0,0.12051353227567002,12.295704093462552
12.753306039000018,108.3420832329997,SAT_10078,20.08362619032893,191.7203973206002,98.98260626362752,170.46764307086406,-64.90607385303126,29.964978661156497,35.0,0.12033436005342638,12.283075083270267
12.753306039000018,108.44208323299969,SAT_10078,20.11749039793706,191.91088348839597,98.98645854347468,170.458480506632,-64.87220964542313,29.97966018642971,35.0,0.12019426239081253,12.273195062830037
12.753306039000018,108.54208323299969,SAT_10078,20.141892588668767,192.0481458112618,98.98922147420811,170.45187131222434,-64.84780745469142,29.99023112820631,35.0,0.12009332578985993,12.266073944883543
12.753306039000018,108.64208323299968,SAT_10078,20.156813784509595,192.13207753786648,98.99090559736094,170.4478272036746,-64.83288625885059,29.99669146294393,35.0,0.12003161287137204,12.261718905248559
12.753306039000018,108.74208323299968,SAT_10078,20.16224234179262,192.1626131725835,98.99151730808524,170.44635537046474,-64.82745770156757,29.999041176255115,35.0,0.12000916204550569,12.260134345312443
12.753306039000018,108.84208323299967,SAT_10078,20.158174016975224,192.13972884548562,98.99105892355676,170.44745843305043,-64.83152602638496,29.99728026290702,35.0,0.12002598730899831,12.261321868932567
12.753306039000018,108.94208323299966,SAT_10078,20.144611990667357,192.0634424475039,98.98952870768763,170.4511344273418,-64.84508805269283,29.991408726821227,35.0,0.12008207817114198,12.265280274001102
12.753306039000018,109.04208323299966,SAT_10078,20.121566849619498,191.9338135291097,98.98692085261457,170.45737681633707,-64.86813319374069,29.98142658107387,35.0,0.12017739970927348,12.272005558768209
12.753306039000018,109.14208323299965,SAT_10095,20.12880758856427,191.97454268567404,98.98781916594366,170.45765143761017,-64.86089245479592,29.985888413681952,35.0,0.12013472141118177,12.26899470945652
12.753306039000018,109.24208323299965,SAT_10095,20.148919699513982,192.08767330976616,98.99009278886786,170.45220333274335,-64.8407803438462,29.99460090279033,35.0,0.1200515557527749,12.263126358140408
12.853306039000017,107.54208323299974,SAT_10094,20.09702059297875,191.79574083550546,98.98417035515953,170.4650537872953,-64.89267945038144,29.971398524095292,35.0,0.12027303914227289,12.278751148039161
12.853306039000017,107.64208323299974,SAT_10094,20.096645518383298,191.79363104090604,98.98412766879432,170.46515524940762,-64.89305452497689,29.971235878534802,35.0,0.12027459068955322,12.278860563414515
12.853306039000017,107.74208323299973,SAT_10094,20.0868164256581,191.73834239432685,98.98300812238072,170.46781365973226,-64.90288361770209,29.96697304480723,35.0,0.1203152512211288,12.281727751555934
12.853306039000017,107.84208323299973,SAT_10094,20.067540926985956,191.629917714296,98.98080745792473,170.47302431938635,-64.92215911637423,29.95861003241633,35.0,0.12039499561683284,12.287349833787376
12.853306039000017,107.94208323299972,SAT_10094,20.038833913220444,191.468440761865,98.9775172760762,170.48077803769303,-64.95086613013974,29.94614686000725,35.0,0.12051377472771119,12.295721177726255
12.853306039000017,108.04208323299972,SAT_10094,20.000717470467052,191.25403577137718,98.97312494597108,170.49106118601998,-64.98898257289314,29.929583555366968,35.0,0.12067151563367125,12.306833426606465
12.853306039000017,108.14208323299971,SAT_10078,19.976145268011507,191.11581713256473,98.97024214021157,170.49665204120288,-65.01355477534868,29.91829158811861,35.0,0.1207791866620898,12.314415135602324
12.853306039000017,108.2420832329997,SAT_10078,20.02881051106708,191.41205912475235,98.97632833550425,170.4824514013794,-64.96088953229311,29.941185098564898,35.0,0.12056119041659664,12.299062039062026
12.853306039000017,108.3420832329997,SAT_10078,20.072079802312885,191.65544888800997,98.98128995892938,170.47076466620868,-64.9176202410473,29.9599697287626,35.0,0.12038213395042989,12.286443169650793
12.853306039000017,108.44208323299969,SAT_10078,20.10591992655523,191.8457995868732,98.98514626349672,170.4616123270557,-64.88378011680496,29.974645436867764,35.0,0.12024212696732445,12.276571099649704
12.853306039000017,108.54208323299969,SAT_10078,20.13030473475149,191.98296413297714,98.98791207460403,170.45501052165105,-64.8593953086087,29.98521219019051,35.0,0.12014125579024053,12.269455721357911
12.853306039000017,108.64208323299968,SAT_10078,20.145215289980115,192.06683600613815,98.98959795090752,170.45097093991018,-64.84448475338007,29.991669965194227,35.0,0.1200795829100376,12.265104195754095
12.853306039000017,108.74208323299968,SAT_10078,20.15063997383578,192.09734985282626,98.99021029793448,170.44950075525549,-64.83906006952441,29.99401874749499,35.0,0.12005714665703918,12.263520915106877
12.853306039000017,108.84208323299967,SAT_10078,20.1465745519925,192.0744818549578,98.9897514366176,170.45060258228244,-64.84312549136769,29.992258531861225,35.0,0.1200739609988669,12.264707479947596
12.853306039000017,108.94208323299966,SAT_10078,20.133022198152105,191.99824986460558,98.98821962805431,170.45427446129352,-64.85667784520808,29.986389322213558,35.0,0.12013001546663674,12.268662690661484
12.853306039000017,109.04208323299966,SAT_10078,20.109993476091134,191.8687133030126,98.98560905496011,170.46050986989263,-64.87970656726905,29.976411131624925,35.0,0.1202252752102823,12.275382553791063
12.853306039000017,109.14208323299965,SAT_10095,20.124334013175428,191.9493788241118,98.9873137854044,170.45886274768924,-64.86536603018476,29.98394982703088,35.0,0.12015322136886455,12.270299888157535
12.853306039000017,109.24208323299965,SAT_10095,20.144435690622487,192.0624507597515,98.989587621411,170.45341832435162,-64.8452643527377,29.99265886226725,35.0,0.12007009678947449,12.26443479386386
12.853306039000017,109.34208323299964,SAT_10095,20.155061008507957,192.12221817285726,98.99078656241359,170.4505389672981,-64.83463903485223,29.997260339548443,35.0,0.12002616265468921,12.261334244447902
12.953306039000017,107.54208323299974,SAT_10094,20.128028074826062,191.9701579208966,98.98769165066969,170.45666128097076,-64.86167196853413,29.984838706545023,35.0,0.1201447836016176,12.269704610506766
12.953306039000017,107.64208323299974,SAT_10094,20.12765283311137,191.96804718625143,98.98764916233644,170.45676289870184,-64.86204721024882,29.984676126148806,35.0,0.12014633557366615,12.269814102122117
12.953306039000017,107.74208323299973,SAT_10094,20.117819364267476,191.91273392400456,98.98653481228004,170.45942538510147,-64.87188067909271,29.980415000334364,35.0,0.12018700722613158,12.272683287099477
12.953306039000017,107.84208323299973,SAT_10094,20.098535302519053,191.8042610766697,98.98434437632801,170.46464402688542,-64.89116474084113,29.972055338602893,35.0,0.12026677337217953,12.278309279186427
12.953306039000017,107.94208323299972,SAT_10094,20.06981558177162,191.64271264746537,98.98106952195091,170.47240960525315,-64.91988446158857,29.95959715959451,35.0,0.12038558473254916,12.28668643119737
12.953306039000017,108.04208323299972,SAT_10094,20.031682351828948,191.42821322903782,98.97669771902801,170.4827084499718,-64.95801769153124,29.943040491088702,35.0,0.12054336819413988,12.297806364454011
12.953306039000017,108.14208323299971,SAT_10094,19.984164854786187,191.16092730817232,98.97121210472393,170.49552251913855,-65.005535188574,29.922385370005003,35.0,0.12074002719201567,12.311658012248445
12.953306039000017,108.2420832329997,SAT_10078,20.007358057776585,191.29138907499328,98.97385827960785,170.48823899538667,-64.9823419855836,29.931863690336392,35.0,0.12064998053344383,12.305316699999898
12.953306039000017,108.3420832329997,SAT_10078,20.05058485401763,191.53453980384916,98.97883175970557,170.47657251694855,-64.93911518934256,29.950640822820844,35.0,0.12047107874829747,12.29271241646655
12.953306039000017,108.44208323299969,SAT_10078,20.084391659515546,191.72470308477497,98.98269724979438,170.46743607967275,-64.90530838384464,29.965310673258404,35.0,0.120331192984929,12.282851784445365
12.953306039000017,108.54208323299969,SAT_10078,20.10875241261199,191.86173232094245,98.98546963284969,170.4608457654661,-64.8809476307482,29.97587320896709,35.0,0.120230409291991,12.275744664957191
12.953306039000017,108.64208323299968,SAT_10078,20.1236482398551,191.94552134918493,98.98715950843389,170.45681322368387,-64.86605180350509,29.98232840641597,35.0,0.1201687899613063,12.271398196275882
12.953306039000017,108.74208323299968,SAT_10078,20.12906756185791,191.97600503545075,98.98777330684958,170.4553456028081,-64.86063248150228,29.9846762512246,35.0,0.1201463732009233,12.269816756717848
12.953306039000017,108.84208323299967,SAT_10078,20.12500615852919,191.9531596417267,98.98731335799869,170.45644550833444,-64.864693884831,29.982916738162665,35.0,0.12016317293387048,12.271001941725352
12.953306039000017,108.94208323299966,SAT_10078,20.11146719290049,191.87700296006528,98.98577791625904,170.46011098738666,-64.8782328504597,29.97704987114984,35.0,0.12021917872468867,12.27495255549819
12.953306039000017,109.04208323299966,SAT_10078,20.08846119326502,191.74759421211573,98.98316114184989,170.46633554024987,-64.90123885009517,29.967075663255915,35.0,0.12031435583450245,12.281664617266708
12.953306039000017,109.14208323299965,SAT_10095,20.109895703820257,191.86816333398897,98.98567755190825,170.46277091297753,-64.87980433953993,29.97769149046586,35.0,0.12021293246794981,12.274511984560299
12.953306039000017,109.24208323299965,SAT_10095,20.12998142752835,191.98114552984697,98.98795462062537,170.4573335657422,-64.85971861583184,29.98639704779623,35.0,0.12012986721080697,12.268652230675066
12.953306039000017,109.34208323299964,SAT_10095,20.140598304897964,192.040865465051,98.989155264102,170.45445795456456,-64.84910173846222,29.99099668750328,35.0,0.12008596445475637,12.265554506946184
13.053306039000017,107.54208323299974,SAT_10094,20.149084164817708,192.0885984270996,98.99007276913756,170.45095702080448,-64.84061587854248,29.99395897479458,35.0,0.12005770234357487,12.263560130189012
13.053306039000017,107.64208323299974,SAT_10094,20.148708858578246,192.08648732950263,98.99003042138862,170.45105873109026,-64.84099118478194,29.99379646001115,35.0,0.12005925440113974,12.2636696593017
13.053306039000017,107.74208323299973,SAT_10094,20.13887370093113,192.03116456773762,98.98891976028548,170.4537236417396,-64.85082634242906,29.98953705386523,35.0,0.12009992828794598,12.266539826266747
13.053306039000017,107.84208323299973,SAT_10094,20.119586339114278,191.9226731575178,98.98673658578461,170.458947030894,-64.87011370424591,29.981180765855484,35.0,0.12017969877837492,12.272167740429019
13.053306039000017,107.94208323299972,SAT_10094,20.090861732454172,191.7610972450547,98.9834726130294,170.4667196630048,-64.89883831090602,29.968727614617055,35.0,0.12029851651735503,12.280547746000915
13.053306039000017,108.04208323299972,SAT_10094,20.052722068363224,191.5465616345431,98.97911538377691,170.4770278430682,-64.93697797499696,29.95217762792203,35.0,0.12045630827948628,12.29167145157129
13.053306039000017,108.14208323299971,SAT_10094,20.00519663841827,191.2792310911028,98.97364813228083,170.48985349660086,-64.98450340494192,29.931530842680097,35.0,0.12065297735183565,12.30552777366933
13.053306039000017,108.2420832329997,SAT_10078,19.975986174212537,191.1149222299455,98.97023003627339,170.49669489954948,-65.01371386914765,29.91822238077099,35.0,0.12077984529158886,12.314461505077574
13.053306039000017,108.3420832329997,SAT_10078,20.019158811625402,191.35776831539292,98.97522212222772,170.4850558429356,-64.97054123173479,29.936991963718995,35.0,0.1206011367894076,12.301876215728786
13.053306039000017,108.44208323299969,SAT_10078,20.052923144495125,191.5476926877851,98.97910202486648,170.47594093204407,-64.93677689886506,29.951655916001744,35.0,0.12046140253204346,12.29203048029069
13.053306039000017,108.54208323299969,SAT_10078,20.077253228926637,191.68454941271233,98.98188471875342,170.469366173366,-64.91244681443355,29.96221420494505,35.0,0.12036072819978869,12.284934117812798
13.053306039000017,108.64208323299968,SAT_10078,20.092130277001218,191.76823280813187,98.98358086850787,170.4653431614629,-64.89756976635897,29.96866680702359,35.0,0.12029917581719825,12.280594236102468
13.053306039000017,108.74208323299968,SAT_10078,20.097542761913346,191.79867803576258,98.98419694382987,170.46387901112465,-64.89215728144684,29.97101370786035,35.0,0.12027678342813414,12.279015194754408
13.053306039000017,108.84208323299967,SAT_10078,20.0934864827547,191.77586146549518,98.98373528888325,170.4649763155538,-64.89621356060549,29.96925490222626,35.0,0.12029356489574765,12.28019858238219
13.053306039000017,108.94208323299966,SAT_10078,20.079964588178086,191.69980080850175,98.98219414736111,170.46863313108858,-64.9097354551821,29.96339039404007,35.0,0.12034950982946054,12.284143208304114
13.053306039000017,109.04208323299966,SAT_10078,20.05698755865798,191.57055501745114,98.97956764370984,170.47484298865533,-64.93271248470221,29.953420196368434,35.0,0.12044458363970001,12.290845108775605
13.053306039000017,109.14208323299965,SAT_10095,20.085504456962326,191.7309625704131,98.98290427746646,170.46936864989905,-64.90419558639786,29.967113417667683,35.0,0.12031381579120842,12.281626538375283
13.053306039000017,109.24208323299965,SAT_10095,20.105568741585017,191.84382417141572,98.98518762267365,170.46394175099582,-64.88413130177517,29.9758154730655,35.0,0.12023082799055756,12.275774195854297
13.053306039000017,109.34208323299964,SAT_10095,20.11617427495304,191.90348029661087,98.98639157128365,170.46107167083377,-64.87352576840715,29.980413262503834,35.0,0.12018696621084109,12.27268039386636
13.153306039000016,107.54208323299974,SAT_10094,20.160171635430657,192.15096544929742,98.99132359505704,170.44795164431645,-64.82952840792953,29.998759308910394,35.0,0.12001185220045403,12.260324220323024
13.153306039000016,107.64208323299974,SAT_10094,20.159796367909564,192.1488545694913,98.99128133134818,170.44805338367038,-64.82990367545062,29.998596860188123,35.0,0.12001340400231163,12.26043374796605
13.153306039000016,107.74208323299973,SAT_10094,20.149962225749192,192.0935375198392,98.9901728755058,170.45071905569242,-64.839737817611,29.99433918546223,35.0,0.12005407118526902,12.263303876195526
13.153306039000016,107.84208323299973,SAT_10094,20.130676860093857,191.98505733802796,98.98799404212279,170.45594393582877,-64.85902318326633,29.985986294228876,35.0,0.12013382851301552,12.26893171315343
13.153306039000016,107.94208323299972,SAT_10094,20.10195523789814,191.82349821317706,98.98473657526262,170.46371878326863,-64.88774480546205,29.973538205118295,35.0,0.12025262660957278,12.27731160070215
13.153306039000016,108.04208323299972,SAT_10094,20.063819557861294,191.60898501296978,98.98038806029265,170.47402989522314,-64.9258804854989,29.956994945895257,35.0,0.12041039221855253,12.28843514395246
13.153306039000016,108.14208323299971,SAT_10094,20.01629912640732,191.34168258604117,98.97493179038518,170.48685918697112,-64.97340091695287,29.936356553459728,35.0,0.12060702858614815,12.30229125485533
13.153306039000016,108.2420832329997,SAT_10094,19.959430195168835,191.02179484782468,98.96834658512313,170.50218429669627,-65.03026984819135,29.91162307384779,35.0,0.12084241596394557,12.318866209378927
13.153306039000016,108.3420832329997,SAT_10078,19.97782709572334,191.1252774134438,98.97044677569224,170.49619895831717,-65.01187294763685,29.919023181286594,35.0,0.12077222412956817,12.313924946476709
13.153306039000016,108.44208323299969,SAT_10078,20.01153991534875,191.31491202383674,98.97434642017578,170.48711112554005,-64.97816012801144,29.93368119493956,35.0,0.1206326713120668,12.304097526098893
13.153306039000016,108.54208323299969,SAT_10078,20.03583279954448,191.4515594974377,98.97714323682018,170.48055593402765,-64.95386724381571,29.944235207974973,35.0,0.1205321279620898,12.297014389800939
13.153306039000016,108.64208323299968,SAT_10078,20.050687067560162,191.53511475502592,98.97884798003199,170.47654490959923,-64.93901297580003,29.950685196873057,35.0,0.1204706557698654,12.292682607303984
13.153306039000016,108.74208323299968,SAT_10078,20.056091258470417,191.56551332889612,98.97946717388069,170.47508512477708,-64.93360878488977,29.95303114726017,35.0,0.12044829257387947,12.291106514798976
13.153306039000016,108.84208323299967,SAT_10078,20.0520411954017,191.54273172413457,98.97900318221117,170.47617915734148,-64.93765884795849,29.95127305390848,35.0,0.12046505216238572,12.292287692363104
13.153306039000016,108.94208323299966,SAT_10078,20.038540008991063,191.46678755057474,98.97745423397194,170.4798250751908,-64.95116003436912,29.945410920735803,35.0,0.12052092420094539,12.29622495571318
13.153306039000016,109.04208323299966,SAT_10095,20.02171207948271,191.37213044709026,98.97559786918985,170.48659760025026,-64.96798796387748,29.93941451873925,35.0,0.1205777282305794,12.300227154135893
13.153306039000016,109.14208323299965,SAT_10095,20.05118013469955,191.53788825768498,98.97898317772473,170.47864369701958,-64.93851990866064,29.95221563176058,35.0,0.12045580579594173,12.291636037605699
13.153306039000016,109.24208323299965,SAT_10095,20.07121754903828,191.65059871334034,98.98127588805481,170.47323058390734,-64.9184824943219,29.960914161206627,35.0,0.12037291341754966,12.285793158203651
13.253306039000016,107.64208323299974,SAT_10094,20.16090626488183,192.15509773996033,98.99140723268141,170.44775247392053,-64.82879377847836,29.99907731618797,35.0,0.12000881437872163,12.260109806367064
13.253306039000016,107.74208323299973,SAT_10094,20.151075849908494,192.0998016557353,98.9902995120369,170.45041723955975,-64.8386241934517,29.99482138462976,35.0,0.1200494658975196,12.262978872624183
13.253306039000016,107.84208323299973,SAT_10094,20.131797791148287,191.9913625752091,98.98812212629593,170.4556403447425,-64.8579022522119,29.98647191321991,35.0,0.120129192512201,12.268604628177092
13.253306039000016,107.94208323299972,SAT_10094,20.103087045329616,191.82986462997908,98.9848668299226,170.4634125549235,-64.88661299803057,29.974028920583805,35.0,0.1202479448809365,12.276981418809934
13.253306039000016,108.04208323299972,SAT_10094,20.064965796021653,191.61543260262178,98.98052122397975,170.47372017658034,-64.92473424733853,29.957492434478993,35.0,0.12040564979788534,12.288100855439298
13.253306039000016,108.14208323299971,SAT_10094,20.017463329739314,191.34823122978366,98.9750686228665,170.48654513717992,-64.97223671362087,29.936862491795832,35.0,0.12060221057578614,12.30195185766101
13.253306039000016,108.2420832329997,SAT_10094,19.960615873592957,191.0284642889604,98.96848787324761,170.50186508990916,-65.02908416976723,29.912139138558413,35.0,0.12083750754824332,12.31852071086825
13.253306039000016,108.3420832329997,SAT_10078,19.92662293234666,190.83725399444998,98.96448655951004,170.50998136761842,-65.06307711101353,29.896734514795813,35.0,0.12098423099901695,12.328846027191899
13.253306039000016,108.44208323299969,SAT_10078,19.96027534218257,191.02654879977698,98.96841141494431,170.5009260720699,-65.02942470117762,29.911386549356127,35.0,0.12084488910700941,12.31904028935684
13.253306039000016,108.54208323299969,SAT_10078,19.984524598859068,191.16295086858224,98.97122626611976,170.49439439230588,-65.00517544450112,29.92193625734986,35.0,0.12074449803666454,12.311972811508435
13.253306039000016,108.64208323299968,SAT_10078,19.999352149888978,191.24635584312549,98.97294198276255,170.49039777181534,-64.99034789347121,29.928383615262693,35.0,0.12068311907829618,12.307650617840265
13.253306039000016,108.74208323299968,SAT_10078,20.004746613194072,191.27669969921666,98.97356515876832,170.48894323249837,-64.98495343016612,29.930728608724323,35.0,0.12066078982473008,12.306078016567339
13.253306039000016,108.84208323299967,SAT_10078,20.00070384066545,191.25395910374317,98.97309818325725,170.49003333366542,-64.98899620269474,29.928971232508125,35.0,0.12067752397463244,12.307256577562818
13.253306039000016,108.94208323299966,SAT_10078,19.987226941379134,191.17815154525763,98.97153926624217,170.49366615705935,-65.00247310198105,29.92311149053102,35.0,0.1207333112607147,12.311185124192015
13.253306039000016,109.04208323299966,SAT_10095,19.97752980106756,191.12360513100504,98.97049491464837,170.4985077407386,-65.01217024229263,29.920202276568133,35.0,0.12076056695214778,12.313104211170014
13.253306039000016,109.14208323299965,SAT_10095,20.006950547615375,191.2890968303365,98.97389875010913,170.49057889065867,-64.98274949574481,29.932998165312863,35.0,0.12063881067574164,12.30452995972327
13.253306039000016,109.24208323299965,SAT_10095,20.026955733412137,191.4016260004433,98.97620398040661,170.48518285390912,-64.96274430994805,29.941693144795213,35.0,0.12055603145866062,12.298698569375473
13.353306039000016,107.64208323299974,SAT_10094,20.152037637979305,192.1052117136336,98.99040898107536,170.4501565647892,-64.83766240538088,29.99523782696062,35.0,0.12004548853652747,12.262698179015764
13.353306039000016,107.74208323299973,SAT_10094,20.142213659661138,192.0499518355939,98.98930052930031,170.4528187576381,-64.84748638369905,29.99098365031392,35.0,0.12008611543845149,12.2655651609364
13.353306039000016,107.84208323299973,SAT_10094,20.122948214166954,191.94158370468912,98.98712170509022,170.45803682456634,-64.86675182919323,29.9826376217672,35.0,0.1201657938045326,12.27118683258956
13.353306039000016,107.94208323299972,SAT_10094,20.094256230178075,191.78019129475166,98.9838642548653,170.46580154880002,-64.89544381318211,29.97019975994105,35.0,0.1202844743820405,12.27955754994111
13.353306039000016,108.04208323299972,SAT_10094,20.056159849764768,191.5658991549268,98.97951576758251,170.47609926310426,-64.93354019359542,29.95367009258587,35.0,0.12044208409706157,12.290668938979962
13.353306039000016,108.14208323299971,SAT_10094,20.008688304840618,191.29887171472848,98.9740595413304,170.48891192951902,-64.98101173851957,29.933048656582535,35.0,0.12063852643609346,12.304509939147001
13.353306039000016,108.2420832329997,SAT_10094,19.9518777552655,190.97931237336843,98.96747440206302,170.50421724379163,-65.03782228809469,29.9083354979433,35.0,0.12087368194702917,12.321066860299329
13.353306039000016,108.3420832329997,SAT_10094,19.885771090481327,190.60746238395748,98.9597344709446,170.52198876324584,-65.10392895287886,29.879530671812887,35.0,0.12114740885446758,12.34032345259143
13.353306039000016,108.44208323299969,SAT_10078,19.89917043699674,190.68283370810667,98.9612729174057,170.51736047940508,-65.09052960636345,29.884772027979324,35.0,0.12109792037974731,12.33684323455793
13.353306039000016,108.54208323299969,SAT_10078,19.92336976455809,190.81895492563928,98.96410984301883,170.5108561751535,-65.0663302788021,29.895317401806217,35.0,0.1209977024952678,12.329793802959555
13.353306039000016,108.64208323299968,SAT_10078,19.93816673876252,190.90218790553917,98.96583899093993,170.50687632548932,-65.05153330459767,29.901762110934282,35.0,0.12093642957446965,12.325482660468168
13.353306039000016,108.74208323299968,SAT_10078,19.943550068948454,190.93246913783506,98.9664670409757,170.50542789360122,-65.04614997441173,29.904106140996507,35.0,0.12091413892531436,12.323914082881704
13.353306039000016,108.84208323299967,SAT_10078,19.939515640357072,190.90977547700854,98.96599641334302,170.50651341737841,-65.05018440300312,29.902349486767466,35.0,0.1209308441425852,12.325089628249582
13.353306039000016,108.94208323299966,SAT_10078,19.92606653706636,190.83412427099827,98.96442529475787,170.51013099462045,-65.06363350629383,29.89649215216318,35.0,0.12098653503685895,12.329008128799689
13.353306039000016,109.04208323299966,SAT_10095,19.923485583111756,190.8196064050036,98.96420343446874,170.51305132491677,-65.06621446024843,29.896670431196185,35.0,0.12098427736303104,12.328849289164813
13.353306039000016,109.14208323299965,SAT_10095,19.952851291812607,190.98478851644592,98.96763059710042,170.50515227002603,-65.03684875154758,29.90946106033784,35.0,0.12086271286455348,12.32029482899483
13.353306039000016,109.24208323299965,SAT_10095,19.972818981920312,191.0971067733018,98.96995159075357,170.49977654162205,-65.01688106143988,29.91815246585177,35.0,0.12078006426457882,12.314476921405
13.453306039000015,107.64208323299974,SAT_10094,20.133197765818494,191.99923743272905,98.9882829572287,170.45526116119134,-64.8565022775417,29.987078400897627,35.0,0.12012340246979498,12.268196114778183
13.453306039000015,107.74208323299973,SAT_10094,20.123382921758477,191.94402893489143,98.98717230188046,170.45791912241157,-64.86631712160171,29.982825990902498,35.0,0.12016399583940854,12.271059994253227
13.453306039000015,107.84208323299973,SAT_10094,20.104135372691587,191.83576147139019,98.98498914105328,170.46312890258815,-64.8855646706686,29.974483428251112,35.0,0.12024360849430053,12.276675587837268
13.453306039000015,107.94208323299972,SAT_10094,20.075470001559196,191.67451875877046,98.98172519459692,170.47088131414034,-64.91423004180099,29.96205073155933,35.0,0.12036219132542669,12.285037267894554
13.453306039000015,108.04208323299972,SAT_10094,20.037408882754306,191.460424965493,98.97736801143738,170.48116273301582,-64.95229116060588,29.9455279285705,35.0,0.12051967147164408,12.29613668468891
13.453306039000015,108.14208323299971,SAT_10094,19.989981159145046,191.1936440201909,98.97190083564728,170.49395517804885,-64.99971888421514,29.92491505615612,35.0,0.12071595269971934,12.309962809622697
13.453306039000015,108.2420832329997,SAT_10094,19.933222880919345,190.87437870517132,98.96530242446336,170.50923641490127,-65.05647716244084,29.900212160316745,35.0,0.1209509159032406,12.326501991953082
13.453306039000015,108.3420832329997,SAT_10094,19.867176808120874,190.5028695456799,98.9575468147039,170.52698008333624,-65.12252323523931,29.871419296183088,35.0,0.1212244197153974,12.345738028370768
13.453306039000015,108.44208323299969,SAT_10078,19.8282736172697,190.28403909714208,98.95290148397865,170.53638450351053,-65.16142642609049,29.85383768898197,35.0,0.1213916050085053,12.357488006553416
13.453306039000015,108.54208323299969,SAT_10078,19.85241686014369,190.41984483830828,98.95576468228201,170.52991134466203,-65.1372831832165,29.86437869952541,35.0,0.12129158076101451,12.350458957318875
13.453306039000015,108.64208323299968,SAT_10078,19.867179487238673,190.50288461571756,98.95750981555881,170.52595057513318,-65.12252055612151,29.87082074207441,35.0,0.12123042640250568,12.346160296660251
13.453306039000015,108.74208323299968,SAT_10078,19.872550311423723,190.53309550175842,98.95814366639642,170.5245090916154,-65.11714973193646,29.873163802265214,35.0,0.1212081789181158,12.344596263668146
13.453306039000015,108.84208323299967,SAT_10078,19.86852525570852,190.5104545633604,98.95766869221335,170.52558940773676,-65.12117478765167,29.871407874873565,35.0,0.12122485178490362,12.345768403003579
13.453306039000015,108.94208323299966,SAT_10078,19.85510737586098,190.43497898921802,98.95608305185509,170.52918963948233,-65.1345926674992,29.865552963814604,35.0,0.12128043490168607,12.349675556929805
13.453306039000015,109.04208323299966,SAT_10095,19.859622441504655,190.46037623346368,98.95669773469429,170.53020183039735,-65.13007760185553,29.868819034072356,35.0,0.12124871727351502,12.347446088257033
13.453306039000015,109.14208323299965,SAT_10095,19.888925542142033,190.62520617454896,98.9601531910162,170.52233721053506,-65.10077450121815,29.881604368294962,35.0,0.12112736967764531,12.338914289300405
13.553306039000015,107.64208323299974,SAT_10094,20.10440207387157,191.8372616655276,98.98502102646745,170.46305673795803,-64.88529796948862,29.974599055832442,35.0,0.12024250529384448,12.276597782069189
13.553306039000015,107.74208323299973,SAT_10094,20.094599040272726,191.7821196015341,98.98390667904718,170.46570882243537,-64.89510100308746,29.970348424225193,35.0,0.12028305628240481,12.279457548594882
13.553306039000015,107.84208323299973,SAT_10094,20.07537462892563,191.67398228770668,98.98171625183254,170.4709070942119,-64.91432541443456,29.962009350493997,35.0,0.12036258589404365,12.285065084822614
13.553306039000015,107.94208323299972,SAT_10094,20.046743659562438,191.51293308503872,98.97844141933582,170.4786424061731,-64.94295638379775,29.94958185325004,35.0,0.12048104521737305,12.29341478565732
13.553306039000015,108.04208323299972,SAT_10094,20.00872811305122,191.2990956359131,98.97406966216306,170.48890119412408,-64.98097193030897,29.93306596022971,35.0,0.12063836168395328,12.304498334730647
13.553306039000015,108.14208323299971,SAT_10094,19.96135700920368,191.03263317677073,98.96858413217278,170.50166555562666,-65.0283430341565,29.912461708295247,35.0,0.12083443944613478,12.318304747378951
13.553306039000015,108.2420832329997,SAT_10094,19.904666246642137,190.71374763736205,98.96196346924644,170.51691335326154,-65.08503379671805,29.88776914343565,35.0,0.12106915987313902,12.334820427019016
13.553306039000015,108.3420832329997,SAT_10094,19.838698406581784,190.34267853702252,98.95418156609334,170.5346183410742,-65.1510016367784,29.858988320767793,35.0,0.1213423821603831,12.354029234311598
13.553306039000015,108.44208323299969,SAT_10094,19.76350252277237,189.9197016905946,98.94520727641275,170.55475031270515,-65.22619752058782,29.82611930453776,35.0,0.12165394404598977,12.375912568374428
13.553306039000015,108.54208323299969,SAT_10078,19.77172159808171,189.96593398920965,98.94615583066013,170.55152557631556,-65.21797844527848,29.829120218135287,35.0,0.12162594847072496,12.373947138627486
13.553306039000015,108.64208323299968,SAT_10078,19.7864462090576,190.048759925949,98.94791961942917,170.54758613114672,-65.20325383430259,29.835559576316108,35.0,0.12156492488305189,12.369662354588934
13.553306039000015,108.74208323299968,SAT_10078,19.791803191261465,190.07889295084576,98.94856023992928,170.54615241322435,-65.19789685209872,29.837901660165347,35.0,0.1215427250086039,12.36810337403112
13.553306039000015,108.84208323299967,SAT_10078,19.787788509703432,190.05631036708178,98.9480801932311,170.54722690919957,-65.20191153365676,29.83614646445992,35.0,0.12155936219338265,12.369271726723724
13.553306039000015,108.94208323299966,SAT_10078,19.77440518866956,189.9810291862663,98.9464776054773,170.55080775527838,-65.21529485469063,29.830293993114083,35.0,0.12161482643443852,12.373166266091882
13.553306039000015,109.04208323299966,SAT_10095,19.785990698675576,190.0461976800501,98.9479466550248,170.54992824629602,-65.20370934468461,29.836648146093296,35.0,0.12155372022247253,12.36887552425942
13.553306039000015,109.14208323299965,SAT_10095,19.815223804138654,190.21063389827992,98.9514355754049,170.54210258361482,-65.17447623922153,29.84942815009128,35.0,0.12143261408270092,12.360369191615293
13.553306039000015,109.24208323299965,SAT_10095,19.835101151906755,190.32244397947554,98.9537983000456,170.53677687820556,-65.15459889145343,29.8581123356827,35.0,0.12135027768160676,12.354584071248974
13.653306039000014,107.64208323299974,SAT_10094,20.065674043033894,191.61941649206568,98.98061044737273,170.47352879887364,-64.9240260003263,29.95779981904088,35.0,0.1204027195271993,12.287894300966318
13.653306039000014,107.74208323299973,SAT_10094,20.05588546534476,191.56435574256426,98.97949089314764,170.47617338125332,-64.93381457801543,29.953550977554105,35.0,0.1204432193815793,12.290748954934637
13.653306039000014,107.84208323299973,SAT_10094,20.036689372837458,191.4563777222107,98.97729021810281,170.48135696163774,-64.95301067052273,29.94521541576067,35.0,0.12052264880503816,12.296346475840613
13.653306039000014,107.94208323299972,SAT_10094,20.008100504881583,191.2955653399589,98.97400003224189,170.4890704444411,-64.9815995384786,29.93279315226715,35.0,0.12064095913695064,12.304681287167707
13.653306039000014,108.04208323299972,SAT_10094,19.970140723437595,191.08204156933647,98.96960771895141,170.4993003416915,-65.01955931992259,29.91628421480305,35.0,0.12079807818023669,12.315745114853904
13.653306039000014,108.14208323299971,SAT_10094,19.92283889186038,190.81596876671463,98.9640962988492,170.5120288512052,-65.06686115149981,29.895688640221465,35.0,0.12099391057646966,12.3295270299396
13.653306039000014,108.2420832329997,SAT_10094,19.866230716062574,190.497547777852,98.95744424476374,170.52723395898687,-65.12346932729761,29.8710064745,35.0,0.12122833829838559,12.346013504512367
13.653306039000014,108.3420832329997,SAT_10094,19.800358549877714,190.12701684306217,98.94962524422117,170.54488956462438,-65.18934149348247,29.84223777274184,35.0,0.12150122125484754,12.365188480345076
13.653306039000014,108.44208323299969,SAT_10094,19.725271166839974,189.70465031347487,98.94060790470456,170.56496562819842,-65.26442887652021,29.80938259917713,35.0,0.12181239800226686,12.387033449496645
13.653306039000014,108.54208323299969,SAT_10078,19.68134652686544,189.4575742136181,98.93524224549319,170.57566036026265,-65.30835351649475,29.78954203471206,35.0,0.12200059845334799,12.400234592490815
13.653306039000014,108.64208323299968,SAT_10078,19.696029564869022,189.54016630238826,98.93702749759586,170.57174441164716,-65.29367047849117,29.795978690740696,35.0,0.12193971749398515,12.395965040090719
13.653306039000014,108.74208323299968,SAT_10078,19.701371409977213,189.57021418112183,98.93767590655611,170.57031925029787,-65.28832863338297,29.79831979178009,35.0,0.12191756954676615,12.394411605318423
13.653306039000014,108.84208323299967,SAT_10078,19.69736807322859,189.5476954119108,98.93719002396206,170.57138733330896,-65.2923319701316,29.796565332608314,35.0,0.12193416781386218,12.395575801617085
13.653306039000014,108.94208323299966,SAT_10078,19.68402254440734,189.47262681229128,98.93556793811011,170.574946819042,-65.30567749895285,29.790715317138762,35.0,0.1219895024001312,12.39945649464948
13.653306039000014,109.04208323299966,SAT_10095,19.70264769873721,189.57739330539684,98.93791319733275,170.57219525653795,-65.28705234462298,29.800157837605035,35.0,0.12189909636638958,12.393115829323678
13.653306039000014,109.14208323299965,SAT_10095,19.731803627640076,189.74139540547543,98.9414409967094,170.56441294103342,-65.25789641572011,29.81293247608313,35.0,0.121778255592997,12.384637695176819
13.753306039000014,107.54208323299974,SAT_10094,20.017417948105717,191.34797595809465,98.97507667184496,170.48655737934718,-64.97228209525447,29.936842770189557,35.0,0.12060239838533911,12.301965087711514
13.753306039000014,107.64208323299974,SAT_10094,20.017045071179254,191.34587852538328,98.97503372758196,170.48665796603507,-64.97265497218093,29.93668072724189,35.0,0.12060394151907372,12.302073791868679
13.753306039000014,107.74208323299973,SAT_10094,20.007273555002868,191.29091374689114,98.97390741502355,170.48929344658106,-64.98242648835732,29.932433687604508,35.0,0.12064438160996918,12.304922347770807
13.753306039000014,107.84208323299973,SAT_10094,19.98811088449405,191.18312372527905,98.97169343822584,170.49445920270156,-65.00158915886614,29.92410166075919,35.0,0.12072369394267393,12.310507922981094
13.753306039000014,107.94208323299972,SAT_10094,19.95957170190958,191.0225908232414,98.96838332293771,170.5021462011335,-65.0301283414506,29.911684665307963,35.0,0.12084183015932942,12.318824975465722
13.753306039000014,108.04208323299972,SAT_10094,19.921677725517043,190.80943720603338,98.96396432555714,170.51234104609517,-65.06802231784314,29.895182728973527,35.0,0.12099871851124307,12.329865282210255
13.753306039000014,108.14208323299971,SAT_10094,19.8744576295949,190.5438241664713,98.95841929525585,170.52502605666422,-65.11524241376529,29.874595888599966,35.0,0.12119426423071271,12.343617981470334
13.753306039000014,108.2420832329997,SAT_10094,19.817946887160915,190.22595124028015,98.95172648660179,170.54017936813577,-65.17175315619927,29.849924190153605,35.0,0.12142835001924444,12.360069628197865
13.753306039000014,108.3420832329997,SAT_10094,19.7521875772388,189.85605512196824,98.94385931899664,170.55777505615137,-65.23751246612139,29.82116768872414,35.0,0.1217008366472786,12.379204262046885
13.753306039000014,108.44208323299969,SAT_10094,19.677228158852387,189.4344083935447,98.9347860781145,170.57778328213683,-65.3124718845078,29.788326448525968,35.0,0.122011563659497,12.401003487237427
13.753306039000014,108.54208323299969,SAT_10094,19.593123214274726,188.9613180802953,98.924469553235,170.60017045836287,-65.39657682908546,29.751400542899738,35.0,0.12236035017885022,12.42544656344349
13.753306039000014,108.64208323299968,SAT_10078,19.595998715925006,188.97749277707817,98.92478597383302,170.5983828649512,-65.39370132743518,29.75207817187996,35.0,0.12235457495750748,12.425042059406445
13.753306039000014,108.74208323299968,SAT_10078,19.601324173323007,189.0074484749419,98.92544324863819,170.59696702259404,-65.38837587003718,29.75441828364308,35.0,0.12233248311510958,12.4234946479711
13.753306039000014,108.84208323299967,SAT_10078,19.5973331186826,188.98499879258964,98.92495072287004,170.5980281212284,-65.39236692467759,29.752664565851006,35.0,0.12234903933354971,12.42465432996665
13.753306039000014,108.94208323299966,SAT_10078,19.58402850443366,188.91016033743935,98.92330644146696,170.60156434319373,-65.40567153892653,29.74681702241628,35.0,0.1224042338346153,12.428519984314468
13.753306039000014,109.04208323299966,SAT_10095,19.609657487837694,189.05432336908703,98.92655407571722,170.59696344532398,-65.3800425555225,29.759348188404946,35.0,0.12228463348087819,12.420142665122578
13.753306039000014,109.14208323299965,SAT_10095,19.638729285455923,189.21785223068957,98.9301264581888,170.58922872148491,-65.35097075790426,29.772117426078076,35.0,0.12216408127351576,12.411695381223895
13.853306039000014,107.54208323299974,SAT_10094,19.95892641741591,191.0189610979645,98.96831168662197,170.50231991907143,-65.03077362594428,29.911403800350527,35.0,0.12084450148901142,12.319013005734375
13.853306039000014,107.64208323299974,SAT_10094,19.958554289419624,191.0168678779854,98.96826842383729,170.5024200983844,-65.03114575394056,29.911241826598573,35.0,0.12084604201778834,12.31912144013695
13.853306039000014,107.74208323299973,SAT_10094,19.948802391765042,190.96201345367837,98.967133753517,170.5050449086097,-65.04089765159515,29.90699660053586,35.0,0.12088641386700096,12.321962929654307
13.853306039000014,107.84208323299973,SAT_10094,19.929678151329497,190.85443960122845,98.964903326686,170.51018976873405,-65.06002189203069,29.898668131641873,35.0,0.12096559250213805,12.32753466243637
13.853306039000014,107.94208323299972,SAT_10094,19.90119609699694,190.69422804560782,98.96156856433544,170.51784571828364,-65.08850394636325,29.88625643851414,35.0,0.12108352991878224,12.335831136674962
13.853306039000014,108.04208323299972,SAT_10094,19.86337777927467,190.48150000842006,98.95711656496074,170.5279994691561,-65.12632226408552,29.869761548868656,35.0,0.12124015489169247,12.34684418890638
13.853306039000014,108.14208323299971,SAT_10094,19.81625165169072,190.2164155407603,98.9515299645294,170.54063348206694,-65.17344839166947,29.849183499540594,35.0,0.12143537334281389,12.360563035800313
13.853306039000014,108.2420832329997,SAT_10094,19.759852915339977,189.89917264878738,98.9447867461531,170.5557260666977,-65.22984712802021,29.824522336485153,35.0,0.1216690688245111,12.37697432898316
13.853306039000014,108.3420832329997,SAT_10094,19.694223328365453,189.53000622205568,98.93685999570758,170.57325150435145,-65.29547671499473,29.7957781147787,35.0,0.12194110311320891,12.396062222308776
13.853306039000014,108.44208323299969,SAT_10094,19.619410982531434,189.10918677673934,98.9277175984879,170.5931801916756,-65.37028906082875,29.76295089862009,35.0,0.12225131690759691,12.417808450865639
13.853306039000014,108.54208323299969,SAT_10094,19.53547004937367,188.6370190277269,98.91732187066636,170.6154788037956,-65.45422999398652,29.726040761332214,35.0,0.12259953062463218,12.442192420898492
13.853306039000014,108.64208323299968,SAT_10078,19.486428949161933,188.3611628390359,98.91114040173376,170.6274552100964,-65.50327109419825,29.703858115718543,35.0,0.12280924742289427,12.456864752397513
13.853306039000014,108.74208323299968,SAT_10078,19.491736816015887,188.39101959008937,98.91180768797472,170.62604941851606,-65.4979632273443,29.70619723174078,35.0,0.12278721571237687,12.455323824856647
13.853306039000014,108.84208323299967,SAT_10078,19.48775894497068,188.36864406546007,98.91130766064983,170.6271029843218,-65.50194109838951,29.704444260173087,35.0,0.12280372686401111,12.456478647376796
13.853306039000014,108.94208323299966,SAT_10078,19.47449824842363,188.29405264738293,98.90963831539268,170.63061411553778,-65.51520179493656,29.69859920492718,35.0,0.12285877122515397,12.460328113100797
13.853306039000014,109.04208323299966,SAT_10095,19.507090463392558,188.47738385658315,98.9138191780092,170.62418952231104,-65.48260957996763,29.71421928774397,35.0,0.12271009806464843,12.449929247335906
13.853306039000014,109.14208323299965,SAT_10095,19.536071420779905,188.64040174188696,98.91744218612261,170.61650647698156,-65.45362862258028,29.726983089337153,35.0,0.1225898568499028,12.441515378085985
13.953306039000013,107.54208323299974,SAT_10094,19.890619618954233,190.63473535661757,98.96033052670579,170.52068672444585,-65.09908042440595,29.881645076828477,35.0,0.12112732926711305,12.338911447521467
13.953306039000013,107.64208323299974,SAT_10094,19.89024833533219,190.63264688624355,98.96028688217001,170.52078643790043,-65.099451708028,29.881483172719467,35.0,0.12112886687404319,12.339019575972998
13.953306039000013,107.74208323299973,SAT_10094,19.88051855627694,190.5779168790578,98.959142194939,170.5233990459237,-65.10918148708325,29.87723977195309,35.0,0.1211691621806429,12.341853050931997
13.953306039000013,107.84208323299973,SAT_10094,19.86143764259303,190.47058673958583,98.95689205214727,170.52852000993727,-65.12826240076716,29.868914884006564,35.0,0.12124819085837554,12.347409083978071
13.953306039000013,107.94208323299972,SAT_10094,19.83301999409447,190.3107374667814,98.9535277485712,170.5361404523488,-65.15668004926572,29.85650852747298,35.0,0.12136590530539679,12.3556822190845
13.953306039000013,108.04208323299972,SAT_10094,19.795286970299045,190.09848920793212,98.94903619244758,170.54624720766503,-65.19441307306114,29.840020730061713,35.0,0.12152223489270174,12.366664360565121
13.953306039000013,108.14208323299971,SAT_10094,19.74826677340478,189.83400060040188,98.94339976282471,170.55882289788687,-65.24143326995541,29.81945152859913,35.0,0.12171708632781279,12.380344814339862
13.953306039000013,108.2420832329997,SAT_10094,19.691994294898763,189.51746790880554,98.93659611565604,170.5738460312838,-65.29770574846142,29.79480096902946,35.0,0.12195034413236522,12.396710342074712
13.953306039000013,108.3420832329997,SAT_10094,19.626510927550996,189.14912396747437,98.92859793478867,170.59129112337706,-65.36318911580919,29.7660691064159,35.0,0.12222187122885186,12.415745227619176
13.953306039000013,108.44208323299969,SAT_10094,19.551864344908708,188.7292369401115,98.91937262281407,170.6111288387206,-65.43783569845148,29.733256004941964,35.0,0.12253150963077848,12.43743135504207
13.953306039000013,108.54208323299969,SAT_10094,19.468108250739974,188.25810891041237,98.9088819253955,170.63332615184603,-65.52159179262021,29.69636173791302,35.0,0.12287908122957167,12.461748297457627
13.953306039000013,108.64208323299968,SAT_10094,19.375302101145195,187.73607431894175,98.89708148111195,170.6578465255633,-65.61439794221499,29.655386387758053,35.0,0.12326438867078522,12.488673415738976
13.953306039000013,108.74208323299968,SAT_10078,19.37269040196405,187.72138351104778,98.89670677853736,170.6575166511786,-65.61700964139614,29.653656741515178,35.0,0.1232814980215874,12.48986823371112
13.953306039000013,108.84208323299967,SAT_10078,19.368726578005578,187.69908700128138,98.89619833208809,170.6585621600378,-65.62097346535461,29.651904521015197,35.0,0.12329796120844834,12.491017865123553
13.953306039000013,108.94208323299966,SAT_10095,19.356915821171896,187.6326514940919,98.89476770782076,170.66387800047227,-65.63278422218829,29.647924060318786,35.0,0.12333346379293857,12.493496818241866
13.953306039000013,109.04208323299966,SAT_10095,19.39502299611992,187.84700435317453,98.89965092627632,170.65382656489783,-65.59467704724027,29.66477123432908,35.0,0.12317523653515225,12.48244648013637
13.953306039000013,109.14208323299965,SAT_10095,19.423906667303356,188.00947500358137,98.90333099598739,170.64619911641554,-65.56579337605683,29.677529564577327,35.0,0.12305532790941565,12.4740684963092
14.053306039000013,107.44208323299975,SAT_10094,19.803586621256684,190.14517474456886,98.95003192478455,170.5440252966251,-65.1861134221035,29.843648768603543,35.0,0.12148784632939429,12.364249047752544
14.053306039000013,107.54208323299974,SAT_10094,19.812551432173677,190.19560180597693,98.95110000505866,170.54162459091498,-65.17714861118651,29.84756666467906,35.0,0.1214507034957224,12.361639981454877
14.053306039000013,107.64208323299974,SAT_10094,19.812181085895617,190.19351860816286,98.95105591278225,170.54172378161806,-65.17751895746457,29.847404830660093,35.0,0.12145223787163498,12.361747768634967
14.053306039000013,107.74208323299973,SAT_10094,19.802475860729587,190.13892671660392,98.94989947704286,170.54432269719823,-65.1872241826306,29.843163266908142,35.0,0.12149244853682123,12.364572303803685
14.053306039000013,107.84208323299973,SAT_10094,19.78344304369972,190.03186712081092,98.94762620963472,170.5494168464606,-65.20625699966047,29.834841982898205,35.0,0.12157131139296176,12.370110824705131
14.053306039000013,107.94208323299972,SAT_10094,19.755096890493746,189.87242000902734,98.94422725649338,170.55699744435842,-65.23460315286644,29.822440997218973,35.0,0.12168877928817652,12.378357926438829
14.053306039000013,108.04208323299972,SAT_10094,19.717458547350162,189.66070432884467,98.93968930147187,170.5670514623121,-65.27224149601003,29.805960337573296,35.0,0.12184478225990958,12.38930558901132
14.053306039000013,108.14208323299971,SAT_10094,19.67055593579309,189.39687713883615,98.93399442058485,170.57956170243213,-65.3191441075671,29.785400040778853,35.0,0.12203922789381375,12.402943218020006
14.053306039000013,108.2420832329997,SAT_10094,19.614423601532437,189.08113275861996,98.92711988385169,170.59450689476816,-65.37527644182775,29.76076015276903,35.0,0.12227200179505798,12.419257698033553
14.053306039000013,108.3420832329997,SAT_10094,19.549102529248984,188.71370172702555,98.91903790078295,170.61186181643484,-65.4405975141112,29.732040728594043,35.0,0.12254296816740688,12.438233458102998
14.053306039000013,108.44208323299969,SAT_10094,19.474639925339844,188.2948495800366,98.90971530433451,170.63159743123052,-65.51506011802034,29.69924183242225,35.0,0.12285197049442692,12.459852548717642
14.053306039000013,108.54208323299969,SAT_10094,19.391088971019215,187.82487546198308,98.89911316675997,170.65368104815346,-65.59861107234097,29.662363537541708,35.0,0.1231988323162819,12.484094729412943
14.053306039000013,108.64208323299968,SAT_10094,19.29850854844834,187.3041105850219,98.88718633917057,170.6780764970349,-65.69119149491185,29.621405926361955,35.0,0.12358335809479538,12.510937566144099
14.053306039000013,108.74208323299968,SAT_10078,19.244271304246936,186.999026086389,98.88006937260329,170.69131572696205,-65.74542873911325,29.5967969278667,35.0,0.12381504275056548,12.527094897267348
14.053306039000013,108.84208323299967,SAT_10078,19.24032235097235,186.97681322421948,98.87955152114792,170.69235268027515,-65.74937769238784,29.59504546327642,35.0,0.12383145520143704,12.528239020187671
14.053306039000013,108.94208323299966,SAT_10095,19.235565968603893,186.9500585733969,98.87901517307495,170.69579767383624,-65.7541340747563,29.59416423370431,35.0,0.12383753878913505,12.528663095835222
14.053306039000013,109.04208323299966,SAT_10095,19.273537028990262,187.16364578807023,98.88398352102563,170.6858242748849,-65.71616301436993,29.61100413632606,35.0,0.12367977650453385,12.517663099306544
14.053306039000013,109.14208323299965,SAT_10095,19.30231724615595,187.32553450962726,98.88772754347775,170.6782561635542,-65.68738279720424,29.623756959974262,35.0,0.12356022118242989,12.509323372441848
14.153306039000013,107.44208323299975,SAT_10094,19.715842726174813,189.65161533473335,98.9395003926484,170.5674827876237,-65.27385731718537,29.805252449986284,35.0,0.12185148020512217,12.389775499342838
14.153306039000013,107.54208323299974,SAT_10094,19.724782672042082,189.7019025302367,98.94058100196519,170.56509606451758,-65.2649173713181,29.809168638406735,35.0,0.12181442283266602,12.38717552237459
14.153306039000013,107.64208323299974,SAT_10094,19.724413353324294,189.69982511244916,98.9405363926706,170.56519467734472,-65.2652866900359,29.809006874924766,35.0,0.12181595367700188,12.387282933938938
14.153306039000013,107.74208323299973,SAT_10094,19.714735045228153,189.64538462940837,98.9393663905218,170.56777845655998,-65.27496499813203,29.8047671599018,35.0,0.12185607182750277,12.390097629646354
14.153306039000013,107.84208323299973,SAT_10094,19.695754953651686,189.53862161429075,98.93706641981142,170.5728429630588,-65.2939450897085,29.796449502810624,35.0,0.12193475343932492,12.395616876020997
14.153306039000013,107.94208323299972,SAT_10094,19.667487175800687,189.37961536387888,98.93362745359931,170.58037951353833,-65.3222128675595,29.7840539222356,35.0,0.12205195185602274,12.403835324400747
14.153306039000013,108.04208323299972,SAT_10094,19.629952623384057,189.16848350653532,98.92903591509928,170.59037522994404,-65.35974741997613,29.767580445873133,35.0,0.1222075978488639,12.414745038056363
14.153306039000013,108.14208323299971,SAT_10094,19.58317890926807,188.90538136463292,98.92327352828642,170.60281311241513,-65.40652113409212,29.747029110532324,35.0,0.1224015999704566,12.428335532238854
14.153306039000013,108.2420832329997,SAT_10094,19.52720019888494,188.59050111872781,98.91631711476553,170.61767213486306,-65.46249984447525,29.722399962135864,35.0,0.12263384501918657,12.444593826728877
14.153306039000013,108.3420832329997,SAT_10094,19.462057028071115,188.22407078290001,98.90813833281604,170.63492736206626,-65.52764301528907,29.693693055721145,35.0,0.12290419860990516,12.46350451033404
14.153306039000013,108.44208323299969,SAT_10094,19.387796089368223,187.80635300269628,98.89870335326987,170.65455008692524,-65.60190395399196,29.660908455441575,35.0,0.1232125058453394,12.485049816662956
14.153306039000013,108.54208323299969,SAT_10094,19.30446998912815,187.33764368884584,98.887972465437,170.67650798631888,-65.68523005423204,29.624046234568134,35.0,0.12355859208181455,12.509209710399476
14.153306039000013,108.64208323299968,SAT_10094,19.212136978039325,186.81827050147123,98.87589960461483,170.70076529382052,-65.77756306532086,29.583106475491135,35.0,0.12394226378211293,12.535961983209356
14.153306039000013,108.74208323299968,SAT_10094,19.110860657905334,186.2485912007175,98.86243179073544,170.72728298739406,-65.87883938545485,29.53808926972223,35.0,0.12436330944764211,12.565282358335379
14.153306039000013,108.84208323299967,SAT_10078,19.102637468669997,186.20233576126873,98.86128631806173,170.72841864937482,-65.88706257469019,29.53386721131751,35.0,0.12440390510903881,12.568107231523845
14.153306039000013,108.94208323299966,SAT_10095,19.104892445537104,186.21502000614623,98.86167869417297,170.73001993221533,-65.88480759782308,29.536085526670416,35.0,0.12438069939265219,12.566492492885516
14.153306039000013,109.04208323299966,SAT_10095,19.142719657298997,186.42779807230687,98.8667420503348,170.72012924672345,-65.84698038606119,29.552918111362473,35.0,0.12422342812413295,12.55554582257609
14.153306039000013,109.14208323299965,SAT_10095,19.17139054392524,186.58907180957948,98.87055744182301,170.71262402664755,-65.81830949943495,29.56566539316532,35.0,0.12410424589267859,12.547246620060037
14.253306039000012,107.44208323299975,SAT_10078,19.626337188514484,189.14814668539398,98.92856134922599,170.590313469622,-65.3633628548457,29.765405095726006,35.0,0.12222872887248992,12.416225752077217
14.253306039000012,107.54208323299974,SAT_10094,19.6273807512988,189.15401672605574,98.9287279867293,170.59105965895117,-65.36231929206139,29.766451081966814,35.0,0.12221826387629146,12.415492451200741
14.253306039000012,107.64208323299974,SAT_10094,19.62701254734624,189.15194557882262,98.9286827872708,170.59115764071097,-65.36268749601395,29.76628938946867,35.0,0.12221979089793532,12.4155994538737
14.253306039000012,107.74208323299973,SAT_10094,19.61736344065791,189.09766935370075,98.92749729927793,170.5937248902455,-65.37233660270228,29.76205153488574,35.0,0.1222598089078031,12.418403438434705
14.253306039000012,107.84208323299973,SAT_10094,19.59844054904856,188.99122808839815,98.9251668465333,170.59875702498914,-65.39125949431163,29.753737527688617,35.0,0.12233829433671803,12.42390170267438
14.253306039000012,107.94208323299972,SAT_10094,19.570257797647628,188.8327001117679,98.92168220350956,170.6062454720738,-65.41944224571256,29.74134738645741,35.0,0.12245520106705672,12.432088959029112
14.253306039000012,108.04208323299972,SAT_10094,19.532835843504444,188.6222016197125,98.91702949398845,170.61617751683653,-65.45686419985574,29.724881138882147,35.0,0.12261046066820717,12.442957361233164
14.253306039000012,108.14208323299971,SAT_10094,19.486201964317033,188.3598860492833,98.91119003745669,170.62853637438332,-65.50349807904315,29.704338821763475,35.0,0.12280398274451622,12.456496543678796
14.253306039000012,108.2420832329997,SAT_10094,19.430389912544868,188.0459432580649,98.90414014021093,170.64330128336854,-65.55931013081532,29.679720481013526,35.0,0.12303565539230137,12.472693673068012
14.253306039000012,108.3420832329997,SAT_10094,19.36543973654574,187.6805985180698,98.89585082693924,170.66044762089516,-65.62426030681445,29.65102617165703,35.0,0.12330534576147109,12.491533511814863
14.253306039000012,108.44208323299969,SAT_10094,19.291397570714125,187.26411133526696,98.88628750723862,170.67994703721976,-65.69830247264606,29.618255957832645,35.0,0.12361290071634563,12.512998492542598
14.253306039000012,108.54208323299969,SAT_10094,19.20831539691241,186.79677410763233,98.87540957003128,170.70176760873605,-65.78138464644778,29.58140991279449,35.0,0.12395814758940944,12.537068802916822
14.253306039000012,108.64208323299968,SAT_10094,19.116250779743325,186.2789106360562,98.86316989709712,170.72587400754315,-65.87344926361686,29.54048811891393,35.0,0.12434089502097395,12.563722479966662
14.253306039000012,108.74208323299968,SAT_10095,19.015452237408596,185.71191883542335,98.84958826410856,170.75335441679465,-65.97424780595159,29.49622113587897,35.0,0.12475267998231732,12.5923618450536
14.253306039000012,108.84208323299967,SAT_10078,18.95576756022345,185.37619252625692,98.84131096239172,170.766701528907,-66.03393248313674,29.468369898964333,35.0,0.12501499207712974,12.610585861116954
14.253306039000012,108.94208323299966,SAT_10095,18.964986668044588,185.4280500077508,98.84267239029676,170.76648879309104,-66.0247133753156,29.473688066296962,35.0,0.12496264096657919,12.606950007554934
14.253306039000012,109.04208323299966,SAT_10095,19.002662694120048,185.63997765442528,98.84784144088721,170.75668524453567,-65.98703734924014,29.49051328653097,35.0,0.12480588548557969,12.596059505749855
14.253306039000012,109.14208323299965,SAT_10078,19.058398396573224,185.95349098072438,98.85533500282803,170.73997041764105,-65.93130164678696,29.514164370093212,35.0,0.12458792366454993,12.580907675574576
14.353306039000012,107.44208323299975,SAT_10078,19.721856898101507,189.68544505182098,98.94020242546576,170.56485142358378,-65.26784314525868,29.80729461863464,35.0,0.12183264009359959,12.38845370021595
14.353306039000012,107.54208323299974,SAT_10078,19.696687347349766,189.54386632884246,98.93715501901455,170.5715689349051,-65.29301269601042,29.796266986461845,35.0,0.12193699021252,12.395773757354661
14.353306039000012,107.64208323299974,SAT_10078,19.662329935479534,189.35060588707236,98.93297448175828,170.58072908267334,-65.32737010788065,29.78120193426922,35.0,0.12207945496148424,12.405763504515045
14.353306039000012,107.74208323299973,SAT_10078,19.6188097883864,189.10580505967351,98.92764441799224,170.59231639554986,-65.37089025497379,29.76209949583559,35.0,0.12225995114562554,12.418413404113888
14.353306039000012,107.84208323299973,SAT_10078,19.566158523744065,188.80964169606037,98.9211437204023,170.60631141160178,-65.42354151961612,29.738959713993957,35.0,0.12247837402864119,12.433711447979656
14.353306039000012,107.94208323299972,SAT_10095,19.548834929227667,188.71219647690563,98.91907631950833,170.61312032613884,-65.44086511413252,29.73260131500663,35.0,0.12253690726496237,12.437809195735346
14.353306039000012,108.04208323299972,SAT_10095,19.5279053709001,188.59446771131306,98.91646874990737,170.61867213571307,-65.46179467246009,29.723387578381143,35.0,0.1226237357002318,12.443886379427926
14.353306039000012,108.14208323299971,SAT_10095,19.497833152998197,188.42531148561486,98.9127058924159,170.62664206437574,-65.49186689036199,29.71014013389785,35.0,0.12274851029225524,12.452616449591845
14.353306039000012,108.2420832329997,SAT_10095,19.45863993051303,188.2048496091358,98.90777280573776,170.63701678864206,-65.53106011284716,29.692859011279744,35.0,0.1229111592727663,12.46399117621209
14.353306039000012,108.3420832329997,SAT_10095,19.410353762370903,187.93323991333634,98.90164973028399,170.64977905018378,-65.57934628098928,29.671544249301377,35.0,0.123111589614965,12.477999890491915
14.353306039000012,108.44208323299969,SAT_10095,19.353008963799994,187.61067542137494,98.89431186799307,170.6649077506791,-65.6366910795602,29.64619589578973,35.0,0.12334968749688988,12.494629537173932
14.353306039000012,108.54208323299969,SAT_10095,19.28664592749473,187.23738334215787,98.88572910221663,170.6823780666295,-65.70305411586546,29.616814007625354,35.0,0.12362531886408226,12.51386473799723
14.353306039000012,108.64208323299968,SAT_10095,19.21131091552192,186.8136238998108,98.87586565189227,170.7021615828498,-65.77838912783827,29.58339865074371,35.0,0.12393833008621906,12.535687865645937
14.353306039000012,108.74208323299968,SAT_10095,19.127055824198536,186.33968901111677,98.86467965270359,170.72422644314744,-65.86264421916165,29.545949900136698,35.0,0.12428854870159621,12.560079127449297
14.353306039000012,108.84208323299967,SAT_10095,19.033937924407127,185.81590082479008,98.85212265615057,170.74853751655286,-65.95576211895306,29.50446783985444,35.0,0.12467578424265538,12.587016658011995
14.353306039000012,108.94208323299966,SAT_10095,18.932019580016103,185.2426101375906,98.83813903534765,170.77505657733084,-66.05768046334408,29.458952563007223,35.0,0.12509982913516368,12.616476619885292
14.353306039000012,109.04208323299966,SAT_10078,19.045074003066674,185.87854126725003,98.85354510396958,170.74344623707373,-65.94462604029351,29.508225699607394,35.0,0.1246433565453424,12.584762146281836
14.453306039000012,107.54208323299974,SAT_10078,19.782517732616896,190.02666224597004,98.94750041806655,170.54863735993592,-65.20718231074329,29.83384182505502,35.0,0.12158120529460925,12.370805570567772
14.453306039000012,107.64208323299974,SAT_10078,19.74809729336114,189.83304727515642,98.94337203666859,170.55784182927997,-65.24160274999905,29.81878356155087,35.0,0.12172386543721767,12.380820616832736
14.453306039000012,107.74208323299973,SAT_10078,19.70449764305701,189.5877992421957,98.93810871498931,170.5694850732242,-65.28520240030318,29.799689731159862,35.0,0.12190460809486739,12.393502450143961
14.453306039000012,107.84208323299973,SAT_10095,19.66376234038958,189.3586631646914,98.93323932207558,170.58256224532886,-65.3259377029706,29.78310485481944,35.0,0.12206029156872117,12.404420020892475
14.453306039000012,107.94208323299972,SAT_10095,19.651963797811817,189.2922963626915,98.93179879183688,170.58570500397295,-65.33773624554837,29.77792718361402,35.0,0.12210920784597452,12.407849217343468
14.453306039000012,108.04208323299972,SAT_10095,19.630986706848546,189.17430022602306,98.92923057595924,170.5912894461324,-65.35871333651164,29.768717603641626,35.0,0.1221961856428586,12.413945308377993
14.453306039000012,108.14208323299971,SAT_10095,19.600846373492686,189.00476085089636,98.9255246450836,170.59930614737533,-65.3888536698675,29.755476135567374,35.0,0.12232117428183228,12.422702483777709
14.453306039000012,108.2420832329997,SAT_10095,19.56156469495052,188.78380140909667,98.92066643418296,170.60974162788176,-65.42813534840967,29.738202809104106,35.0,0.12248410124117218,12.43411242839085
14.453306039000012,108.3420832329997,SAT_10095,19.513170042899276,188.51158149130842,98.9146366831967,170.62257842753877,-65.47653000046091,29.71689766301311,35.0,0.12268487251981655,12.44816436341544
14.453306039000012,108.44208323299969,SAT_10095,19.45569711337079,188.18829626271068,98.90741122403051,170.6377952024509,-65.5340029299894,29.691560745105026,35.0,0.12292337310740903,12.464845099536122
14.453306039000012,108.54208323299969,SAT_10095,19.38918674492504,187.81417544020337,98.89896070965146,170.65536684175666,-65.60051329843515,29.662192112240955,35.0,0.12319946755501064,12.484139101364436
14.453306039000012,108.64208323299968,SAT_10095,19.31368570710579,187.38948210247008,98.88925027974277,170.6752646034234,-65.6760143362544,29.628791830333807,35.0,0.12351300064104848,12.506028562523767
14.453306039000012,108.74208323299968,SAT_10095,19.229246461453585,186.91451134567643,98.87823915592782,170.69745626750637,-65.7604535819066,29.591359974349842,35.0,0.12386379812626222,12.530493490623815
14.453306039000012,108.84208323299967,SAT_10095,19.135926897600527,186.38958879900298,98.86588015787704,170.7219063051934,-65.85377314575966,29.549896628310417,35.0,0.12425166759070524,12.557511801285987
14.453306039000012,108.94208323299966,SAT_10095,19.03379004717003,185.81506901533143,98.85211912960193,170.74857606182675,-65.95590999619016,29.504401885293966,35.0,0.12467639934526753,12.587059420312093
14.453306039000012,109.04208323299966,SAT_10078,19.129747692088515,186.3548307679979,98.86496554073544,170.72133084042093,-65.85995235127167,29.545930337653942,35.0,0.12429115713614183,12.56026069136854
14.553306039000011,107.54208323299974,SAT_10078,19.858645326127075,190.45487995946482,98.95655282040713,170.52824051475972,-65.13105471723311,29.867096958272054,35.0,0.12126577866761057,12.348645382077844
14.553306039000011,107.64208323299974,SAT_10078,19.8241703795736,190.26095838510153,98.95247000031654,170.53748409910187,-65.16552966378659,29.852045524980095,35.0,0.12140860582081016,12.358682483844001
14.553306039000011,107.74208323299973,SAT_10078,19.780501981951787,190.0153236484788,98.94726497939045,170.5491767026645,-65.2091980614084,29.832960355284015,35.0,0.12158955911284486,12.37139215491506
14.553306039000011,107.84208323299973,SAT_10095,19.75733086157001,189.8849860963313,98.94456957411529,170.55759269390703,-65.23236918179018,29.824109068393923,35.0,0.12167247002427081,12.377213086252803
14.553306039000011,107.94208323299972,SAT_10095,19.74550831981702,189.81848429897073,98.94314860218456,170.5607521409093,-65.24419172354317,29.818933748355864,35.0,0.12172146115697524,12.380651869832757
14.553306039000011,108.04208323299972,SAT_10095,19.724488633714998,189.70024856464687,98.94061530928693,170.5663662070708,-65.26521140964519,29.809728350431808,35.0,0.12180857181383344,12.38676498119235
14.553306039000011,108.14208323299971,SAT_10095,19.694287264038778,189.53036586021813,98.93695989388672,170.57442536792354,-65.29541277932141,29.79649289527985,35.0,0.1219337508377847,12.395546555839935
14.553306039000011,108.2420832329997,SAT_10095,19.65492632885828,189.30896059982783,98.9321681227379,170.58491600094285,-65.3347737145019,29.77922741260278,35.0,0.1220969250221354,12.406988201139697
14.553306039000011,108.3420832329997,SAT_10095,19.60643448501689,189.03619397822,98.92622117618507,170.59782046183392,-65.3832655583433,29.75793194114875,35.0,0.12229799948015894,12.421079038177973
14.553306039000011,108.44208323299969,SAT_10095,19.54884677573591,188.71226311351452,98.91909544144116,170.61311718256843,-65.44085326762428,29.7326065287122,35.0,0.12253685812123402,12.437805755646814
14.553306039000011,108.54208323299969,SAT_10095,19.482204446048826,188.33740000902466,98.91076224973351,170.63078079003355,-65.50749559731136,29.703251232134964,35.0,0.12281336422890793,12.457152675183853
14.553306039000011,108.64208323299968,SAT_10095,19.40655472809169,187.91187034551578,98.90118755199182,170.6507822439437,-65.5831453152685,29.669866117307606,35.0,0.12312736113535351,12.479101827497061
14.553306039000011,108.74208323299968,SAT_10095,19.321950598576564,187.43597211699318,98.89033152635768,170.67308899246376,-65.66774944478362,29.63245125917097,35.0,0.12347867298586927,12.503633038504972
14.553306039000011,108.84208323299967,SAT_10095,19.228450511017797,186.91003412447512,98.87814810916599,170.697665143836,-65.76124953234239,29.591006741717926,35.0,0.12386710558635577,12.530724024637983
14.553306039000011,108.94208323299966,SAT_10095,19.12611810549052,186.33441434338417,98.86458443912471,170.7244716521626,-65.86358193786967,29.545532657995338,35.0,0.12429244732610358,12.560350496376293
14.553306039000011,109.04208323299966,SAT_10078,19.20487594648371,186.77742719897088,98.87495670703393,170.70165417436596,-65.78482409687648,29.579316064293664,35.0,0.12397879096475524,12.538507195839427
14.653306039000011,107.64208323299974,SAT_10078,19.890490194167526,190.63400734219235,98.96030791535532,170.51969221720836,-65.09920984919266,29.880987751844824,35.0,0.12113387152846074,12.339371512300671
14.653306039000011,107.74208323299973,SAT_10078,19.84676408994318,190.3880480059304,98.95515317199039,170.53142742528996,-65.14293595341701,29.861911295474933,35.0,0.12131499872881737,12.35210482487315
14.653306039000011,107.84208323299973,SAT_10095,19.841241100530667,190.356981190485,98.95458027083266,170.53513106387445,-65.14845894282952,29.86079387415222,35.0,0.12132484644143868,12.352796906665862
14.653306039000011,107.94208323299972,SAT_10095,19.829397433801233,190.29036056513192,98.95317652169486,170.5383054445265,-65.16030260955895,29.855620919552972,35.0,0.12137390284435401,12.356244181741086
14.653306039000011,108.04208323299972,SAT_10095,19.808340255531974,190.17191393736735,98.95067398088739,170.54394601958649,-65.18135978782821,29.846419729062088,35.0,0.12146112934167604,12.362372367962143
14.653306039000011,108.14208323299971,SAT_10095,19.7780851655408,190.001729056167,98.9470630464058,170.5520431746237,-65.21161487781939,29.833190323330737,35.0,0.1215864743468645,12.371175552179576
14.653306039000011,108.2420832329997,SAT_10095,19.738654480296745,189.7799314516692,98.94232977555713,170.56258315878227,-65.25104556306344,29.815932732051724,35.0,0.12174986403975276,12.382645272293134
14.653306039000011,108.3420832329997,SAT_10095,19.690077112789453,189.50668375944068,98.93645573431817,170.57554816214687,-65.29962293057073,29.794646993960203,35.0,0.12195120274042479,12.396770559643635
14.653306039000011,108.44208323299969,SAT_10095,19.63238841807886,189.1821848516936,98.9294177960713,170.59091641515573,-65.35731162528133,29.769333156834552,35.0,0.1221903733908349,12.413537993569303
14.653306039000011,108.54208323299969,SAT_10095,19.565630006253926,188.80666878517835,98.921187885747,170.60866230890815,-65.42407003710626,29.739991277497513,35.0,0.12246723813948106,12.432931767556138
14.653306039000011,108.64208323299968,SAT_10095,19.48984952486839,188.38040357738467,98.91173266422966,170.6287565349864,-65.4998505184918,29.706621421817523,35.0,0.1227816390235114,12.454933766299414
14.653306039000011,108.74208323299968,SAT_10095,19.405100413218534,187.90368982435427,98.90101314653703,170.65116624321632,-65.58459963014165,29.669223664710234,35.0,0.1231333987418119,12.47952365289375
14.653306039000011,108.84208323299967,SAT_10095,19.311441631081664,187.37685917483435,98.88898424571558,170.67585521562359,-65.67825841227852,29.62779809014029,35.0,0.12352232151189727,12.506678965283326
14.653306039000011,108.94208323299966,SAT_10095,19.208937364737665,186.80027267664937,98.87559423254106,170.70278405471043,-65.78076267862252,29.582344791123266,35.0,0.12394819400282044,12.536375221032529
14.653306039000011,109.04208323299966,SAT_10078,19.270403641257744,187.14602048207482,98.88356469241799,170.684450070073,-65.71929640210244,29.60838280651381,35.0,0.12370644129845183,12.519522697244799
14.75330603900001,107.54208323299974,SAT_10078,19.981562197375055,191.14628736023468,98.970929536669,170.49519262985916,-65.00813784598513,29.92064782724329,35.0,0.12075676155865085,12.312836281810606
14.75330603900001,107.64208323299974,SAT_10078,19.94700467418626,190.95190129229772,98.96691930836442,170.5044982582379,-65.04269536917393,29.905610178880657,35.0,0.12089983485544836,12.322907454961237
14.75330603900001,107.74208323299973,SAT_10095,19.918053656772884,190.78905181934746,98.96362223089312,170.51451156461064,-65.0716463865873,29.894303372374697,35.0,0.12100676591173065,12.33043142843962
14.75330603900001,107.84208323299973,SAT_10095,19.91542827648638,190.77428405523588,98.96331522559336,170.5152172340293,-65.0742717668738,29.893159191874435,35.0,0.12101763540572723,12.3311960893132
14.75330603900001,107.94208323299972,SAT_10095,19.903566444190147,190.70756124856962,98.96192648862477,170.5184047386956,-65.08613359917004,29.88798861697964,35.0,0.12106674722810595,12.334650730225972
14.75330603900001,108.04208323299972,SAT_10095,19.882477027859153,190.58893328170774,98.95945075227836,170.52406861013998,-65.10722301550103,29.878791659296454,35.0,0.12115407207527723,12.340791992582234
14.75330603900001,108.14208323299971,SAT_10095,19.852175749896773,190.41848859316937,98.95587858768391,170.53219915452277,-65.13752429346341,29.865568339469178,35.0,0.1212795579831955,12.34961392042663
14.75330603900001,108.2420832329997,SAT_10095,19.812685101681183,190.19635369695666,98.95119630424368,170.54278250771645,-65.177014941679,29.84831868718074,35.0,0.12144313059247373,12.361107990550819
14.75330603900001,108.3420832329997,SAT_10095,19.764034222011446,189.9226924988144,98.94538580248968,170.55580071362638,-65.22566582134874,29.827042741153388,35.0,0.12164469352603234,12.37526315534971
14.75330603900001,108.44208323299969,SAT_10095,19.706258740835608,189.5977054172003,98.93842437752514,170.57123182482616,-65.28344130252458,29.80174054914961,35.0,0.12188412887555271,12.39206589797248
14.75330603900001,108.54208323299969,SAT_10095,19.639400590019065,189.22162831885726,98.93028446919843,170.58905002433335,-65.35029945334112,29.77241216797323,35.0,0.12216129779197854,12.411500299189024
14.75330603900001,108.64208323299968,SAT_10095,19.563507783252746,188.7947312807967,98.92093335402168,170.60922576712477,-65.42619226010744,29.73905766347074,35.0,0.12247604117436617,12.433548115279041
14.75330603900001,108.74208323299968,SAT_10095,19.47863416750333,188.31731719220625,98.91033277254266,170.63172593978962,-65.51106587585686,29.701677110532856,35.0,0.12282818045054185,12.45818886614955
14.75330603900001,108.84208323299967,SAT_10095,19.38483914866181,187.7897202112227,98.89843848436134,170.6565140365526,-65.60486089469838,29.66027059309624,35.0,0.12321751844228894,12.485399932799728
14.75330603900001,108.94208323299966,SAT_10095,19.282187394262223,187.21230409272502,98.88519974119176,170.68355034975627,-65.70751264909796,29.61483820414548,35.0,0.12364384030717548,12.515156663179994
14.85330603900001,107.64208323299974,SAT_10078,19.99366898712337,191.21438805256898,98.97233209298889,170.49192985763477,-64.99603105623682,29.925912752269138,35.0,0.12070664405894461,12.309307306812237
14.85330603900001,107.74208323299973,SAT_10095,19.982463070026625,191.15135476889978,98.97111613777803,170.49717880145698,-65.00723697333356,29.9223486015393,35.0,0.12074014949589501,12.311666623919983
14.85330603900001,107.84208323299973,SAT_10095,19.97983433827426,191.13656815279273,98.97081198407777,170.49788696592606,-65.00986570508593,29.921204950791903,35.0,0.12075102903174409,12.312432660920026
14.85330603900001,107.94208323299972,SAT_10095,19.96795737623978,191.06976024134877,98.96943615509754,170.501085735652,-65.0217426671204,29.916036769861442,35.0,0.12080018618560769,12.315893515144243
14.85330603900001,108.04208323299972,SAT_10095,19.946841111491295,190.95098125213852,98.9669834658558,170.50676960350248,-65.04285893186889,29.906844070350243,35.0,0.12088759147108633,12.322045807245576
14.85330603900001,108.14208323299971,SAT_10095,19.91650137191104,190.7803202169996,98.96344463581961,170.51492880721722,-65.07319867144915,29.893626872895787,35.0,0.12101319260033935,12.330883544527383
14.85330603900001,108.2420832329997,SAT_10095,19.876960799372796,190.557904496472,98.95880619036697,170.52554938507473,-65.11273924398739,29.876385207171218,35.0,0.1211769147514849,12.342398151332386
14.85330603900001,108.3420832329997,SAT_10095,19.82824872695889,190.28389908914374,98.9530503166271,170.53861325503863,-65.1614513164013,29.855119111886015,35.0,0.12137866094949185,12.356578512299187
14.85330603900001,108.44208323299969,SAT_10095,19.770401021115234,189.9585057437732,98.94615467093253,170.5540983164494,-65.21929902224495,29.829828634786903,35.0,0.1216183125567883,12.373411028025668
14.85330603900001,108.54208323299969,SAT_10095,19.703459890527313,189.58196188421616,98.93809213413293,170.57197857307048,-65.28624015283287,29.800513832658964,35.0,0.12189572986877219,12.392879682552584
14.85330603900001,108.64208323299968,SAT_10095,19.62747366384569,189.15453935913203,98.9288305099142,170.5922242760674,-65.3622263795145,29.767174771326967,35.0,0.12221075280845742,12.414966121965593
14.85330603900001,108.74208323299968,SAT_10095,19.54249653869384,188.67654303015286,98.91833216000002,170.61480208529792,-65.44720350466635,29.7298115256569,35.0,0.12256320171363513,12.439649743311689
14.85330603900001,108.84208323299967,SAT_10095,19.448588304652063,188.14830921366783,98.906553568638,170.6396752471187,-65.54111173870812,29.688424179557718,35.0,0.1229528782091884,12.466907792937953
14.85330603900001,108.94208323299966,SAT_10095,19.345814043121905,187.57020399256072,98.8934448270342,170.66680378677717,-65.64388600023828,29.6430128259833,35.0,0.1233795661565794,12.496715473287843
14.95330603900001,107.54208323299974,SAT_10078,20.06504945260744,191.61590317091685,98.98052963798257,170.4726647205354,-64.92465059075275,29.956919125172046,35.0,0.12041122395143848,12.288493771437965
14.95330603900001,107.64208323299974,SAT_10078,20.03044578711564,191.4212575525255,98.97656889963348,170.48201004669204,-64.95925425624455,29.94189542763622,35.0,0.12055442256007759,12.298585214628647
14.95330603900001,107.74208323299973,SAT_10095,20.037039684831655,191.45834822717805,98.97740402770977,170.48246145704536,-64.95266035852853,29.946074207425486,35.0,0.12051430865012917,12.295758800258518
14.95330603900001,107.84208323299973,SAT_10095,20.034408288802098,191.4435466245118,98.97710228057612,170.48317169525373,-64.95529175455809,29.944931089585207,35.0,0.12052519594783771,12.296525952941733
14.95330603900001,107.94208323299972,SAT_10095,20.022519299833903,191.3766710615657,98.97573734506386,170.48637982780866,-64.96718074352628,29.939765316873256,35.0,0.12057438813801136,12.299991844452876
14.95330603900001,108.04208323299972,SAT_10095,20.001381695101884,191.25777203494812,98.97330410583746,170.4920803153399,-64.9883183482583,29.93057690088816,35.0,0.12066185558262205,12.306153078223927
14.95330603900001,108.14208323299971,SAT_10095,19.97101139028905,191.0869390703759,98.96979340724155,170.50026333853836,-65.01868865307114,29.91736586226066,35.0,0.12078754572526385,12.315003631068171
14.95330603900001,108.2420832329997,SAT_10095,19.931431152539602,190.86430023303527,98.96519195646485,170.51091485431004,-65.05826889082059,29.9001322306542,35.0,0.12095138336045058,12.326534883804294
14.95330603900001,108.3420832329997,SAT_10095,19.882670476648244,190.5900214311464,98.95948218188202,170.52401667561406,-65.10702956671194,29.878876044765605,35.0,0.12115327101720035,12.340735664846287
14.95330603900001,108.44208323299969,SAT_10095,19.82476542590048,190.26430552069021,98.95264204386893,170.53954657403904,-65.1649346174597,29.853597352325984,35.0,0.12139308945309324,12.357592306293549
14.95330603900001,108.54208323299969,SAT_10095,19.757758439371003,189.88739122146188,98.9446447944261,170.5574784039088,-65.23194160398918,29.82429621010186,35.0,0.12167069825394014,12.377088711928323
14.95330603900001,108.64208323299968,SAT_10095,19.68169810782416,189.45955185651093,98.93545868086298,170.57778224648786,-65.30800193553603,29.790972683896467,35.0,0.12198593653323898,12.399206436411399
14.95330603900001,108.74208323299968,SAT_10095,19.596638920684157,188.9810939288484,98.92504658756124,170.60042457263899,-65.39306112267603,29.753626848551303,35.0,0.12233862372473316,12.423924774863615
14.95330603900001,108.84208323299967,SAT_10095,19.502640986792727,188.4523555507091,98.91336560839518,170.6253684221227,-65.48705905656746,29.712258787947867,35.0,0.12272856046063962,12.45122086193197
15.05330603900001,107.64208323299974,SAT_10095,20.075106701772356,191.6724751974695,98.98175685757326,170.47217948769668,-64.91459334158783,29.96260194891225,35.0,0.12035682552127415,12.28465897728213
15.05330603900001,107.74208323299973,SAT_10095,20.081739835034682,191.7097865720701,98.9825121852325,170.4703864630141,-64.9079602083255,29.96548013816264,35.0,0.12032938765303196,12.282724495820991
15.05330603900001,107.84208323299973,SAT_10095,20.079106474534868,191.69497391925864,98.9822124160266,170.471098345487,-64.91059356882532,29.964337556382485,35.0,0.12034028039370805,12.283492499327098
15.05330603900001,107.94208323299972,SAT_10095,20.06720861838791,191.628048478432,98.98085643370622,170.47431390179665,-64.92249142497228,29.959174206137543,35.0,0.12038949714942294,12.286962232163756
15.05330603900001,108.04208323299972,SAT_10095,20.046055283113944,191.50906096751592,98.9784391801131,170.48002756694441,-64.94364476024624,29.949990099022585,35.0,0.12047700816242919,12.293130284161988
15.05330603900001,108.14208323299971,SAT_10095,20.015662454033077,191.33810130393604,98.97495160211074,170.48822947626977,-64.97403758932711,29.936785255661672,35.0,0.12060276066427271,12.301990608054751
15.05330603900001,108.2420832329997,SAT_10095,19.97605299764271,191.11529811174026,98.97038055614227,170.49890552199224,-65.01364704571748,29.91955970570864,35.0,0.12076667914658729,12.31353455028728
15.05330603900001,108.3420832329997,SAT_10095,19.927256536987954,190.84081802055726,98.96470866862116,170.51203743360205,-65.06244350637223,29.898313487847773,35.0,0.12096866574680318,12.32775089487115
15.05330603900001,108.44208323299969,SAT_10095,19.869309291460112,190.51486476446317,98.95791414950135,170.52760288113743,-65.12039075190008,29.87304664979472,35.0,0.12120860074492519,12.344625919812444
15.05330603900001,108.54208323299969,SAT_10095,19.802253882834776,190.13767809094563,98.94997055542927,170.54557560014024,-65.18744616052541,29.843759248297605,35.0,0.12148634316648108,12.364143465516289
15.05330603900001,108.64208323299968,SAT_10095,19.726139109725437,189.7095324922056,98.94084649782143,170.56592553683458,-65.26356093363475,29.810451349138336,35.0,0.12180173148577042,12.386285014452724
15.05330603900001,108.74208323299968,SAT_10095,19.641019692930755,189.2307357727355,98.93050528999908,170.58861901187595,-65.34868035042943,29.77312302713415,35.0,0.12215458442267829,12.411029781264954
15.05330603900001,108.84208323299967,SAT_10095,19.54695599442421,188.7016274686362,98.91890452610242,170.6136189008384,-65.44274404893598,29.731774366139344,35.0,0.12254470182556415,12.438354812411369
15.15330603900001,107.64208323299974,SAT_10095,20.109891159585217,191.86813777266687,98.98571038286032,170.46277214270083,-64.87980888377497,29.97768952036282,35.0,0.12021295126184817,12.274513310175106
15.15330603900001,107.74208323299973,SAT_10095,20.116527451495415,191.9054669146617,98.98646177268375,170.4609760754786,-64.87317259186477,29.98056635132626,35.0,0.12018550560709002,12.27257736210533
15.15330603900001,107.84208323299973,SAT_10095,20.113892836617026,191.89064720597077,98.98616356600076,170.46168916607803,-64.87580720674316,29.979424308757984,35.0,0.12019640144024366,12.273345947982875
15.15330603900001,107.94208323299972,SAT_10095,20.101989319465517,191.82368992199355,98.98481465652941,170.4649101769955,-64.88771072389467,29.974263395222923,35.0,0.12024563214809299,12.276818309974008
15.15330603900001,108.04208323299972,SAT_10095,20.080825945420656,191.7046459429912,98.98241003131281,170.47063352436442,-64.90887409793953,29.96508362231213,35.0,0.12033316788566907,12.282991028001582
15.15330603900001,108.14208323299971,SAT_10095,20.050418750881008,191.53360547370568,98.97894071826053,170.4788493101357,-64.93928129247918,29.951885010643046,35.0,0.1204589557300275,12.291858037256501
15.15330603900001,108.2420832329997,SAT_10095,20.010790675216413,191.31069754809235,98.97439369180803,170.48954337890746,-64.97890936814377,29.93466758985998,35.0,0.12062291995212905,12.303410659144166
15.15330603900001,108.3420832329997,SAT_10095,19.961971435538985,191.03608932490678,98.9687517349269,170.50269739872033,-65.0277286078212,29.913431398634806,35.0,0.1208249624040887,12.317637645331589
15.15330603900001,108.44208323299969,SAT_10095,19.90399736573208,190.70998518224295,98.96199325487184,170.5182889648555,-65.0857026776281,29.888176484667852,35.0,0.12106496301792723,12.33452523442254
15.15330603900001,108.54208323299969,SAT_10095,19.836911221564222,190.33262562129877,98.95409204912107,170.5362917254146,-65.15278882179597,29.858902904689014,35.0,0.1213427804108976,12.354057220659488
15.15330603900001,108.64208323299968,SAT_10095,19.760761954077935,189.9042859916884,98.94501701692508,170.5566755272169,-65.22893808928225,29.825610724459075,35.0,0.12165825259148366,12.376215033932935
15.15330603900001,108.74208323299968,SAT_10095,19.675604453744768,189.42527505231433,98.93473181068467,170.57940658035304,-65.31409558961542,29.78830001877124,35.0,0.1220111977592983,12.400977830274316
15.15330603900001,108.84208323299967,SAT_10095,19.581499268153593,188.89593338336397,98.92319441999432,170.60444763954945,-65.4082007752066,29.74697087145285,35.0,0.12240141519134984,12.428322591918645
15.253306039000009,107.64208323299974,SAT_10095,20.134736629468037,192.00789354075772,98.98852060145089,170.45604573826537,-64.85496341389215,29.988457349196494,35.0,0.12011020324971641,12.267264821573553
15.253306039000009,107.74208323299973,SAT_10095,20.14137427192172,192.04523027955966,98.98926907445328,170.45424773971735,-64.84832577143847,29.99133281393675,35.0,0.1200827557886363,12.265328089869241
15.253306039000009,107.84208323299973,SAT_10095,20.1387391206148,192.03040755345825,98.98897202515522,170.45496159720471,-64.85096092274539,29.99019131373088,35.0,0.12009365233972857,12.266096986931814
15.253306039000009,107.94208323299972,SAT_10095,20.126833184100192,191.9634366605636,98.98762835468567,170.45818607056373,-64.86286685926,29.985032851142993,35.0,0.12014288627774349,12.269570753561517
15.253306039000009,108.04208323299972,SAT_10095,20.105665525962053,191.84436858353652,98.98523308369573,170.4639155639344,-64.88403451739813,29.975857437760453,35.0,0.12023042770343134,12.275745963520762
15.253306039000009,108.14208323299971,SAT_10095,20.07525221481825,191.67329370835265,98.98177730035552,170.4721401580446,-64.91444782854194,29.962665094194154,35.0,0.12035622359769815,12.28461654109379
15.253306039000009,108.2420832329997,SAT_10095,20.035616236005325,191.45034132752997,98.97724806683516,170.4828456672216,-64.95408380735486,29.945455850078968,35.0,0.12052019809415358,12.296173792118086
15.253306039000009,108.3420832329997,SAT_10095,19.9867873659678,191.17567893356886,98.97162828252245,170.4960137204476,-65.00291267739239,29.92422974407447,35.0,0.12072225286730649,12.310406448151955
15.253306039000009,108.44208323299969,SAT_10095,19.928802010802727,190.84951131076537,98.96489650139306,170.51162186548694,-65.06089803255746,29.898986823865812,35.0,0.12096226763252836,12.327300723303804
15.253306039000009,108.54208323299969,SAT_10095,19.861703010789114,190.47207943568876,98.9570267000302,170.5296436948635,-65.12799703257107,29.869727146164834,35.0,0.12124010075283961,12.34684038311958
15.253306039000009,108.64208323299968,SAT_10095,19.785539413102143,190.04365919869954,98.94798799176093,170.5500489922165,-65.20416063025804,29.836450776711395,35.0,0.12155558994659632,12.369006824806345
15.253306039000009,108.74208323299968,SAT_10095,19.700366215215226,189.56455996058565,98.93774428119774,170.5728038973655,-65.28933382814496,29.79915779027488,35.0,0.12190855308928011,12.393779167965056
15.253306039000009,108.84208323299967,SAT_10095,19.606244081766746,189.03512295993795,98.92625385210548,170.59787108823227,-65.38345596159344,29.757848270655952,35.0,0.12229878910183568,12.421134354915297
15.353306039000008,107.64208323299974,SAT_10095,20.149622835352204,192.09162844885617,98.99019912439229,170.4520127930097,-64.84007720800798,29.99490541187461,35.0,0.12004864838126,12.262921178491652
15.353306039000008,107.74208323299973,SAT_10095,20.156260006750173,192.12896253796973,98.99094568281934,170.45021398313526,-64.83344003661001,29.99777950245853,35.0,0.12002120513511867,12.260984350798166
15.353306039000008,107.84208323299973,SAT_10095,20.15362504232415,192.11414086307335,98.99064939321477,170.4509281627827,-64.83607500103604,29.996638547764356,35.0,0.12003210001330326,12.261753286004383
15.353306039000008,107.94208323299972,SAT_10095,20.141719952275366,192.04717473154892,98.98930916162321,170.45415409067067,-64.84798009108482,29.99148255035539,35.0,0.12008132638589816,12.265227224383631
15.353306039000008,108.04208323299972,SAT_10095,20.12055380762385,191.92811516788413,98.9869200309895,170.459886165897,-64.86914623573634,29.982311521815344,35.0,0.1201688543326052,12.271402737322095
15.353306039000008,108.14208323299971,SAT_10095,20.090142690147843,191.75705263208164,98.98347312946031,170.46811446026663,-64.89955735321234,29.96912548274861,35.0,0.1202946307970373,12.280273744897276
15.353306039000008,108.2420832329997,SAT_10095,20.05050960395701,191.5341165222582,98.97895557741528,170.47882477538184,-64.93919043940318,29.95192446278073,35.0,0.12045857985950986,12.291831546942564
15.353306039000008,108.3420832329997,SAT_10095,20.00168434972825,191.2594744672214,98.97335035149351,170.49199872380373,-64.98801569363194,29.930708500559085,35.0,0.12066060312558119,12.306064867261721
15.353306039000008,108.44208323299969,SAT_10095,19.94370336304803,190.93333141714515,98.9666361030505,170.50761383332127,-65.04599668031216,29.905477643753795,35.0,0.12090058022645728,12.32295991051823
15.353306039000008,108.54208323299969,SAT_10095,19.876609518703745,190.55592854270859,98.95878692757036,170.525643673094,-65.11309052465644,29.876231949058823,35.0,0.12117836942630923,12.342500431194942
15.353306039000008,108.64208323299968,SAT_10095,19.80045190312063,190.12754195505357,98.94977208053481,170.54605800020127,-65.18924814023956,29.84297148219329,35.0,0.1214938083305726,12.364667813900999
15.353306039000008,108.74208323299968,SAT_10095,19.71528555745482,189.64848126068335,98.93955563408363,170.56882292492213,-65.27441448590537,29.805696317902996,35.0,0.12184671468842326,12.389441164197816
15.353306039000008,108.84208323299967,SAT_10095,19.621171194122752,189.1190879669405,98.92809606744166,170.59390109289217,-65.36852884923744,29.764406539962163,35.0,0.1222368872818637,12.416797409025573
15.453306039000008,107.54208323299974,SAT_10095,20.138638852422375,192.02984354487586,98.98896305219841,170.45498875836483,-64.85106119093781,29.990147877727466,35.0,0.12009406695947653,12.266126243340969
15.453306039000008,107.64208323299974,SAT_10095,20.154537587354895,192.11927392887128,98.99075299497173,170.45068083443394,-64.83516245600529,29.99703369430185,35.0,0.12002832686388393,12.261486989009319
15.453306039000008,107.74208323299973,SAT_10095,20.16117245902538,192.15659508201776,98.99149862914498,170.4488823378733,-64.82852758433481,29.999906402799358,35.0,0.12000089387517614,12.259550755385687
15.453306039000008,107.84208323299973,SAT_10095,20.158538407597604,192.14177854273652,98.9912027062732,170.44959639311065,-64.83116163576258,29.99876599676496,35.0,0.12001178468117508,12.260319454735708
15.453306039000008,107.94208323299972,SAT_10095,20.14663744252134,192.07483561418252,98.98986413486152,170.4528217592965,-64.84306260083885,29.99361247876116,35.0,0.12006099265469773,12.2637923276488
15.453306039000008,108.04208323299972,SAT_10095,20.12547863142784,191.95581730178162,98.9874779690148,170.45855283747588,-64.86422141193235,29.984445860368062,35.0,0.12014848788776694,12.269965946936761
15.453306039000008,108.14208323299971,SAT_10095,20.09507805009619,191.7848140317911,98.98403535689695,170.46677970290037,-64.894621993264,29.971266162183618,35.0,0.12027421734580171,12.278834235201431
15.453306039000008,108.2420832329997,SAT_10095,20.055458694077174,191.5619551541841,98.97952344804655,170.47748816208667,-64.93424134928301,29.95407341382412,35.0,0.12043810514022565,12.290388495880237
15.453306039000008,108.3420832329997,SAT_10095,20.006650352996246,191.28740823560386,98.97392525782143,170.49065983393837,-64.98304969036394,29.932867653924873,35.0,0.12064005291674776,12.304617457433704
15.453306039000008,108.44208323299969,SAT_10095,19.9486894489863,190.96137815054794,98.9672194864181,170.5062722539594,-65.04101059437389,29.907648930141114,35.0,0.12087994035543358,12.32150733020016
15.453306039000008,108.54208323299969,SAT_10095,19.881618841085086,190.5841059811036,98.95938028900385,170.52429900033292,-65.1080812022751,29.87841729914909,35.0,0.12115762577761949,12.341041875313655
15.553306039000008,107.44208323299975,SAT_10095,20.108453142310267,191.86004892549528,98.98555357446364,170.46316127720212,-64.88124690104992,29.97706607154942,35.0,0.12021889859029597,12.274932796806926
15.553306039000008,107.54208323299974,SAT_10095,20.133588008526743,192.00143254796293,98.98839467956289,170.4563568331827,-64.85611203483344,29.987959707083085,35.0,0.12011495303994114,12.267599955693907
15.553306039000008,107.64208323299974,SAT_10095,20.14947685408937,192.0908073042527,98.99018476806991,170.45205235222608,-64.84022318927082,29.9948421918259,35.0,0.12004925199308805,12.262963776877543
15.553306039000008,107.74208323299973,SAT_10095,20.156107596781112,192.12810523189376,98.99093046306686,170.4502552940677,-64.83359244657908,29.997713510309943,35.0,0.12002183530552452,12.261028827515819
15.553306039000008,107.84208323299973,SAT_10095,20.153475184699346,192.11329791393382,98.9906345160476,170.45096877814643,-64.83622485866084,29.99657365608219,35.0,0.12003271963957747,12.261797016957022
15.553306039000008,107.94208323299972,SAT_10095,20.14158162414263,192.0463966358023,98.98929583554138,170.45419156559439,-64.84811841921756,29.991422631704356,35.0,0.12008189837819039,12.265267586949339
15.553306039000008,108.04208323299972,SAT_10095,20.120435968530657,191.92745232298495,98.98690947576486,170.45991806639293,-64.86926407482953,29.982260448752957,35.0,0.1201693416590577,12.271437115530496
15.553306039000008,108.14208323299971,SAT_10095,20.090054268489865,191.7565552602555,98.98346658509341,170.46813837160636,-64.89964577487032,29.96908712781957,35.0,0.12029499652846988,12.280299534555057
15.553306039000008,108.2420832329997,SAT_10095,20.050459483683795,191.53383459572137,98.97895431339833,170.4788383103055,-64.93924055967639,29.951902698511322,35.0,0.12045878721331367,12.291846160668898
15.553306039000008,108.3420832329997,SAT_10095,20.00168135741218,191.2594576354435,98.97335567652345,170.49199953049535,-64.988018685948,29.93070719945157,35.0,0.12066061550848858,12.306065739395747
15.553306039000008,108.44208323299969,SAT_10095,19.94375625541896,190.93362893673168,98.96664937534722,170.50759960308338,-65.04594378794123,29.9055006782808,35.0,0.12090036127587077,12.322944501862786
15.553306039000008,108.54208323299969,SAT_10095,19.876726970743263,190.55658921043087,98.95880956597031,170.52561214766183,-65.11297307261692,29.876283191657706,35.0,0.12117788304989102,12.342466233562908
15.653306039000007,107.34208323299976,SAT_10078,20.085282908820844,191.72971636211727,98.98284805816559,170.46719506917248,-64.90441713453934,29.96569723209331,35.0,0.12032750552798271,12.282591791932187
15.653306039000007,107.44208323299975,SAT_10095,20.093457851257043,191.77570041332086,98.98385482940385,170.46721790761242,-64.89624219210314,29.970563443494513,35.0,0.1202809186902411,12.279306809294999
15.653306039000007,107.54208323299974,SAT_10095,20.11857019507525,191.9169573472983,98.98669993428385,170.46042313671566,-64.87112984828494,29.981451775319773,35.0,0.12017705765320827,12.27198142923584
15.653306039000007,107.64208323299974,SAT_10095,20.134444786633495,192.00625192481343,98.98849253898416,170.45612478278147,-64.85525525672669,29.98833090923727,35.0,0.12011141007861893,12.26734997310388
15.653306039000007,107.74208323299973,SAT_10095,20.14106957702171,192.0435163707471,98.98923928124918,170.45433028436068,-64.84863046633848,29.99120082978383,35.0,0.12008401571707973,12.265416996044532
15.653306039000007,107.84208323299973,SAT_10095,20.138439528280003,192.02872234657502,98.98894291865972,170.45504275202293,-64.85126051508018,29.9900615305084,35.0,0.12009489118690457,12.266184402378752
15.653306039000007,107.94208323299972,SAT_10095,20.12655664116849,191.96188110657275,98.98760235733072,170.4582609504235,-64.8631434021917,29.98491301397191,35.0,0.12014402988851844,12.269651435851591
15.653306039000007,108.04208323299972,SAT_10095,20.105429944134286,191.84304343575536,98.98521264053403,170.4639793054284,-64.8842700992259,29.975755291747323,35.0,0.1202314020384624,12.275814683506344
15.653306039000007,108.14208323299971,SAT_10095,20.075075443603964,191.6722993702723,98.9817648970358,170.47218793621127,-64.91462459975622,29.962588384419917,35.0,0.1203569548226539,12.284668093142214
15.653306039000007,108.2420832329997,SAT_10095,20.03551603617973,191.44977770351096,98.97724624819232,170.48287271193493,-64.95418400718046,29.94541232158773,35.0,0.12052061266735585,12.296203004165902
15.653306039000007,108.3420832329997,SAT_10095,19.98678138375604,191.17564528362772,98.97163967207177,170.49601533233727,-65.00291865960415,29.92422714186229,35.0,0.12072227762512985,12.310408191504035
15.653306039000007,108.44208323299969,SAT_10094,19.929846298967078,190.85538543168983,98.96499037785988,170.51014454815436,-65.05985374439311,29.898741377453625,35.0,0.12096489629721156,12.327485677395178
15.753306039000007,107.24208323299976,SAT_10078,20.0491952205564,191.52672311562972,98.97873577347609,170.4769478399513,-64.94050482280379,29.95003752782936,35.0,0.12047682933072569,12.29311768135112
15.753306039000007,107.34208323299976,SAT_10078,20.04243924967443,191.48872077941868,98.9779629078422,170.47877228472902,-64.94726079368576,29.947104168254686,35.0,0.12050478752335415,12.295087889688064
15.753306039000007,107.44208323299975,SAT_10095,20.0685147147599,191.63539527052444,98.98101950713583,170.47396097711837,-64.92118532860029,29.959741098599146,35.0,0.12038409418403159,12.286581355897042
15.753306039000007,107.54208323299974,SAT_10095,20.093597691300943,191.77648701356782,98.98387241169506,170.4671800869605,-64.89610235205924,29.970624096663858,35.0,0.12028034029201466,12.279266021470594
15.753306039000007,107.64208323299974,SAT_10095,20.109453693849716,191.86567702790467,98.98566992228503,170.4628905251428,-64.88024634951047,29.977499860769477,35.0,0.12021476052050951,12.274640924616651
15.753306039000007,107.74208323299973,SAT_10095,20.116070720998138,191.90289780561454,98.98641870626493,170.46109969986927,-64.87362932236205,29.980368375457516,35.0,0.12018739447112475,12.27271060347918
15.753306039000007,107.84208323299973,SAT_10095,20.113443754670556,191.88812112002188,98.98612153350732,170.46181070900477,-64.87625628868963,29.979229634278894,35.0,0.12019825869982746,12.273476955263927
15.753306039000007,107.94208323299972,SAT_10095,20.101574787728936,191.82135818097527,98.98477730525205,170.4650223222511,-64.88812525563125,29.974083639793754,35.0,0.12024734663180624,12.276939226542106
15.753306039000007,108.04208323299972,SAT_10095,20.08047281300462,191.70265957315098,98.98238104266703,170.47072898822918,-64.90922723035557,29.964930403571554,35.0,0.12033462859529338,12.283094017102645
15.753306039000007,108.14208323299971,SAT_10095,20.050153773886933,191.532114978114,98.97892383490439,170.4789208663793,-64.93954626947325,29.951769946191305,35.0,0.12046005197400492,12.291935297311262
15.753306039000007,108.2420832329997,SAT_10094,20.022020998226694,191.37386811502518,98.97565842482935,170.48531555965215,-64.9676790451335,29.938843005175663,35.0,0.12058334913823225,12.300623141518782
15.753306039000007,108.3420832329997,SAT_10094,20.009055123706446,191.30093507084877,98.97416794446244,170.48881300600797,-64.98064491965374,29.933208102987948,35.0,0.12063700830358122,12.30440300833014
15.753306039000007,108.44208323299969,SAT_10094,19.986916481864426,191.17640521048742,98.97161576542806,170.49478106776914,-65.00278356149576,29.923582185235635,35.0,0.1207286377292442,12.310856041233013
15.853306039000007,107.34208323299976,SAT_10095,19.999402286315032,191.24663786052207,98.97310159229934,170.49261391548225,-64.99029775704516,29.929716191770396,35.0,0.12067004689967815,12.306729986433618
15.853306039000007,107.44208323299975,SAT_10095,20.033644010914728,191.43924756139535,98.97703657801945,170.48337796868032,-64.95605603244546,29.944599060521817,35.0,0.12052835814712842,12.296748766139839
15.853306039000007,107.54208323299974,SAT_10095,20.058690845999266,191.58013600874588,98.97990113862318,170.4766151215225,-64.93100919736092,29.955476694785105,35.0,0.12042473381146791,12.289446036812048
15.853306039000007,107.64208323299974,SAT_10095,20.07452396937296,191.66919732772294,98.98170598027767,170.47233698814603,-64.91517607398723,29.962349070099396,35.0,0.12035923603417616,12.28482891990642
15.853306039000007,107.74208323299973,SAT_10095,20.081131441091458,191.70636435613946,98.98245781517583,170.47055093740084,-64.90856860226873,29.965216171010862,35.0,0.12033190422468873,12.282901931654065
15.853306039000007,107.84208323299973,SAT_10095,20.078508268807667,191.69160901204316,98.98215943179727,170.47126005067614,-64.91119177455252,29.964077991072347,35.0,0.12034275485856158,12.283666960090162
15.853306039000007,107.94208323299972,SAT_10095,20.066656435163466,191.6249424477945,98.980809724002,170.47446310421856,-64.92304360819672,29.95893453284324,35.0,0.12039178139292167,12.287123255428492
15.853306039000007,108.04208323299972,SAT_10094,20.06764119942615,191.63048174677212,98.98087990928784,170.47299722229081,-64.92205884393404,29.958653548724783,35.0,0.1203945807591584,12.287320589608845
15.853306039000007,108.14208323299971,SAT_10094,20.073047364189122,191.66089142356384,98.98149582566184,170.4715361478745,-64.91665267917107,29.960999544363403,35.0,0.12037221414628359,12.285743861513678
15.853306039000007,108.2420832329997,SAT_10094,20.069260976910172,191.63959299511973,98.98106450445549,170.47255948897327,-64.92043906645002,29.959356484516096,35.0,0.12038787927738533,12.286848182715442
15.853306039000007,108.3420832329997,SAT_10094,20.056284886448665,191.56660248627372,98.97958435169642,170.4760654873073,-64.93341515691152,29.95372437288237,35.0,0.1204415667497035,12.290632475736889
15.953306039000006,107.44208323299975,SAT_10095,19.988873943938245,191.18741593465262,98.97189029332726,170.49545147743527,-65.00082609942194,29.9251373623652,35.0,0.12071361746054093,12.309798366891332
15.953306039000006,107.54208323299974,SAT_10095,20.013877957473085,191.32806351078608,98.97477044949555,170.48871077510736,-64.9758220858871,29.936009602797373,35.0,0.12061014479971827,12.30251076877739
15.953306039000006,107.64208323299974,SAT_10095,20.029683971175245,191.41697233786076,98.97658509963037,170.48444666816593,-64.96001607218494,29.942878570347958,35.0,0.12054474302212505,12.29790323134484
15.953306039000006,107.74208323299973,SAT_10095,20.03628012021902,191.45407567623198,98.97734101637742,170.4826664773043,-64.95341992314117,29.94574424956773,35.0,0.12051745130268661,12.295980244101917
15.953306039000006,107.84208323299973,SAT_10094,20.066588503284834,191.6245603309772,98.98076195373459,170.47328169259802,-64.92311154007535,29.95819669294729,35.0,0.1203989360956848,12.287627604328941
15.953306039000006,107.94208323299972,SAT_10094,20.090372962788294,191.75834791568417,98.98346784600461,170.46685185217387,-64.8993270805719,29.96851563095606,35.0,0.12030053844932784,12.280690320904759
15.953306039000006,108.04208323299972,SAT_10094,20.10497517740474,191.84048537290164,98.98512397633623,170.46290166397856,-64.88472486595545,29.974847520486474,35.0,0.12024013467587552,12.276430587787496
15.953306039000006,108.14208323299971,SAT_10094,20.110384148665503,191.87091083624347,98.98573645654228,170.46143791683647,-64.87931589469468,29.977192347279253,35.0,0.12021776107075419,12.274852564066721
15.953306039000006,108.2420832329997,SAT_10094,20.106595795516853,191.84960134978232,98.98530754147046,170.46246313001518,-64.88310424784333,29.97555010605394,35.0,0.12023343109987425,12.275957792782227
16.053306039000006,107.54208323299974,SAT_10094,19.967712984003256,191.06838553501834,98.96940429251914,170.49995413821566,-65.02198705935693,29.91522779922663,35.0,0.12080812793134339,12.316452592436557
16.053306039000006,107.64208323299974,SAT_10094,20.018922375171016,191.356438360337,98.97531038059292,170.48615153414818,-64.97077766818917,29.937496539764172,35.0,0.12059617241638222,12.301526501388782
16.053306039000006,107.74208323299973,SAT_10094,20.061021166129862,191.59324405948047,98.98012918056752,170.4747859808458,-64.92867887723033,29.955780326905128,35.0,0.12042197034924837,12.289251252940398
16.053306039000006,107.84208323299973,SAT_10094,20.09397804350229,191.77862649470038,98.98387878881056,170.46587679442075,-64.8957219998579,29.970079119464884,35.0,0.12028562515649945,12.27963869974553
16.053306039000006,107.94208323299972,SAT_10094,20.117768335785172,191.91244688879158,98.98657315943282,170.4594391990565,-64.87193170757502,29.980392885236213,35.0,0.1201872182879228,12.272698175466802
16.053306039000006,108.04208323299972,SAT_10094,20.132374146828425,191.9946045759099,98.98822225105046,170.4554842408915,-64.85732589653176,29.98672160098854,35.0,0.12012680880375061,12.268436447825056
16.053306039000006,108.14208323299971,SAT_10094,20.137784453271365,192.02503754965144,98.98883213066979,170.45401872512772,-64.85191559008882,29.98906525246739,35.0,0.12010443307381671,12.266857684354669
16.053306039000006,108.2420832329997,SAT_10094,20.133995164813882,192.0037228020781,98.98840503662598,170.45504517711723,-64.8557048785463,29.98742383439411,35.0,0.12012010459165566,12.267963431231534
16.153306039000007,107.24208323299976,SAT_10095,19.792591533622,190.08332737662377,98.9488791746065,170.5481619100895,-65.19710850973819,29.839534743984228,35.0,0.12152637278273279,12.366954970850186
16.153306039000007,107.34208323299976,SAT_10094,19.85557082175984,190.4375858723991,98.95630200515275,170.53009386958965,-65.13412922160035,29.86635436767722,35.0,0.12127249150582212,12.349117228182092
16.153306039000007,107.44208323299975,SAT_10094,19.92487933618412,190.82744626603568,98.96443009117847,170.51148022010915,-65.06482070717607,29.896577607761635,35.0,0.12098546197004172,12.328932632858502
16.153306039000007,107.54208323299974,SAT_10094,19.98515953151295,191.16652236476034,98.97142499530449,170.49525450253608,-65.00454051184724,29.92281801313873,35.0,0.12073591003229993,12.311368112417586
16.153306039000007,107.64208323299974,SAT_10094,20.036367300945273,191.45456606781715,98.97731358412065,170.48144390198024,-64.95333274241491,29.945075524685954,35.0,0.12052398154295894,12.296440383577675
16.153306039000007,107.74208323299973,SAT_10094,20.078464817275858,191.6913645971767,98.98211817244818,170.47007174496838,-64.91123522608433,29.963350092257194,35.0,0.12034980150072208,12.284163771872429
16.153306039000007,107.84208323299973,SAT_10094,20.111420733854573,191.87674162793195,98.98585676340723,170.46115736994926,-64.87827930950561,29.977641674681646,35.0,0.12021347342847864,12.27455014080952
16.153306039000007,107.94208323299972,SAT_10094,20.135210352860668,192.01055823484126,98.98854323951427,170.45471601877992,-64.85448969049952,29.98795023976288,35.0,0.1201150788520353,12.267608832630444
16.153306039000007,108.04208323299972,SAT_10094,20.149815758998002,192.09271364436376,98.9901875084565,170.45075875045936,-64.83988428436218,29.994275764278097,35.0,0.12005467688683341,12.263346621294088
16.153306039000007,108.2420832329997,SAT_10094,20.151436732441624,192.10183161998415,98.9903697599146,170.45031943009116,-64.83826331091856,29.99497764358453,35.0,0.12004797350792887,12.262873550904006
16.253306039000005,107.24208323299976,SAT_10094,19.784867316703185,190.03987865645541,98.94792003969071,170.5490357558162,-65.204832726657,29.835464831803094,35.0,0.1215654096082887,12.369696393035614
16.253306039000005,107.34208323299976,SAT_10094,19.863130149293198,190.48010708977426,98.95719759217226,170.52806591051475,-65.12656989406699,29.869653486977036,35.0,0.12124118056021398,12.346916289969045
16.253306039000005,107.44208323299975,SAT_10094,19.932417577894554,190.86984887565688,98.96531229047277,170.5094530112581,-65.05728246546563,29.899861395895066,35.0,0.12095425015503547,12.326736599947566
16.253306039000005,107.54208323299974,SAT_10094,19.99267945349861,191.2088219259297,98.97229575247296,170.49322795029127,-64.99702058986158,29.926088490479486,35.0,0.12070478434525884,12.309176345704536
16.253306039000005,107.64208323299974,SAT_10094,20.04387167458492,191.4967781695402,98.97817476561997,170.47941791054498,-64.94582836877527,29.948334711627396,35.0,0.12049292895589653,12.294252240901782
16.253306039000005,107.74208323299973,SAT_10094,20.085956418498753,191.7335048540555,98.98297157946354,170.46804621666496,-64.90374362486143,29.966600009209362,35.0,0.12031880896369984,12.281978608442127
16.253306039000005,107.84208323299973,SAT_10094,20.118902342375264,191.91882567586086,98.98670414477421,170.45913220553342,-64.87079770098492,29.98088434206826,35.0,0.12018252787322209,12.27236730964654
16.253306039000005,107.94208323299972,SAT_10094,20.142684751386327,192.05260172654812,98.98938630389196,170.45269111776696,-64.84701529197386,29.991187678018363,35.0,0.12008416719573181,12.265427685029529
16.353306039000003,107.04208323299977,SAT_10094,19.599455495960598,188.9969371647784,98.92546232338127,170.59848720596108,-65.39024454739959,29.754183562662348,35.0,0.12233408449635177,12.423606819604506
16.353306039000003,107.14208323299977,SAT_10094,19.695441178675452,189.5368566300494,98.93717795500068,170.5729266602651,-65.29425886468474,29.796311961756622,35.0,0.12193605425504613,12.395708111921229
16.353306039000003,107.24208323299976,SAT_10094,19.78257372390493,190.02697719696525,98.94765196774595,170.5496494397713,-65.20712631945526,29.83446180896391,35.0,0.12157491363076948,12.3703637750171
16.353306039000003,107.34208323299976,SAT_10094,19.860791768324077,190.4669536968229,98.95692673207712,170.52869329087395,-65.12890827503611,29.868633018280452,35.0,0.12125086606195921,12.347597136380648
16.353306039000003,107.44208323299975,SAT_10094,19.93003944595712,190.8564718835088,98.96503902246708,170.51009260407608,-65.05966059740307,29.898825512677625,35.0,0.1209640965847968,12.327429409419826
16.353306039000003,107.54208323299974,SAT_10094,19.9902666721149,191.1952500306463,98.97202043512982,170.4938782315929,-64.99943337124529,29.92503922410018,35.0,0.12071477094163473,12.309879592810933
16.353306039000003,107.64208323299974,SAT_10094,20.04142940221037,191.48304038743333,98.97789773940843,170.4800773208923,-64.94827064114982,29.947274093464703,35.0,0.12050303477173953,12.294964378950487
16.353306039000003,107.74208323299973,SAT_10094,20.083489862690456,191.71963047763384,98.98269316999547,170.46871316601343,-64.90621018066973,29.965530070658286,35.0,0.12032901289187246,12.282698072422717
16.353306039000003,107.84208323299973,SAT_10094,20.116416751571194,191.90484422758797,98.98642466579605,170.45980507834074,-64.873283291789,29.979807114537376,35.0,0.12019280867352873,12.273092519312112
16.353306039000003,112.04208323299949,SAT_10095,19.49210298231202,188.39307927550513,98.91217886098408,170.62815976439342,-65.49759706104817,29.707614687453948,35.0,0.12277228797186775,12.454279696136823
16.453306039000005,106.74208323299979,SAT_10078,19.37252119850058,187.72043174156576,98.8969687969592,170.6575612836811,-65.61717884485961,29.653581948299163,35.0,0.12328220077743104,12.489917308700232
16.453306039000005,106.94208323299978,SAT_10094,19.482754176501174,188.3404922428191,98.91097087535876,170.62944930715764,-65.50694586685901,29.702819066475914,35.0,0.12281829233348021,12.457497333843806
16.453306039000005,107.04208323299977,SAT_10094,19.587439693214023,188.92934827432885,98.92399065885543,170.60168094046293,-65.40226035014616,29.748902255527184,35.0,0.12238392562178332,12.427097739588644
16.453306039000005,107.14208323299977,SAT_10094,19.68334549450701,189.46881840660194,98.9357188790953,170.5761523983312,-65.30635454885318,29.79100902990547,35.0,0.12198620095851938,12.39922497946892
16.453306039000005,107.24208323299976,SAT_10094,19.77040518444224,189.9585291624876,98.94620407428796,170.55290448663922,-65.21929485891795,29.82913929466103,35.0,0.12162533870803155,12.37390432823172
16.453306039000005,107.34208323299976,SAT_10094,19.848557547319373,190.3981362036715,98.95548868352078,170.53197485857703,-65.14114249604081,29.863292963818235,35.0,0.12130154183492298,12.351159059447095
16.453306039000005,107.44208323299975,SAT_10094,19.917746852695245,190.78732604641078,98.9636095405514,170.51339781899122,-65.07195319066494,29.893469960373665,35.0,0.12101499494144204,12.33101033710594
16.453306039000005,107.54208323299974,SAT_10094,19.977923138300326,191.12581765293936,98.97059829232464,170.49720414265818,-65.01177690505986,29.91967021629432,35.0,0.12076586337887445,12.313477115317138
16.453306039000005,107.64208323299974,SAT_10094,20.029042467911736,191.41336388200352,98.97648175101634,170.48342090844392,-64.96065757544845,29.941893672516116,35.0,0.12055429244100589,12.298576047079644
16.453306039000005,107.74208323299973,SAT_10094,20.071067161437114,191.64975278308376,98.98128218679348,170.47207135118066,-64.91863288192307,29.96014027894252,35.0,0.12038040664714271,12.286321403037789
16.453306039000005,111.54208323299952,SAT_10095,19.681319059330065,189.45741970873163,98.93551730481433,170.57788329631086,-65.30838098403012,29.790806446548487,35.0,0.12198750785362636,12.39931662641413
16.453306039000005,111.7420832329995,SAT_10095,19.598513438553027,188.9916380918608,98.9253993044142,170.59992630848055,-65.39118660480716,29.75445077419877,35.0,0.12233084954458638,12.423380220980793
16.553306039000006,106.74208323299979,SAT_10078,19.252515539354008,187.04539990886633,98.88147778192858,170.6891504202079,-65.73718450400618,29.60045288757746,35.0,0.1237807795434831,12.52470619183225
16.553306039000006,106.84208323299978,SAT_10094,19.347763611626732,187.58117031540036,98.89384803951702,170.6651072841225,-65.64193643173346,29.643208642640168,35.0,0.12337875766986516,12.496659032581245
16.553306039000006,106.94208323299978,SAT_10094,19.4610350253906,188.21832201782215,98.90825064401429,170.63519776028443,-65.52866501796959,29.693242295116825,35.0,0.12290844081210756,12.463801111989866
16.553306039000006,107.04208323299977,SAT_10094,19.565606647432006,188.80653739180505,98.92130279204207,170.60748062394612,-65.42409339592818,29.73930169002336,35.0,0.12247449649855187,12.433439965506873
16.553306039000006,107.14208323299977,SAT_10094,19.661407473330513,189.34541703748414,98.93305992295562,170.58199946921155,-65.32829257002967,29.781386723467474,35.0,0.12207716067085245,12.405602663614753
16.553306039000006,107.24208323299976,SAT_10094,19.748371340357735,189.83458878951228,98.94357076861172,170.5587949540457,-65.24132870300245,29.81949730053023,35.0,0.12171665294804085,12.380314396538937
16.553306039000006,107.34208323299976,SAT_10094,19.826437249841064,190.273709530356,98.95287793608848,170.53790459383828,-65.16326279351912,29.853633335263908,35.0,0.12139317560323473,12.357598359341527
16.553306039000006,107.44208323299975,SAT_10094,19.895549670585254,190.66246689704207,98.9610184039332,170.5193625667992,-65.09415037277493,29.88379475069005,35.0,0.12110691260559599,12.337475644060182
16.553306039000006,107.54208323299974,SAT_10094,19.955658820287567,191.00058086411755,98.96802394273234,170.5031995332222,-65.03404122307262,29.909981478797732,35.0,0.12085802873599613,12.319965139912163
16.553306039000006,107.64208323299974,SAT_10094,20.00672092202784,191.28780518640662,98.97392146886071,170.48944247055755,-64.98297912133235,29.932193460542013,35.0,0.12064666878439863,12.305083442532407
16.653306039000004,106.6420832329998,SAT_10078,19.075914139699023,186.052017035807,98.85808408930097,170.73539879784897,-65.91378590366116,29.521968052109543,35.0,0.1245150594834495,12.575840098438283
16.653306039000004,106.74208323299979,SAT_10094,19.19468851072476,186.72012287282678,98.87394663195477,170.70534055405028,-65.79501153263543,29.57535899886335,35.0,0.12401478818906446,12.541015189259433
16.653306039000004,106.84208323299978,SAT_10094,19.316422501909415,187.40487657324047,98.88982544325688,170.6733621904921,-65.67327754145077,29.629338746488443,35.0,0.12350893928289486,12.505745158164222
16.653306039000004,106.94208323299978,SAT_10094,19.429542494810534,188.04117653330925,98.90428475448742,170.64352524435145,-65.56015754854965,29.679346413525213,35.0,0.12303917350152416,12.472939544221893
16.653306039000004,107.04208323299977,SAT_10094,19.533973324117085,188.62859994815858,98.91738780288122,170.61587581231163,-65.4557267192431,29.725381887141996,35.0,0.12260574092999273,12.442627053143472
16.653306039000004,107.14208323299977,SAT_10094,19.629644311227736,189.166749250656,98.92919038411739,170.5904572815005,-65.36005573213245,29.76744506347994,35.0,0.12220887646844429,12.414834637643445
16.653306039000004,107.24208323299976,SAT_10094,19.716489600133784,189.65525400075254,98.9397415403126,170.56731011480608,-65.2732104432264,29.805535847650656,35.0,0.12184879875886959,12.389587377312118
16.653306039000004,107.34208323299976,SAT_10094,19.794448477586542,190.09377268642427,98.94908414750873,170.54647164588744,-65.19525156577365,29.83965415373407,35.0,0.12152570916808009,12.36690836445221
16.653306039000004,107.44208323299975,SAT_10094,19.863465674418762,190.48199441860555,98.95725541592003,170.52797588595746,-65.12623436894143,29.86979990477649,35.0,0.12123979083561295,12.346818596924832
16.753306039,106.6420832329998,SAT_10078,19.154877251917725,186.4961845420372,98.86865391814395,170.71475491717717,-65.83482279144246,29.55710465704673,35.0,0.12418666060913977,12.552985870702877
16.753306039,106.74208323299979,SAT_10094,19.153818704068243,186.49023021038386,98.86855438426136,170.7160464283558,-65.83588133929194,29.55719835951521,35.0,0.12418468890488481,12.552848581546458
16.753306039,106.84208323299978,SAT_10094,19.275360639999448,187.1739035999969,98.88451954019824,170.68416385188362,-65.71433940336074,29.61114990855352,35.0,0.12367953032016712,12.517645929710474
16.753306039,106.94208323299978,SAT_10094,19.388300717182588,187.80919153415206,98.89905664765169,170.6544169148483,-65.6013993261776,29.6611314520866,35.0,0.12321041038779589,12.484903453028114
16.753306039,107.04208323299977,SAT_10094,19.492564193539437,188.39567358865935,98.91222950969718,170.62685144500452,-65.49713584982075,29.70714287731881,35.0,0.12277757783661694,12.45464970429842
16.753306039,107.14208323299977,SAT_10094,19.588080792879992,188.93295445994997,98.9240944158848,170.601510573449,-65.4016192504802,29.749184080424445,35.0,0.12238126628231426,12.426911491173328
16.753306039,107.24208323299976,SAT_10094,19.67478503798978,189.4206658386925,98.93470083817174,170.5784345217778,-65.31491500537041,29.7872549665454,35.0,0.12202169316213121,12.401713756975877
16.753306039,107.34208323299976,SAT_10094,19.752616568087944,189.85846819549468,98.94409202507899,170.55766039888607,-65.23708347527224,29.821355449789007,35.0,0.12169905872552096,12.379079467449655
16.853306039000003,106.6420832329998,SAT_10078,19.257791599845447,187.07507774913063,98.88220517243984,170.68776436450307,-65.73190844351474,29.602792182607384,35.0,0.1237588529028209,12.523177408716235
16.853306039000003,106.74208323299979,SAT_10078,19.16882811312263,186.5746581363148,98.87051777788358,170.7111017721915,-65.82087193023756,29.56330505439161,35.0,0.12412865445968599,12.548946557977965
16.853306039000003,106.84208323299978,SAT_10094,19.224608983528483,186.88842553234772,98.87790760222411,170.69749324255787,-65.7650910598317,29.58864216861263,35.0,0.12389042802783763,12.532349557858634
16.853306039000003,106.94208323299978,SAT_10094,19.337341103097202,187.52254370492176,98.89254417414038,170.66785345638908,-65.65235894026299,29.638597450632343,35.0,0.1234220472853347,12.499680887220922
16.853306039000003,107.04208323299977,SAT_10094,19.44141109153334,188.10793738987505,98.90580627885168,170.64038793451533,-65.54828895182685,29.68458470043497,35.0,0.12298990169187161,12.469495816054607
16.853306039000003,107.14208323299977,SAT_10094,19.536749149774437,188.64421396748122,98.91775084211979,170.61513950418885,-65.45295089358575,29.726603814227676,35.0,0.12259422334098241,12.441820980283596
16.853306039000003,107.24208323299976,SAT_10094,19.623290249687315,189.13100765449116,98.9284278894411,170.59214810068374,-65.36640979367287,29.764654697182362,35.0,0.12223522824244229,12.416681161929047
16.953306039000005,106.6420832329998,SAT_10078,19.35121338469574,187.60057528891355,98.89429741444938,170.66317976395703,-65.63848665866445,29.644160597949167,35.0,0.12337070390503614,12.49609678875154
16.953306039000005,106.74208323299979,SAT_10078,19.262082663979783,187.0992149848863,98.88277729265664,170.68663688668946,-65.7276173793804,29.604694515773318,35.0,0.12374102022755316,12.52193398823672
16.953306039000005,106.84208323299978,SAT_10078,19.164306425664705,186.54922364436396,98.86993333594913,170.71228600580514,-65.82539361769548,29.561295654014298,35.0,0.12414745468031103,12.550255811224332
16.953306039000005,106.94208323299978,SAT_10094,19.276702165122614,187.18144967881472,98.88471932891927,170.68381119585308,-65.71299787823757,29.611744458440725,35.0,0.123673956390881,12.517257184434335
16.953306039000005,107.04208323299977,SAT_10094,19.380553039827944,187.76561084903219,98.89809076736343,170.65646128183369,-65.60914700353224,29.657707405818215,35.0,0.12324258308569802,12.48715054443108
16.953306039000005,107.14208323299977,SAT_10094,19.475688877277605,188.3007499346865,98.91013290693928,170.63131977135382,-65.51401116608258,29.69970431426254,35.0,0.12284761674297269,12.459548092248331
17.053306039000002,106.4420832329998,SAT_10078,19.58741882309286,188.92923087989735,98.92399897339618,170.60066338893745,-65.40228122026733,29.748307304550774,35.0,0.12239016864685502,12.427534967233797
17.053306039000002,106.5420832329998,SAT_10078,19.51563301372407,188.5254357021979,98.91510140174283,170.61971727977345,-65.47406702963612,29.716723979160573,35.0,0.12268803588003986,12.448385693143205
17.053306039000002,106.6420832329998,SAT_10078,19.435074072303408,188.07229165670668,98.90498681996071,170.6410431813519,-65.55462597105678,29.6812098126049,35.0,0.12302244144279775,12.471770160866987
17.053306039000002,106.74208323299979,SAT_10078,19.34579699841032,187.57010811605807,98.89361408325269,170.66460730299173,-65.64390304494987,29.641764885283436,35.0,0.12339320272972362,12.49766742451185
17.053306039000002,106.84208323299978,SAT_10078,19.2478618773266,187.01922305996212,98.88093594213085,170.6903727571842,-65.74183816603359,29.59838928650149,35.0,0.12380012007553746,12.526054575275333
17.053306039000002,106.94208323299978,SAT_10094,19.206429303933078,186.78616483462358,98.87554791081631,170.7022622396224,-65.78327073942711,29.580572534238343,35.0,0.12396598695767233,12.537615047085378
17.053306039000002,107.04208323299977,SAT_10094,19.310036028040244,187.36895265772637,98.88904959292074,170.67504321643446,-65.67966401531994,29.62651105224421,35.0,0.12353546941009722,12.507596381719601
17.153306039,106.4420832329998,SAT_10078,19.661872049043296,189.34803027586855,98.93312164118454,170.58085108725209,-65.32782799431689,29.7810010672948,35.0,0.12208135378822886,12.40589662057137
17.153306039,106.5420832329998,SAT_10078,19.58998394742899,188.94365970428805,98.92432313561922,170.5999816537729,-65.3997160959312,29.749434767495824,35.0,0.12237952705655461,12.426789682597581
17.153306039,106.6420832329998,SAT_10078,19.50931121837354,188.48987560335118,98.9143219958381,170.62139297433188,-65.48038882498665,29.713939745560282,35.0,0.12271427291482628,12.450221323300214
17.153306039,106.74208323299979,SAT_10078,19.419909274442134,187.98698966873698,98.90307785954957,170.64505099149113,-65.56979076891805,29.674516081856556,35.0,0.1230854074686402,12.476170451814834
17.153306039,106.84208323299978,SAT_10078,19.321838648192,187.43534239608002,98.89054438440193,170.67091852911108,-65.66786139516819,29.631163865655207,35.0,0.12349272965150328,12.504614002060812
17.153306039,106.94208323299978,SAT_10095,19.21791877561256,186.85079311282067,98.8771179361892,170.7004283789248,-65.77178126774763,29.586332210006365,35.0,0.1239108700207684,12.533774228808408
17.153306039,107.34208323299976,SAT_10094,19.48762569879021,188.36789455569493,98.91164940058208,170.62815935465522,-65.50207434456998,29.70496635164561,35.0,0.12279807379844082,12.456083267761919
17.253306039,106.24208323299982,SAT_10078,19.84397472007018,190.37235780039478,98.95494883711959,170.53217542771227,-65.14572532329001,29.860693612497847,35.0,0.12132655463330654,12.352916953442268
17.253306039,106.34208323299981,SAT_10078,19.78973576156038,190.0672636587771,98.94851839704305,170.54670576232522,-65.19996428179981,29.83699781530508,35.0,0.12155129256948957,12.368705042210184
17.253306039,106.4420832329998,SAT_10078,19.726607732734962,189.71216849663415,98.94096120878748,170.56358280943857,-65.26309231062523,29.809375291853897,35.0,0.12181294525544933,12.387071847785105
17.253306039,106.5420832329998,SAT_10078,19.65463529912006,189.30732355755035,98.93224803494624,170.58277907226972,-65.33506474424013,29.77782610468928,35.0,0.1221113647620221,12.408000411897678
17.253306039,106.6420832329998,SAT_10078,19.573868803337334,188.85301201877252,98.92234460320084,170.60426357792585,-65.41583124002285,29.74235032525161,35.0,0.12244638422873384,12.431471603119872
17.253306039,106.74208323299979,SAT_10078,19.48436401249046,188.34954757025884,98.91121122250009,170.62800203961015,-65.50533603086973,29.702948033878215,35.0,0.12281781865818919,12.457464206479603
17.253306039,106.84208323299978,SAT_10078,19.386181843073942,187.7972728672909,98.89880232847746,170.65395703304085,-65.60351820028625,29.659619319805152,35.0,0.12322546578492354,12.485955021265623
17.353306039000003,106.14208323299982,SAT_10078,19.94440530468482,190.9372798388521,98.96670918233023,170.50519775985978,-65.04529473867537,29.90447849963037,35.0,0.12091059772801183,12.32366488071794
17.353306039000003,106.24208323299982,SAT_10078,19.899051679134146,190.68216569512958,98.9614243816763,170.51739238561535,-65.09064836422604,29.884720259754005,35.0,0.121098412230261,12.336877826134431
17.353306039000003,106.34208323299981,SAT_10078,19.84476217545007,190.37678723690664,98.95504658653262,170.53196426965377,-65.14493786791012,29.86103738073334,35.0,0.12132329231634191,12.352687686673336
17.353306039000003,106.4420832329998,SAT_10078,19.781575763319466,190.02136366867202,98.94755161564174,170.54888940192964,-65.20812428004072,29.833429916198764,35.0,0.12158510905987935,12.371079685249972
17.353306039000003,106.5420832329998,SAT_10078,19.709537347420763,189.6161475792418,98.9389106422317,170.5681401303998,-65.28016269593942,29.801897928671266,35.0,0.12188371379522447,12.392036780415664
17.353306039000003,106.6420832329998,SAT_10078,19.62869753806602,189.16142365162136,98.92908987890125,170.58968530851178,-65.36100250529417,29.766441489563814,35.0,0.12221893883503555,12.415539747511176
17.353306039000003,106.74208323299979,SAT_10078,19.539112396578176,188.65750723075223,98.9180502009215,170.61349045875943,-65.45058764678201,29.727060679182905,35.0,0.12259059826996727,12.441567268935511
17.453306039,106.04208323299983,SAT_10078,20.02608102202572,191.3967057488947,98.97613117203308,170.48318802361746,-64.96361902133447,29.939999396440278,35.0,0.12057248698772963,12.299857907169542
17.453306039,106.14208323299982,SAT_10078,19.98967145361425,191.19190192658016,98.97194800583516,170.49300734332945,-65.00002858974594,29.92417452074001,35.0,0.12072319195714158,12.310472575199348
17.453306039,106.24208323299982,SAT_10078,19.94428727781299,190.93661593769806,98.96669902630003,170.50522951989367,-65.0454127655472,29.904427112760658,35.0,0.1209110864302245,12.323699271983955
17.453306039,106.34208323299981,SAT_10078,19.889961467280614,190.63103325345344,98.96036466749963,170.51983422406238,-65.09973857607957,29.880757217226144,35.0,0.12113606142298196,12.339525507820365
17.453306039,106.4420832329998,SAT_10078,19.826733156589057,190.27537400581346,98.9529210302325,170.5367973383834,-65.16296688677113,29.853164887746438,35.0,0.12139798750513697,12.357936448629033
17.453306039,106.5420832329998,SAT_10078,19.75464743927094,189.86989184589905,98.94433962613189,170.55609108787115,-65.23505260408925,29.821650186818704,35.0,0.12169671543232556,12.378914987604476
17.453306039,106.6420832329998,SAT_10078,19.673755137014325,189.41487264570557,98.93458706738917,170.57768418847002,-65.31594490634586,29.786213185828707,35.0,0.12203207686744579,12.402441826837098
17.553306039,105.94208323299983,SAT_10078,20.08889211924361,191.7500181707453,98.9832918632787,170.46621899411403,-64.90080792411658,29.967262547909357,35.0,0.1203125729582131,12.281538904953694
17.553306039,106.04208323299983,SAT_10078,20.061472520807826,191.59578292954401,98.98017594341161,170.47363125876728,-64.92822752255236,29.955366801825214,35.0,0.1204260249217155,12.289537040688586
17.553306039,106.14208323299982,SAT_10078,20.025048059569244,191.390895335077,98.97601537555467,170.48346677651625,-64.96465198379094,29.93955065006183,35.0,0.12057676216691499,12.300159095169604
17.553306039,106.24208323299982,SAT_10078,19.979645455845258,191.13550568912956,98.97079486407002,170.49570906371184,-65.01005458751493,29.919814128444514,35.0,0.12076469644416078,12.313394955803437
17.553306039,106.34208323299981,SAT_10078,19.925297783958484,190.82980003476646,98.96449502570248,170.51033772454932,-65.0644022594017,29.89615728168028,35.0,0.12098971846189725,12.329232098070756
17.553306039,106.4420832329998,SAT_10078,19.862044298525944,190.47399917920842,98.95709218560543,170.52732856302714,-65.12765574483424,29.86858016335882,35.0,0.12125169842580709,12.347655646740114
17.553306039,106.5420832329998,SAT_10078,19.7899302305689,190.06835754695007,98.94855812458756,170.54665371425244,-65.19976981279129,29.83708283595366,35.0,0.12155048667339745,12.368648447819094
17.653306039,105.84208323299984,SAT_10078,20.132756614502682,191.9967559565776,98.98824934281932,170.45434640117708,-64.8569434288575,29.986274282377504,35.0,0.12013111400060573,12.268740196057326
17.653306039,105.94208323299983,SAT_10078,20.114359517157013,191.8932722840082,98.98617512306743,170.45932807859123,-64.87534052620317,29.978303389964637,35.0,0.12020721387514686,12.274108623701439
17.653306039,106.04208323299983,SAT_10078,20.086936094004315,191.7390155287743,98.98307182768076,170.4667479970094,-64.90276394935587,29.966414238190897,35.0,0.12032066568388228,12.282109524853471
17.653306039,106.14208323299982,SAT_10078,20.05050660860661,191.5340996734122,98.97892816941214,170.47659365056256,-64.93919343475358,29.95060685399057,35.0,0.12047140254235637,12.292735235639228
17.653306039,106.24208323299982,SAT_10078,20.005097832469573,191.27867530764135,98.97372896043983,170.48884852175388,-64.98460221089061,29.930881273175522,35.0,0.12065933604889041,12.305975626263363
17.653306039,106.34208323299981,SAT_10078,19.95074290300775,190.9729288294186,98.96745495476505,170.5034921730773,-65.03895714035244,29.907237540435972,35.0,0.12088435672413549,12.32181815098698
17.653306039,106.4420832329998,SAT_10078,19.887481149334604,190.61708146500715,98.96008264612925,170.5205003593164,-65.10221889402558,29.87967570934148,35.0,0.12114633455144477,12.340247909499228
17.753306039,105.74208323299985,SAT_10078,20.157621297572703,192.13661979884645,98.99104401907339,170.44760828211747,-64.83207874578748,29.997041011473904,35.0,0.1200282732053972,12.261483201938507
17.753306039,105.84208323299984,SAT_10078,20.14826542124817,192.08399299452097,98.98999423055163,170.45014433516016,-64.84143462211202,29.992990655436742,35.0,0.12006696761853128,12.264213974770062
17.753306039,105.94208323299983,SAT_10078,20.12987078342887,191.9805231567874,98.98792565090831,170.45512805652425,-64.85982925993132,29.9850242060599,35.0,0.12014305077152237,12.269582358695454
17.753306039,106.04208323299983,SAT_10078,20.102451041495556,191.82628710841252,98.98483081326377,170.4625510149418,-64.88724900186463,29.973141681393944,35.0,0.12025647760394428,12.277583190712836
17.753306039,106.14208323299982,SAT_10078,20.06602647387338,191.62139891553775,98.98069848444361,170.4724006943236,-64.92367356948681,29.95734310836312,35.0,0.12040718119028544,12.288208802336046
17.753306039,106.24208323299982,SAT_10078,20.02062387163778,191.36600927796255,98.97551354965812,170.48466056372,-64.9690761717224,29.93762852276593,35.0,0.1205950730746756,12.301449057693654
17.753306039,106.34208323299981,SAT_10078,19.96627639632301,191.06030472931693,98.96925685590088,170.49931016904947,-65.02342364703718,29.913997969275936,35.0,0.12082004371076635,12.31729140355289
17.753306039,106.4420832329998,SAT_10078,19.90302340551787,190.704506656038,98.96190501115976,170.51632524553486,-65.08667663784232,29.88645150144272,35.0,0.1210819630025024,12.335720930747678
17.853306039,105.74208323299985,SAT_10078,20.163152393826664,192.16773221527498,98.99166478281096,170.4461086025552,-64.82654764953352,29.99943505177534,35.0,0.12000539841943936,12.259868700334216
17.853306039,105.84208323299984,SAT_10078,20.153800345023413,192.1151269407567,98.99061646170597,170.44864411015573,-64.83589969833677,29.995386965870154,35.0,0.12004407581302987,12.262598478238168
17.853306039,105.94208323299983,SAT_10078,20.135413232166982,192.01169943093927,98.98855077793075,170.45362676057204,-64.8542868111932,29.987424981507854,35.0,0.12012012550265745,12.267964906626364
17.853306039,106.04208323299983,SAT_10078,20.108004706382587,191.8575264734021,98.98546028365438,170.46104812615224,-64.8816953369776,29.975549116732317,35.0,0.1202335024504678,12.275962825107209
17.853306039,106.14208323299982,SAT_10078,20.071595036827432,191.6527220821543,98.98133377444722,170.47089569616253,-64.91810500653276,29.95975939845782,35.0,0.12038413976438522,12.286584569063658
17.853306039,106.24208323299982,SAT_10078,20.026211002370403,191.3974368883335,98.97615617436199,170.48315294670294,-64.96348904098978,29.94005586246962,35.0,0.12057194903256827,12.29982000772389
17.853306039,106.34208323299981,SAT_10078,19.971885749496494,191.09185734091776,98.9699083798817,170.4977994323774,-65.0178142938637,29.91643855342473,35.0,0.12079682076293488,12.315656594148075
17.853306039,106.4420832329998,SAT_10078,19.90865861801987,190.7362047263618,98.96256705984028,170.51481089865865,-65.08104142534032,29.888907524852893,35.0,0.12105862492349886,12.334079426611064
17.953306038999997,105.64208323299985,SAT_10078,20.159012296589594,192.14444416831648,98.99120181645303,170.4472311595328,-64.8306877467706,29.997643115702814,35.0,0.12002252042700697,12.261077182513603
17.953306038999997,105.74208323299985,SAT_10078,20.158702484073544,192.14270147291367,98.99116709370118,170.4473151563661,-64.83099755928664,29.997509013044866,35.0,0.12002380172006963,12.261167614245329
17.953306038999997,105.84208323299984,SAT_10078,20.149356843221327,192.09013224311997,98.99011885737272,170.44984853145957,-64.84034320013886,29.993463208441103,35.0,0.120062453567576,12.26389542355282
17.953306038999997,105.94208323299983,SAT_10078,20.13098232229295,191.98677556289786,98.98805334155367,170.4548269948042,-64.85871772106724,29.985505711062032,35.0,0.12013845304914932,12.269257984275928
17.953306038999997,106.04208323299983,SAT_10078,20.103592549873937,191.8327080930409,98.98496310081006,170.46224213287866,-64.88610749348625,29.973636538944902,35.0,0.12025175519971046,12.27725014435279
17.953306038999997,106.14208323299982,SAT_10078,20.06720776173202,191.62804365974262,98.98083693434944,170.47208145587535,-64.92249228162817,29.95785571899409,35.0,0.12040229323505557,12.287864251511849
17.953306038999997,106.24208323299982,SAT_10078,20.021854692764038,191.37293264679772,98.97565977117677,170.48432846744194,-64.96784535059615,29.938163286981695,35.0,0.1205899788855188,12.30109019125038
17.953306038999997,106.34208323299981,SAT_10078,19.96756643525056,191.06756119828438,98.96941251414493,170.49896275612264,-65.02213360810963,29.914559287548315,35.0,0.12081470283446087,12.316915436700846
17.953306038999997,106.4420832329998,SAT_10078,19.904382264994794,190.71215024059572,98.96207184000822,170.5159601074456,-65.0853177783654,29.887043774204002,35.0,0.12107633525733716,12.335325109866455
18.053306039,105.64208323299985,SAT_10078,20.144584738669494,192.06328915501592,98.98958409622574,170.45114181224977,-64.8451153046907,29.991396926163063,35.0,0.12008219088628645,12.265288227717695
18.053306039,105.74208323299985,SAT_10078,20.14427522392154,192.06154813455865,98.98954933046365,170.45122568589534,-64.84542481943865,29.991262899491414,35.0,0.12008347105049443,12.265378561984235
18.053306039,105.84208323299984,SAT_10078,20.1349385630417,192.0090294171096,98.98849979525863,170.45375534672513,-64.85476148031849,29.98721938735356,35.0,0.12012208885222059,12.268103432094692
18.053306039,105.94208323299983,SAT_10078,20.116581684517143,191.90577197540895,98.9864317174939,170.45872651728274,-64.87311835884304,29.979266398916657,35.0,0.1201980214337074,12.27346021904324
18.053306039,106.04208323299983,SAT_10078,20.089218178203623,191.75185225239537,98.98333763748484,170.46613080863014,-64.90048186515656,29.967403952211363,35.0,0.12031122395258129,12.281443784785191
18.053306039,106.14208323299982,SAT_10078,20.052868222495846,191.54738375153914,98.97920633297504,170.47595576736651,-64.93683182086434,29.951632074132245,35.0,0.12046162980654175,12.292046497823529
18.053306039,106.24208323299982,SAT_10078,20.007558476734545,191.2925164316318,98.97402270404059,170.48818494506617,-64.98214156662564,29.931950800438337,35.0,0.12064915096571514,12.30525827103209
18.053306039,106.34208323299981,SAT_10078,19.953321940063162,190.9874359128553,98.967767616797,170.5027979893228,-65.03637810329703,29.90836017575393,35.0,0.12087367840942921,12.321066611318722
18.153306039,105.54208323299986,SAT_10078,20.11148448763457,191.87710024294444,98.98585788184418,170.46010630619742,-64.87821555572562,29.977057366894844,35.0,0.1202191071799655,12.274947509243079
18.153306039,105.64208323299985,SAT_10078,20.120191578473737,191.92607762891478,98.98684027467965,170.45774918559746,-64.86950846488645,29.980830675080078,35.0,0.12018308862393075,12.27240686574514
18.153306039,105.74208323299985,SAT_10078,20.119882446213424,191.9243387599505,98.9868054197527,170.45783288396638,-64.86981759714676,29.980696724764627,35.0,0.12018436737922507,12.272497070565786
18.153306039,105.84208323299984,SAT_10078,20.110557319798176,191.8718849238647,98.98575319170578,170.4603572599732,-64.87914272356201,29.976655516252237,35.0,0.12022294269043925,12.27521803715062
18.153306039,105.94208323299983,SAT_10078,20.092223099768717,191.76875493619903,98.98367980174096,170.46531805399047,-64.89747694359147,29.968707058706745,35.0,0.12029879178765393,12.280567156520082
18.153306039,106.04208323299983,SAT_10078,20.064893321241783,191.61502493198506,98.98057775913784,170.47270691199645,-64.9248067221184,29.956851370152275,35.0,0.120411870000625,12.288539310273604
18.153306039,106.14208323299982,SAT_10078,20.02858808152206,191.4108079585616,98.97643579486719,170.48251143230118,-64.96111196183813,29.941088477473638,35.0,0.120562110982239,12.29912689602835
18.153306039,106.24208323299982,SAT_10078,19.98333393316088,191.15625337402994,98.97123874591374,170.4947152345525,-65.00636611019931,29.92141841641691,35.0,0.12074942703904727,12.31231986502468
18.253306038999998,105.34208323299987,SAT_10078,20.032795244609332,191.4344732509275,98.97691946660363,170.48137589293887,-64.95690479875086,29.942915926705187,35.0,0.12054469905391674,12.297900133463246
18.253306038999998,105.44208323299986,SAT_10078,20.059468621476668,191.58451099580628,98.9799625287216,170.47417268814274,-64.93023142188352,29.95449707993792,35.0,0.12043431697562561,12.290121496703067
18.253306038999998,105.54208323299986,SAT_10078,20.077158796834695,191.68401823219514,98.9819735324336,170.46939170274302,-64.91254124652549,29.962173238687885,35.0,0.12036111891982726,12.284961663550517
18.253306038999998,105.64208323299985,SAT_10078,20.085852756685156,191.73292175635402,98.98295975909144,170.46704096769423,-64.90384728667503,29.965944385544738,35.0,0.12032514784762899,12.282425556677902
18.253306038999998,105.74208323299985,SAT_10078,20.08554409075272,191.73118551048407,98.98292476819071,170.46712443926128,-64.90415595260747,29.96581051195522,35.0,0.12032642491669375,12.282515600384718
18.253306038999998,105.84208323299984,SAT_10078,20.076233026788017,191.6788107756826,98.98186843357017,170.4696419768766,-64.91346701657217,29.961771618222958,35.0,0.12036494937535203,12.285231708543169
18.253306038999998,105.94208323299983,SAT_10078,20.05792642934736,191.5758361650789,98.97978694213026,170.4745893439282,-64.93177361401283,29.9538277135085,35.0,0.12044069856636665,12.290571285026768
18.253306038999998,106.04208323299983,SAT_10078,20.030637763064703,191.42233741723896,98.97667275504773,170.48195823146705,-64.95906228029548,29.94197881582948,35.0,0.12055362804031311,12.298529236617611
18.253306038999998,106.14208323299982,SAT_10078,19.994387020830857,191.21842699217356,98.97251453078528,170.49173630455687,-64.99531302252933,29.926224952061027,35.0,0.12070367177746269,12.309097998256034
18.353306038999996,105.24208323299987,SAT_10078,19.953058922360768,190.98595643827932,98.96774744031961,170.5028687870706,-65.03664112099942,29.908245689719404,35.0,0.12087476740812443,12.321143256240097
18.353306038999996,105.34208323299987,SAT_10078,19.988632884202076,191.18605997363667,98.97185523055879,170.493287252187,-65.00106715915811,29.923722892955446,35.0,0.12072749120279373,12.310775308723764
18.353306038999996,105.44208323299986,SAT_10078,20.01525895207442,191.3358316054186,98.97491432902238,170.4861079422373,-64.97444109128577,29.935297376792395,35.0,0.12061727809738902,12.303013247743456
18.353306038999996,105.54208323299986,SAT_10078,20.032917702110197,191.43516207436986,98.97693590983069,170.481342838395,-64.95678234124999,29.942969114971838,35.0,0.12054419225259759,12.297864425574248
18.353306038999996,105.64208323299985,SAT_10078,20.04159620332601,191.48397864370884,98.97792731768985,170.47899991845003,-64.94810384003418,29.946738090089653,35.0,0.12050827636993855,12.295333735303858
18.353306038999996,105.74208323299985,SAT_10078,20.041288086392328,191.48224548595684,98.97789214302952,170.4790831124405,-64.94841195696786,29.946604293595634,35.0,0.12050955147910022,12.295423586643906
18.353306038999996,105.84208323299984,SAT_10078,20.031993577604027,191.42996387402266,98.97683025859246,170.48159228073146,-64.95770646575616,29.94256772579331,35.0,0.12054801683296115,12.298133893985053
18.353306038999996,105.94208323299983,SAT_10078,20.01371949767315,191.3271721744115,98.97473781813922,170.48652321479392,-64.97598054568704,29.934628395839944,35.0,0.12062364991132252,12.303462076821743
18.453306038999997,105.14208323299988,SAT_10078,19.854695137277943,190.43266014718841,98.95626919906812,170.52930022295322,-65.13500490608224,29.865373049517114,35.0,0.12128214265041418,12.349795589995718
18.453306038999997,105.24208323299987,SAT_10078,19.899100901542212,190.68244257117496,98.9614753732338,170.51737916123957,-65.09059914181798,29.884741716515137,35.0,0.12109820836947487,12.336863488724063
18.453306038999997,105.34208323299987,SAT_10078,19.93460247622221,190.88213892874995,98.96561052783493,170.5078351712799,-65.05509756713798,29.90020995880645,35.0,0.12095118840732622,12.326521166257193
18.453306038999997,105.44208323299986,SAT_10078,19.96117424093157,191.0316051052401,98.9686899486642,170.50068404733761,-65.02852580242862,29.911777741290244,35.0,0.12084116745955836,12.318778328921702
18.453306038999997,105.54208323299986,SAT_10078,19.97879691791296,191.1307326632604,98.97072493306044,170.4959376769587,-65.01090312544723,29.919445037717423,35.0,0.120768209229961,12.313642276975992
18.453306038999997,105.64208323299985,SAT_10078,19.987457673670008,191.1794494143938,98.97172290655308,170.4936039754476,-65.00224236969018,29.92321183069005,35.0,0.12073235611545002,12.311117868817185
18.453306038999997,105.74208323299985,SAT_10078,19.987150186955176,191.17771980162286,98.9716874990335,170.49368684201892,-65.00254985640501,29.923078111660946,35.0,0.12073362899554992,12.311207497051482
18.453306038999997,105.84208323299984,SAT_10078,19.977874682354567,191.12554508824448,98.97061858184628,170.4961861381332,-65.01182536100562,29.919043880933536,35.0,0.1207720271284758,12.313911076677494
18.453306038999997,105.94208323299983,SAT_10078,19.959637929093788,191.02296335115253,98.96851226647641,170.501097688267,-65.0300621142664,29.91110914766183,35.0,0.12084752815482812,12.319226045506397
18.553306039,105.14208323299988,SAT_10078,19.791022918235797,190.07450391507638,98.94874320236737,170.54636125857556,-65.19867712512439,29.837560544029643,35.0,0.12154595849865286,12.368330452079821
18.553306039,105.24208323299987,SAT_10078,19.83532703393506,190.3237145658847,98.95399149423856,170.53449394333438,-65.15437300942513,29.85691793701799,35.0,0.12136238169978518,12.355434621408948
18.553306039,105.34208323299987,SAT_10078,19.870747098780868,190.52295243064236,98.95815998249223,170.52499308872808,-65.11895294457932,29.872377175649888,35.0,0.12121564826623833,12.345121383234893
18.553306039,105.44208323299986,SAT_10078,19.897257713749383,190.6720746398403,98.96126415781825,170.51787434715624,-65.0924423296108,29.883938224836907,35.0,0.12110584220062456,12.33740036509085
18.553306039,105.54208323299986,SAT_10078,19.914839768166146,190.77097369593457,98.96331546853628,170.51314949904878,-65.07486027519404,29.8916010583392,35.0,0.12103302668427506,12.332278807800186
18.553306039,105.64208323299985,SAT_10078,19.92348054001083,190.81957803756092,98.96432143920181,170.51082638822547,-65.06621950334936,29.89536565876496,35.0,0.12099724376580576,12.32976153012304
18.553306039,105.74208323299985,SAT_10078,19.923173763016905,190.8178524169701,98.96428574805296,170.5109088786388,-65.06652628034328,29.895232017570024,35.0,0.12099851415303906,12.329850905121484
18.553306039,105.84208323299984,SAT_10078,19.913919659816088,190.7657980864655,98.96320826472147,170.5133968330028,-65.0757803835441,29.89120013505771,35.0,0.12103683711029209,12.332546848488738
18.653306038999997,105.24208323299987,SAT_10078,19.761787496131276,189.91005466573844,98.94526478397897,170.55418221730838,-65.22791254722891,29.824774412046796,35.0,0.12166712137185184,12.376837620595477
18.653306038999997,105.34208323299987,SAT_10078,19.797117153717707,190.1087839896621,98.9494728173725,170.54472994386168,-65.19258288964248,29.84022460432286,35.0,0.12152070404839102,12.366556846055259
18.653306038999997,105.44208323299986,SAT_10078,19.82355994176632,190.25752467243555,98.95260635884786,170.5376476722357,-65.16614010159387,29.85177888828314,35.0,0.12141113506042103,12.358860182580889
18.653306038999997,105.54208323299986,SAT_10078,19.841096936837644,190.35617026971175,98.95467703686255,170.53294706280246,-65.14860310652254,29.859437237696977,35.0,0.1213384770034947,12.353754804413569
18.653306038999997,105.64208323299985,SAT_10078,19.849715541830008,190.4046499227938,98.95569249411265,170.5306358792618,-65.13998450153018,29.863199635178642,35.0,0.12130277153572885,12.351245485911287
18.653306038999997,105.74208323299985,SAT_10078,19.849409552086584,190.40292873048702,98.95565646651258,170.53071794604534,-65.1402904912736,29.86306607218697,35.0,0.12130403917244448,12.351334578242783
18.753306038999995,104.94208323299989,SAT_10094,19.79356869494147,190.08882390904574,98.94909420980245,170.54670712906483,-65.19613134841872,29.839269517238353,35.0,0.12152935454429932,12.367164382047935
18.753306038999995,105.04208323299989,SAT_10094,19.724274333531042,189.69904312611212,98.94081388774116,170.56523179708066,-65.26542570982915,29.80894598313446,35.0,0.12181652992170314,12.387323365961253
18.753306038999995,105.14208323299988,SAT_10094,19.646309210420625,189.26048930861603,98.93138292168933,170.58602096334675,-65.34339083293956,29.77476117386304,35.0,0.12213976750411806,12.409991275951732
18.753306038999995,105.24208323299987,SAT_10078,19.678539475665232,189.44178455061692,98.93525840680437,170.57640876911748,-65.31116056769496,29.788311211867622,35.0,0.12201223800640801,12.401050772438694
18.753306038999995,105.34208323299987,SAT_10078,19.713770080965574,189.63995670543136,98.93951248786566,170.5670103606467,-65.27592996239461,29.803752315109566,35.0,0.12186616558408397,12.390805751273396
18.753306038999995,105.44208323299986,SAT_10078,19.740138554718726,189.78827937029286,98.94268022284623,170.55996852470085,-65.24956148864146,29.81529980192671,35.0,0.12175685527524902,12.383135910592074
18.753306038999995,105.54208323299986,SAT_10078,19.757626179967758,189.88664726231863,98.94477345119395,170.5552947892538,-65.23207386339243,29.822953646097506,35.0,0.12168436902884439,12.378048351207298
18.753306038999995,105.64208323299985,SAT_10078,19.7662204973647,189.93499029767642,98.94579995396836,170.552996829655,-65.22347954599549,29.82671383024227,35.0,0.12164874807194967,12.375547798510805
18.753306038999995,105.74208323299985,SAT_10078,19.76591537019206,189.93327395733036,98.94576353462986,170.55307842675552,-65.22378467316813,29.826580345822798,35.0,0.12165001270740551,12.375636579528
18.853306038999996,104.7420832329999,SAT_10094,19.951725922822874,190.9784583158787,98.96764695116885,170.50425810816404,-65.03797412053731,29.9082693984274,35.0,0.12087431052411923,12.321111100276552
18.853306038999996,104.8420832329999,SAT_10094,19.899878578711892,190.6868170052544,98.96161952915662,170.51819968144224,-65.0898214646483,29.885682069959707,35.0,0.12108898589245065,12.336214867273304
18.853306038999996,104.94208323299989,SAT_10094,19.8392647749165,190.34586435890532,98.95450795825136,170.5344665081991,-65.15043526844369,29.859235636165128,35.0,0.12134003598728202,12.35386436042242
18.853306038999996,105.04208323299989,SAT_10094,19.769927127143603,189.9558400901828,98.94628558054033,170.55303233726255,-65.21977291621658,29.8289301572849,35.0,0.12162731979213162,12.374043416446797
18.853306038999996,105.14208323299988,SAT_10094,19.691913848161022,189.51701539590573,98.93692108322541,170.5738674871419,-65.29778619519917,29.79476570235456,35.0,0.12195067764662948,12.396733732765187
18.853306038999996,105.24208323299987,SAT_10094,19.605278507818454,189.02969160647882,98.92637815827062,170.59693900026534,-65.38442153554173,29.7567423492054,35.0,0.12230993199870953,12.421914952483078
18.853306038999996,105.34208323299987,SAT_10078,19.620770037998895,189.1168314637438,98.92823623834005,170.59179485374244,-65.36893000536129,29.76296038774327,35.0,0.12225182026921935,12.417843719092907
18.853306038999996,105.44208323299986,SAT_10078,19.647057918747606,189.26470079295527,98.9314432494752,170.5847972853422,-65.34264212461258,29.77450104551435,35.0,0.1221427895862685,12.410203095198456
18.853306038999996,105.54208323299986,SAT_10078,19.664492002546154,189.36276751432212,98.93356237931475,170.58015297010297,-65.32520804081403,29.78215036329645,35.0,0.12207048906602391,12.405134944941496
18.853306038999996,105.64208323299985,SAT_10078,19.67305997997765,189.41096238737427,98.93460156883243,170.57786948723063,-65.31664006338254,29.785908323715883,35.0,0.12203495946579908,12.402643940401997
18.953306038999997,104.64208323299991,SAT_10094,20.030676529227634,191.42255547690544,98.97673074938461,170.4829799116587,-64.95902351413255,29.94260355124864,35.0,0.12054753042449567,12.298099623297993
18.953306038999997,104.7420832329999,SAT_10094,19.987616376497883,191.1803421178006,98.97179266176973,170.4945924632919,-65.0020836668623,29.923886588923008,35.0,0.12072574077113409,12.310652051722286
18.953306038999997,104.8420832329999,SAT_10094,19.935749853066184,190.8885929234973,98.9657987411493,170.50855671440434,-65.053950190294,29.901312779659218,35.0,0.12094045340103317,12.325765802147858
18.953306038999997,104.94208323299989,SAT_10094,19.875113874189566,190.54751554231632,98.9587269138681,170.52484990932126,-65.11458616917062,29.874882174884196,35.0,0.12119154627553871,12.343426888458012
18.953306038999997,105.04208323299989,SAT_10094,19.80575118432651,190.15735041183663,98.95055077924054,170.5434457125401,-65.18394885903368,29.844594834814252,35.0,0.12147887798776107,12.363619103320078
18.953306038999997,105.14208323299988,SAT_10094,19.727710140932928,189.7183695427477,98.94123932880436,170.56431434786663,-65.26198990242726,29.810450828456364,35.0,0.12180228843718294,12.386324094579816
18.953306038999997,105.24208323299987,SAT_10094,19.64104447340651,189.23087516291162,98.93075661032958,170.58742275338057,-65.34865556995368,29.772450233609614,35.0,0.12216159958460304,12.411521450598123
18.953306038999997,105.34208323299987,SAT_10094,19.545813019652968,188.69519823554796,98.91906132988856,170.61273475058331,-65.44388702370722,29.730593136866823,35.0,0.12255661628065113,12.439188793710077
18.953306038999997,105.44208323299986,SAT_10078,19.54438878295447,188.6871869041189,98.91884624028494,170.61209044056426,-65.44531126040572,29.72938270824398,35.0,0.1225687033510307,12.440034824734397
18.953306038999997,105.54208323299986,SAT_10078,19.561765303958865,188.78492983476863,98.92099481968259,170.60747799540235,-65.42793473940132,29.7370274785006,35.0,0.12249660199978675,12.4349876204998
19.053306038999995,104.44208323299992,SAT_10094,20.11625588156268,191.9039393337901,98.98644515259505,170.45984862534456,-64.87344416179751,29.979737392738585,35.0,0.1201934740624394,12.273139455129087
19.053306038999995,104.54208323299991,SAT_10094,20.090892280349692,191.76126907696704,98.98358068618369,170.466711401163,-64.8988077630105,29.96874086341167,35.0,0.12029839014765085,12.280538835111514
19.053306038999995,104.64208323299991,SAT_10094,20.056665798026998,191.56874511390185,98.97969674181813,170.4759625918552,-64.93303424533319,29.953889731164207,35.0,0.12043999070563502,12.290521393936567
19.053306038999995,104.7420832329999,SAT_10094,20.01360119994459,191.3265067496883,98.97477935453755,170.48758691719047,-64.9760988434156,29.935184029833458,35.0,0.12061819396880885,12.30307776208979
19.053306038999995,104.8420832329999,SAT_10094,19.961729441086703,191.0347281061127,98.96881067777282,170.50156528467016,-65.02797060227348,29.9126238020405,35.0,0.12083289768300223,12.318196221960813
19.053306038999995,104.94208323299989,SAT_10094,19.90108750567859,190.69361721944207,98.96176879958742,170.51787489293648,-65.0886125376816,29.886209099191117,35.0,0.12108397960470094,12.335862764331539
19.053306038999995,105.04208323299989,SAT_10094,19.831718217572742,190.30341497384669,98.95362751395307,170.53648935392755,-65.15798182578745,29.85593998147686,35.0,0.12137129809045083,12.356061155246314
19.053306038999995,105.14208323299988,SAT_10094,19.753670023442808,189.8643938818658,98.94435604273674,170.55737883242458,-65.23603001991738,29.821816517876314,35.0,0.12169469277293966,12.378773012596179
19.053306038999995,105.24208323299987,SAT_10094,19.666996751059543,189.37685672470994,98.93391870301964,170.58051020147443,-65.32270329230064,29.783838786156565,35.0,0.12205398531757032,12.403977891665214
19.053306038999995,105.34208323299987,SAT_10094,19.571757345137513,188.84113506639852,98.9222745131398,170.6058472120282,-65.41794269822267,29.742006872874803,35.0,0.12244898025274185,12.431653378816527
19.053306038999995,105.44208323299986,SAT_10094,19.468015583403186,188.25758765664295,98.9093767293996,170.63335067503314,-65.521684459957,29.69632087338015,35.0,0.12287946586655972,12.461775192437443
19.053306038999995,105.54208323299986,SAT_10078,19.44952299599025,188.15356685244518,98.90701447939783,170.63722259850715,-65.54017704736994,29.687585090370348,35.0,0.12296245250095884,12.467577086732181
19.153306038999993,104.24208323299993,SAT_10094,20.156364031377166,192.12954767649657,98.99095208951432,170.44898386755503,-64.83333601198302,29.997110966232142,35.0,0.1200275975103068,12.261435513149825
19.153306038999993,104.34208323299993,SAT_10094,20.14877637756257,192.08686712378946,98.9901019514846,170.45104043313145,-64.84092366579762,29.99382569714649,35.0,0.12005897517998905,12.26364995463266
19.153306038999993,104.44208323299992,SAT_10094,20.1322968503421,191.99416978317433,98.98825199460309,170.45550517654834,-64.85740319301809,29.986688114972385,35.0,0.12012712848834665,12.268459002953783
19.153306038999993,104.54208323299991,SAT_10094,20.106937488357218,191.85152337200935,98.98539566236175,170.46237066586906,-64.88276255500297,29.975698235974782,35.0,0.12023201771848273,12.275858107390215
19.153306038999993,104.64208323299991,SAT_10094,20.072716750846936,191.65903172351403,98.98152278033959,170.47162550764736,-64.91698329251325,29.96085608519762,35.0,0.12037358195458059,12.285840288108925
19.153306038999993,104.7420832329999,SAT_10094,20.029659420497623,191.41683424029912,98.97661945365147,170.4832544096363,-64.96004062286256,29.942161696464346,35.0,0.12055173938182105,12.298396170308813
19.153306038999993,104.8420832329999,SAT_10094,19.977796473873582,191.1251051655389,98.97066792569214,170.49723826438395,-65.0119035694866,29.91961511237862,35.0,0.12076638768704548,12.313514029794238
19.153306038999993,104.94208323299989,SAT_10094,19.917164920854248,190.78405267980517,98.96364639560548,170.51355425276256,-65.07253512250594,29.89321638432521,35.0,0.12101740455633753,12.331179849512262
19.153306038999993,105.04208323299989,SAT_10094,19.847807614820567,190.3939178333657,98.95552879110329,170.53217596626547,-65.14189242853962,29.86296557247106,35.0,0.12130464826482479,12.351377386480396
19.153306038999993,105.14208323299988,SAT_10094,19.769773035622464,189.95497332537636,98.94628449234744,170.553073546715,-65.21992700773772,29.828862745766568,35.0,0.12162795835321033,12.374088248436069
19.153306038999993,105.24208323299987,SAT_10094,19.68311504760463,189.46752214277606,98.93587800156439,170.57621384186274,-65.30658499575556,29.790907981947,35.0,0.12198715638484231,12.399291979454974
19.153306038999993,105.34208323299987,SAT_10094,19.5878926351848,188.9318960729145,98.92426855184264,170.60156057521823,-65.40180740817539,29.74910136753415,35.0,0.12238204677653003,12.426966153714774
19.153306038999993,105.44208323299986,SAT_10094,19.484169618635363,188.34845410482393,98.911409647128,170.62907452834446,-65.50553042472482,29.703442997838124,35.0,0.12281241769582098,12.457086476522672
19.153306038999993,105.54208323299986,SAT_10094,19.372014352848055,187.7175807347703,98.8972485237209,170.6587137337718,-65.61768569051213,29.653932976959354,35.0,0.12327804201707232,12.489626891682603
19.153306038999993,105.64208323299985,SAT_10078,19.33632500552868,187.51682815609882,98.89264518037275,170.66710308949968,-65.65337503783151,29.637574533978764,35.0,0.12343254944928585,12.500413932861306
19.253306038999995,104.04208323299994,SAT_10094,20.150915719479613,192.09890092207283,98.99034276805517,170.45046063908057,-64.83878432388057,29.994752049071792,35.0,0.12005012810006256,12.263025605771732
19.253306038999995,104.14208323299994,SAT_10094,20.161117450642294,192.1562856598629,98.99148504413881,170.4476952169602,-64.8285825927179,29.999168733349602,35.0,0.12000794109082775,12.260048168016478
19.253306038999995,104.24208323299993,SAT_10094,20.162426645674515,192.16364988191916,98.99163149862737,170.44734025682044,-64.82727339768567,29.99973544013352,35.0,0.12000252737666771,12.259666053622082
19.253306038999995,104.34208323299993,SAT_10094,20.15484234573691,192.12098819477012,98.99078264803755,170.44939635069244,-64.83485769762328,29.996452168131896,35.0,0.12003389012012905,12.261879624942607
19.253306038999995,104.44208323299992,SAT_10094,20.138370102496907,192.0283318265451,98.98893549637398,170.45386007082163,-64.85132994086328,29.989318924828012,35.0,0.12010201100935881,12.266686783860308
19.253306038999995,104.54208323299991,SAT_10094,20.113021948703846,191.88574846145914,98.98608350524636,170.46072398867122,-64.87667809465634,29.97833572648022,35.0,0.12020685034876757,12.274082982116575
19.253306038999995,104.64208323299991,SAT_10094,20.07881633458028,191.6933418820141,98.98221652842757,170.46997671599587,-64.9108837087799,29.96350259812229,35.0,0.1203483472551395,12.284061243651184
19.253306038999995,104.7420832329999,SAT_10094,20.035778030741398,191.45125142292034,98.97732070968954,170.48160296750834,-64.95392201261879,29.944819573563926,35.0,0.12052641995728919,12.296612198717092
19.253306038999995,104.8420832329999,SAT_10094,19.983937998720506,191.15965124280285,98.97137834208355,170.49558364441708,-65.00576204463968,29.922286695391485,35.0,0.12074096619637735,12.311724129417692
19.253306038999995,104.94208323299989,SAT_10094,19.923333230520043,190.81874942167522,98.96436768610782,170.5118959378866,-65.06636681284014,29.895904014968853,35.0,0.12099186372306285,12.329383026199325
19.253306038999995,105.04208323299989,SAT_10094,19.854006558934657,190.42878689400743,98.95626274340327,170.53051345125098,-65.13569348442553,29.86567159243853,35.0,0.12127897088679723,12.349572654726288
19.253306038999995,105.14208323299988,SAT_10094,19.776006440670997,189.99003622877436,98.94703298171349,170.55140633962998,-65.21369360268919,29.83158949672288,35.0,0.12160212731177775,12.372274632470322
19.253306038999995,105.24208323299987,SAT_10094,19.689386714544483,189.5028002693127,98.93664300580457,170.57454146542545,-65.3003133288157,29.79365780552558,35.0,0.1219611546533733,12.397468514262455
19.253306038999995,105.34208323299987,SAT_10094,19.594206337240294,188.96741064697667,98.92505216782975,170.59988256804047,-65.3954937061199,29.75187660533323,35.0,0.12235585742823907,12.4251318859844
19.253306038999995,105.44208323299986,SAT_10094,19.490529099291265,188.38422618351336,98.91221410919569,170.6273904460562,-65.49917094406892,29.706245991417177,35.0,0.12278602391084208,12.455240465519047
19.253306038999995,105.54208323299986,SAT_10094,19.378423324045883,187.75363119775807,98.89807622428631,170.65702315002457,-65.6112767193143,29.6567660678355,35.0,0.12325142708873832,12.487768210036489
19.253306038999995,105.64208323299985,SAT_10094,19.257961552479415,187.07603373269671,98.88257903435702,170.68873618398447,-65.73173849088077,29.603436947435185,35.0,0.12375182566867456,12.52268742866281
19.253306038999995,105.74208323299985,SAT_10078,19.204970680304726,186.7779600767141,98.87561848318678,170.7016293304906,-65.78472936305546,29.57935812172375,35.0,0.12397839715997921,12.538479757128632
19.353306038999996,103.94208323299995,SAT_10094,20.127934169384204,191.96962970278614,98.98776400932091,170.45668671125912,-64.86176587397598,29.9847980204361,35.0,0.12014517198729434,12.26973201116567
19.353306038999996,104.04208323299994,SAT_10094,20.147007275512635,192.07691592475857,98.98990571263035,170.45151985370944,-64.84269276784755,29.99305962105266,35.0,0.12006629124151544,12.264166243949246
19.353306038999996,104.14208323299994,SAT_10094,20.15720168183765,192.13425946033678,98.9910477609368,170.44875679635243,-64.83249836152254,29.997473606649702,35.0,0.12002413360631432,12.261191038213507
19.353306038999996,104.24208323299993,SAT_10094,20.158509936668423,192.1416183937599,98.99119418625864,170.44840213985458,-64.83119010669176,29.99803996716471,35.0,0.12001872366227656,12.26080921033962
19.353306038999996,104.34208323299993,SAT_10094,20.15093108278127,192.09898734064467,98.9903455048368,170.4504564752359,-64.83876896057892,29.99475870130656,35.0,0.12005006456671899,12.263021122082838
19.353306038999996,104.44208323299992,SAT_10094,20.134470662491566,192.00639747651505,98.98849872227704,170.45491638059445,-64.85522938086862,29.987629816555504,35.0,0.12011813803806135,12.267824678791614
19.353306038999996,104.54208323299991,SAT_10094,20.10914068830226,191.8639163717002,98.98564730369507,170.46177444006216,-64.88055935505793,29.976653329163334,35.0,0.12022290444626789,12.275215339712828
19.353306038999996,104.64208323299991,SAT_10094,20.07495957945676,191.67164763444427,98.98178110833648,170.47101928477304,-64.91474046390343,29.961829264153714,35.0,0.12036430300847997,12.28518614027563
19.353306038999996,104.7420832329999,SAT_10094,20.03195206510327,191.4297303662059,98.9768862875093,170.48263565536982,-64.95774797825692,29.943157655322697,35.0,0.12054225208794482,12.29772772612185
19.353306038999996,104.8420832329999,SAT_10094,19.980149055144324,191.13833843518682,98.97094514399849,170.49660448533092,-65.00955098821586,29.920638545239434,35.0,0.1207566495933625,12.312828398531009
19.353306038999996,104.94208323299989,SAT_10094,19.91958748018942,190.7976795760655,98.96393595040834,170.51290300416863,-65.07011256317077,29.894271985247073,35.0,0.12100737347484099,12.330474170774368
19.353306038999996,105.04208323299989,SAT_10094,19.85031010234742,190.40799432570424,98.9558327230784,170.5315048593377,-65.13938994101277,29.86405803546382,35.0,0.1212942823117803,12.350648834827096
19.353306038999996,105.14208323299988,SAT_10094,19.772365298880004,189.96955480620002,98.9466049473142,170.55238025550452,-65.21733474448018,29.829996764784187,35.0,0.12161721598721975,12.37333403777263
19.353306038999996,105.24208323299987,SAT_10094,19.685806820987438,189.48266336805435,98.93621724863576,170.575496109661,-65.30389322237275,29.792088250880447,35.0,0.12197599644248214,12.398509367149714
19.353306038999996,105.34208323299987,SAT_10094,19.590693530205854,188.94765110740792,98.92462900353804,170.60081622043157,-65.39900651315433,29.750332580204244,35.0,0.12237042850535221,12.42615244442166
19.353306038999996,105.44208323299986,SAT_10094,19.487089115060897,188.36487627221754,98.91179388183086,170.62830144981274,-65.50261092829929,29.704729847988403,35.0,0.12280030078453358,12.456239025690428
19.353306038999996,105.54208323299986,SAT_10094,19.37506179074242,187.73472257292613,98.89765931092815,170.65790991550944,-65.61463825261777,29.65528015824892,35.0,0.12326538662274901,12.488743108734507
19.353306038999996,105.64208323299985,SAT_10094,19.254683984643734,187.057597413621,98.8821658504168,170.68959719198205,-65.73501605871645,29.60198362378712,35.0,0.12376544510057988,12.523637045420948
19.353306038999996,105.74208323299985,SAT_10094,19.126032010638724,186.33393005984283,98.86524646276426,170.72331651830382,-65.86366803272146,29.54484036619203,35.0,0.12430022208298581,12.560891658526696
19.453306038999994,104.14208323299994,SAT_10094,20.14331016631877,192.05611968554308,98.9894921824037,170.45252166156092,-64.84638987704142,29.991458538348162,35.0,0.12008158074320986,12.265245173085434
19.453306038999994,104.24208323299993,SAT_10094,20.144617120855315,192.06347130481115,98.98963877148665,170.45216753016618,-64.84508292250487,29.992024551031317,35.0,0.1200761757591715,12.264863767610843
19.453306038999994,104.34208323299993,SAT_10094,20.137045798476606,192.0208826164309,98.98878914070211,170.45421882450012,-64.85265424488358,29.988745300371715,35.0,0.12010748793331379,12.26707323282187
19.453306038999994,104.44208323299992,SAT_10094,20.12060172555279,191.92838470623443,98.98694029057611,170.45867213277114,-64.8690983178074,29.98162079384661,35.0,0.12017549903464657,12.271871479848222
19.453306038999994,104.54208323299991,SAT_10094,20.09529688006984,191.78604495039284,98.98408567513329,170.4655200609938,-64.89440316329035,29.970651047701267,35.0,0.12028016954269174,12.279253980455113
19.453306038999994,104.64208323299991,SAT_10094,20.06114962845581,191.59396666006396,98.98021513639345,170.47475127377692,-64.92855041490438,29.955836086949308,35.0,0.12042143884233382,12.289213789234434
19.453306038999994,104.7420832329999,SAT_10094,20.01818462916316,191.35228853904277,98.97531480211131,170.48635055655464,-64.97151541419703,29.937175945373216,35.0,0.12059922552155722,12.30174157749404
19.453306038999994,104.8420832329999,SAT_10094,19.966432704072858,191.0611839604098,98.96936694492373,170.50029889854798,-65.02326733928733,29.914670665525062,35.0,0.12081342776920805,12.316825678495201
19.453306038999994,104.94208323299989,SAT_10094,19.90593067913082,190.72086007011086,98.96234980034485,170.51657359551254,-65.08376936422937,29.888320298727372,35.0,0.1210639238689905,12.334452143575199
19.453306038999994,105.04208323299989,SAT_10094,19.83672119594212,190.33155672717444,98.95423734024632,170.53514837111982,-65.15297884741807,29.85812490507421,35.0,0.12135057278504496,12.354604808587405
19.453306038999994,105.14208323299988,SAT_10094,19.758852496334242,189.89354529188014,98.9449989975536,170.55599351562824,-65.23084754702595,29.824084553432417,35.0,0.12167321483367019,12.377265369996444
19.453306038999994,105.24208323299987,SAT_10094,19.67237818214832,189.40712727458433,98.93459933684893,170.57907604033682,-65.31732186121187,29.786199321443064,35.0,0.12203167243505633,12.402413469883063
19.453306038999994,105.34208323299987,SAT_10094,19.57735695272123,188.87263285905695,98.92299766435848,170.60435984618098,-65.41234309063896,29.744469295523057,35.0,0.12242575093830155,12.430026789042733
19.453306038999994,105.44208323299986,SAT_10094,19.473852322692593,188.29041931514584,98.91014756937192,170.631805904717,-65.5158477206676,29.698894570866937,35.0,0.12285523951249375,12.460081147305042
19.453306038999994,105.54208323299986,SAT_10094,19.361932322883604,187.66086931622027,98.89599638744043,170.6613724496714,-65.62776772047658,29.64947525144888,35.0,0.12331991209626073,12.492550610157803
19.453306038999994,105.64208323299985,SAT_10094,19.241669187078628,186.9843891773173,98.88048457365315,170.69301517717744,-65.74803085628156,29.596211450024846,35.0,0.12381952839792443,12.52740760073103
19.453306038999994,105.74208323299985,SAT_10094,19.113139027566092,186.26140703005925,98.86354497181551,170.7266874528102,-65.8765610157941,29.539103288134935,35.0,0.12435383493823884,12.564623016180592
19.55330603899999,104.14208323299994,SAT_10094,20.119454293352447,191.9219304001075,98.98681248875936,170.4589827792558,-64.87024575000774,29.981123541591565,35.0,0.12018024493509187,12.27220626740842
19.55330603899999,104.24208323299993,SAT_10094,20.120759589939283,191.92927269340848,98.98695943587138,170.45862939286985,-64.8689404534209,29.98168920488067,35.0,0.12017484609327693,12.271825419338438
19.55330603899999,104.34208323299993,SAT_10094,20.113197870414524,191.88673802108173,98.98610772942321,170.4606763726058,-64.87650217294566,29.97841197847036,35.0,0.12020612269015311,12.274031656120073
19.55330603899999,104.44208323299992,SAT_10094,20.09677463868485,191.7943573426023,98.98425435813036,170.46512032099014,-64.89292540467534,29.971291869834893,35.0,0.12027405656543104,12.278822896954658
19.55330603899999,104.54208323299991,SAT_10094,20.071501824107088,191.65219776060238,98.98139275021948,170.47195387502927,-64.9181982192531,29.960328895213067,35.0,0.12037860835174649,12.286194631085152
19.55330603899999,104.64208323299991,SAT_10094,20.03739771870046,191.4603621676901,98.97751270761552,170.48116574674185,-64.95230232465973,29.94552307960851,35.0,0.12051971766842928,12.296139939857953
19.55330603899999,104.7420832329999,SAT_10094,19.99448688131784,191.21898870741285,98.9726003031958,170.49274078499977,-64.99521316204235,29.926874456790234,35.0,0.1206973034175922,12.308649530415218
19.55330603899999,104.8420832329999,SAT_10094,19.942800009829384,190.92825005529028,98.96663773926555,170.50666005797387,-65.0469000335308,29.904383069293324,35.0,0.1209112641796999,12.323711780670545
19.55330603899999,104.94208323299989,SAT_10094,19.882373782721658,190.58835252780932,98.95960316467851,170.52290095524498,-65.10732626063853,29.878048968419826,35.0,0.12116147870485677,12.34131279510852
19.55330603899999,105.04208323299989,SAT_10094,19.81325067182108,190.19953502899358,98.95147044721973,170.54143730843867,-65.1764493715391,29.847872214239807,35.0,0.12144780649519547,12.361436470845039
19.55330603899999,105.14208323299988,SAT_10094,19.73547872813768,189.76206784577445,98.9422088969553,170.56223952905117,-65.25422131522251,29.813852875592616,35.0,0.12177008847296904,12.38406457329099
19.55330603899999,105.24208323299987,SAT_10094,19.64911134307087,189.27625130477367,98.93178293520609,170.58527476196963,-65.34058870028932,29.775991030088313,35.0,0.12212814772825979,12.409176820679738
19.55330603899999,105.34208323299987,SAT_10094,19.55420698741996,188.7424143042373,98.92015170258193,170.6105070530614,-65.43549305594023,29.734286764109285,35.0,0.12252179033962528,12.436750976648478
19.55330603899999,105.44208323299986,SAT_10094,19.45082893081377,188.16091273582748,98.90726859807431,170.6378975290909,-65.53887111254642,29.68874017281204,35.0,0.12295080626051585,12.46676295000703
19.55330603899999,105.54208323299986,SAT_10094,19.33904494428441,187.53212781159982,98.89308073949002,170.66740458815622,-65.65065509907578,29.639351360129183,35.0,0.12341497026392036,12.499186900784819
19.55330603899999,105.64208323299985,SAT_10094,19.218926988798472,186.8564643119914,98.87752833345046,170.6989840987782,-65.77077305456172,29.586120438771598,35.0,0.12391404293743068,12.533995351617694
19.55330603899999,105.74208323299985,SAT_10094,19.09055089257602,186.1343487707401,98.86054394068415,170.73258960577274,-65.89914915078417,29.52904753023078,35.0,0.1244477717207588,12.571159303521446
19.653306038999993,104.14208323299994,SAT_10094,20.08565355850736,191.73180126660392,98.98299835632032,170.4681281122103,-64.90404648485283,29.96646863896858,35.0,0.12032006186181342,12.282066949749279
19.653306038999993,104.24208323299993,SAT_10094,20.086956843183543,191.73913224290743,98.98314585838509,170.46777568837217,-64.90274320017664,29.967033951302188,35.0,0.1203146703329103,12.281686792773755
19.653306038999993,104.34208323299993,SAT_10094,20.07940677646556,191.69666311761878,98.9822909345736,170.46981709366403,-64.91029326689463,29.963758758187588,35.0,0.12034590457235139,12.283889026845836
19.653306038999993,104.44208323299992,SAT_10094,20.063008833386036,191.60442468779644,98.9804305549521,170.4742489490671,-64.92669120997415,29.95664306709609,35.0,0.12041374651035872,12.288671581492787
19.653306038999993,104.7420832329999,SAT_10094,19.96087796702696,191.02993856452665,98.9687322080938,170.50179452767173,-65.02882207633323,29.91225321209103,35.0,0.12083642255049007,12.318444338202033
19.653306038999993,104.8420832329999,SAT_10094,19.90926997513766,190.73964361014936,98.96274683443585,170.51567624191964,-65.08043006822253,29.889775779031904,35.0,0.12105009604638112,12.333479509288413
19.653306038999993,104.94208323299989,SAT_10094,19.848935628328988,190.40026290935054,98.9556852201718,170.53187346745605,-65.1407644150312,29.86345801677745,35.0,0.12129997572256469,12.351048988630042
19.653306038999993,105.04208323299989,SAT_10094,19.779917180172973,190.01203413847298,98.94752106840404,170.5503601750687,-65.20978286318721,29.833299985373902,35.0,0.12158592177018449,12.371136751722227
19.653306038999993,105.14208323299988,SAT_10094,19.7022624363709,189.57522620458633,98.93822349469585,170.5711069325464,-65.28743760698929,29.799301753633287,35.0,0.1219077758876454,12.393724652188524
19.653306038999993,105.24208323299987,SAT_10094,19.61602451777344,189.0901379124756,98.92775669341228,170.59408105700004,-65.37367552558675,29.761463399134847,35.0,0.12226536202320679,12.418792505698349
19.653306038999993,105.34208323299987,SAT_10094,19.52126160135242,188.55709650760738,98.91607954259739,170.6192467811567,-65.46843844200777,29.719785008226665,35.0,0.12265848719007427,12.446318181887657
19.653306038999993,105.44208323299986,SAT_10094,19.418036641712604,187.97645610963338,98.90314513930315,170.64656543190364,-65.57166340164758,29.67426667602745,35.0,0.12308694234688937,12.476277703424508
19.653306038999993,105.54208323299986,SAT_10094,19.30641707584344,187.34859605161935,98.88890025555148,170.6759956192904,-65.68328296751675,29.62490850642852,35.0,0.12355050333614363,12.508645351318709
19.653306038999993,105.64208323299985,SAT_10094,19.18647451389205,186.6739191406428,98.87328470302765,170.7074934341453,-65.80322552946814,29.571710612095945,35.0,0.12404893187277559,12.543393775545995
19.653306038999993,105.74208323299985,SAT_10094,19.05828441876818,185.95284985557103,98.85623059208017,170.74101265244778,-65.931415624592,29.514673114472917,35.0,0.12458197657505539,12.580494110042082
19.753306038999995,104.8420832329999,SAT_10094,19.865869429953378,190.49551554348776,98.95767872915833,170.52733090478557,-65.12383061340681,29.870848826671818,35.0,0.12122983470100607,12.346118700592045
19.753306038999995,104.94208323299989,SAT_10094,19.805642825508627,190.15674089348602,98.95058026793595,170.54347472777312,-65.18405721785156,29.84454747569682,35.0,0.12147932694371864,12.363650638831556
19.753306038999995,105.04208323299989,SAT_10094,19.736747081014173,189.76920233070473,98.9423732743478,170.56190072646487,-65.25295296234601,29.814408250333596,35.0,0.12176483141377578,12.383695654800963
19.753306038999995,105.14208323299988,SAT_10094,19.659229703539523,189.33316708240983,98.93302659599713,170.58257965922212,-65.33047033982066,29.780431219367014,35.0,0.12208619075268287,12.406235709212883
19.753306038999995,105.24208323299987,SAT_10094,19.573143484555985,188.84893210062742,98.92250411446129,170.6054790531693,-65.4165565588042,29.742616460345705,35.0,0.12244322995159719,12.431250736029021
19.753306038999995,105.34208323299987,SAT_10094,19.478546243293493,188.31682261852592,98.91076434576924,170.63056336890995,-65.5111538000667,29.70096405958366,35.0,0.12283575715971252,12.458718733580698
19.753306038999995,105.44208323299986,SAT_10094,19.375500550779094,187.7371905981324,98.89775997048346,170.6577941774029,-65.6141994925811,29.65547411216203,35.0,0.12326356455759171,12.488615862782629
19.753306038999995,105.54208323299986,SAT_10094,19.264073437233492,187.1104130844384,98.88343728342562,170.68713034722023,-65.7256266061267,29.606146721931083,35.0,0.12372642928805488,12.520916551549494
19.753306038999995,105.64208323299985,SAT_10094,19.144336085568796,186.43689048132447,98.86773555096894,170.71852824037055,-65.84536395779139,29.552982001512383,35.0,0.1242241144369672,12.555593604496266
19.753306038999995,105.74208323299985,SAT_10094,19.016363513771594,185.71704476496524,98.85058626125608,170.75194191484567,-65.9733365295886,29.495980072301112,35.0,0.12475637005611416,12.59261831698792
19.753306038999995,105.84208323299984,SAT_10094,18.880234248940624,184.95131765029103,98.83191224957125,170.78732333206563,-66.10946579441956,29.435141064468592,35.0,0.1253229342203001,12.631960592602235
19.853306038999992,104.8420832329999,SAT_10094,19.812632875493563,190.1960599246513,98.9514129355072,170.5416027775895,-65.17706716786662,29.84760225358834,35.0,0.12145036606958162,12.361616277795882
19.853306038999992,104.94208323299989,SAT_10094,19.752529601873732,189.85797901053974,98.94426755250682,170.55768364266353,-65.23717044148646,29.82131738651897,35.0,0.12169941915041586,12.379104766191482
19.853306038999992,105.04208323299989,SAT_10094,19.683774292130295,189.4712303932329,98.93600599734326,170.57603806768512,-65.30592575122989,29.79119705042068,35.0,0.1219844231788795,12.399100310786565
19.853306038999992,105.14208323299988,SAT_10094,19.6064141028083,189.0360793282967,98.92659677370267,170.59663703491864,-65.38328594055189,29.75724131405136,35.0,0.12230522190255949,12.42158499778204
19.853306038999992,105.24208323299987,SAT_10094,19.520501438737867,188.55282059290047,98.91600336159631,170.61944831825036,-65.46919860462232,29.719450254929214,35.0,0.122661641535878,12.446538899765288
19.853306038999992,105.34208323299987,SAT_10094,19.42609369917679,188.02177705786943,98.9041838121409,170.64443664606117,-65.5636063441834,29.677823959334354,35.0,0.12305349156065576,12.473940165895927
19.853306038999992,105.44208323299986,SAT_10094,19.323253004809388,187.44329815205282,98.89109027084501,170.67156387614602,-65.6664470385508,29.6323625223106,35.0,0.12348056559109712,12.50376511912428
19.853306038999992,105.54208323299986,SAT_10094,19.21204590823787,186.81775823383802,98.87666841925568,170.70078918092943,-65.77765413512232,29.583066047667455,35.0,0.12394264229590145,12.535988359564437
19.853306038999992,105.64208323299985,SAT_10094,19.092543090671683,186.14555488502822,98.86085682265933,170.73206924118608,-65.8971569526885,29.52993464798223,35.0,0.12443948636994184,12.570582873114706
19.853306038999992,105.74208323299985,SAT_10094,18.96481904756034,185.42710714252692,98.84358616891474,170.76535844645082,-66.02488099579985,29.472968444602405,35.0,0.12497084954779741,12.60752014440363
19.853306038999992,105.84208323299984,SAT_10094,18.828951765905913,184.66285368322076,98.82477838029891,170.80060910031435,-66.16074827745427,29.41216756764813,35.0,0.1255364716513703,12.646770273136688
19.95330603899999,104.94208323299989,SAT_10078,19.776066044993357,189.99037150308763,98.94704228138656,170.5503634669259,-65.21363399836683,29.831020392486035,35.0,0.12160794316117249,12.372682980765804
19.95330603899999,105.04208323299989,SAT_10078,19.70360419184189,189.58277357911064,98.93836715362166,170.5697234833267,-65.2860958515183,29.799298225584156,35.0,0.12190831234695049,12.393762281428799
19.95330603899999,105.14208323299988,SAT_10078,19.62261684747307,189.12721976703602,98.92854698375137,170.5913034610909,-65.36708319588712,29.76377141879933,35.0,0.12224416000666716,12.417306993588893
19.95330603899999,105.24208323299987,SAT_10078,19.533158383254275,188.6240159058053,98.91754383049984,170.6150699673163,-65.45654166010591,29.724440053445345,35.0,0.12261530581084211,12.443296440424131
19.95330603899999,105.34208323299987,SAT_10078,19.43528799632466,188.07349497932623,98.90531428567539,170.64098662958492,-65.55441204703553,29.681304219550547,35.0,0.12302155324112991,12.471708083760037
19.95330603899999,105.44208323299986,SAT_10078,19.329069431879915,187.47601555432453,98.89180898119898,170.66901431384537,-65.66063061148027,29.634364015859642,35.0,0.12346269047121505,12.502517623023332
19.95330603899999,105.54208323299986,SAT_10078,19.21457069039603,186.83196013347768,98.87697201299179,170.69911131164633,-65.77512935296416,29.58361954983573,35.0,0.12393849130057594,12.535699099852984
19.95330603899999,105.64208323299985,SAT_10078,19.09186372248088,186.14173343895496,98.86074026898743,170.73123353493997,-65.8978363208793,29.529070937662475,35.0,0.12444871613360435,12.571225007468211
19.95330603899999,105.74208323299985,SAT_10078,18.96102411405367,185.40576064155192,98.84304264583577,170.76533471667267,-66.02867592930652,29.470718304246443,35.0,0.12499311299646199,12.609066403883828
19.95330603899999,105.84208323299984,SAT_10078,18.82213076453081,184.62448555048582,98.82379913556814,170.8013666153984,-66.16756927882938,29.40856178321968,35.0,0.12557141858404658,12.649193028066614
19.95330603899999,105.94208323299983,SAT_10094,18.8023137751904,184.513014985446,98.8210570177242,170.80750093912596,-66.18738626816979,29.40022260481514,35.0,0.12564741269693042,12.654460521162047
20.05330603899999,105.04208323299989,SAT_10078,19.747345928456312,189.82882084756676,98.94362239880515,170.5580426306111,-65.24235411490388,29.818454699978727,35.0,0.12172697986598023,12.381039204405507
20.05330603899999,105.14208323299988,SAT_10078,19.666316122589436,189.37302818956556,98.93386935211852,170.57966687439134,-65.32338392077075,29.782950503587884,35.0,0.1220629246870145,12.40460462528029
20.05330603899999,105.24208323299987,SAT_10078,19.57681143075027,188.86956429797027,98.92294203765569,170.60348187739876,-65.41288861260992,29.743644170026574,35.0,0.12243417567153024,12.4306167295662
20.05330603899999,105.34208323299987,SAT_10078,19.478891273510115,188.31876341349437,98.91079756400732,170.62945112172,-65.51080876985007,29.70053578928295,35.0,0.1228405356115636,12.45905290180146
20.05330603899999,105.44208323299986,SAT_10078,19.372619634345995,187.7209854431962,98.89738715707776,170.65753531829827,-65.61708040901419,29.653625460057626,35.0,0.12328179194195517,12.489888758831594
20.05330603899999,105.54208323299986,SAT_10078,19.25806476525395,187.0766143045535,98.88265559325839,170.68769259524947,-65.73163527810624,29.6029132897657,35.0,0.12375771767833392,12.523098254944127
20.05330603899999,105.64208323299985,SAT_10078,19.135298879948124,186.3860561997082,98.86654053845749,170.71987869377568,-65.85440116341206,29.548399394538915,35.0,0.1242680724005846,12.558653791774722
20.05330603899999,105.74208323299985,SAT_10078,19.004397837367634,185.64973783519295,98.84897177788281,170.75404716987725,-65.98530220599255,29.490083899228026,35.0,0.12481260327413099,12.596526332069196
20.05330603899999,105.84208323299984,SAT_10078,18.865440818186954,184.86810460230163,98.82987031825235,170.79014960008791,-66.12425922517323,29.427966937405323,35.0,0.12539104610136415,12.63668551638929
20.05330603899999,105.94208323299983,SAT_10094,18.739397285741163,184.15910973229404,98.81217023180332,170.82375371261907,-66.25030275761902,29.371978020269893,35.0,0.12590950460739622,12.67261756066246
20.05330603899999,106.04208323299983,SAT_10094,18.875641387610997,184.92548280531184,98.83133113027762,170.78851416519242,-66.11405865574919,29.433084766134076,35.0,0.1253420563735582,12.63328720031728
20.05330603899999,106.14208323299982,SAT_10094,19.00377660346369,185.64624339448326,98.84892910611278,170.75522037443193,-65.9859234398965,29.490363522694278,35.0,0.124808739686822,12.596257848472025
20.05330603899999,106.24208323299982,SAT_10094,19.12372549427171,186.3209559052784,98.86504446533331,170.7239196790398,-65.86597454908848,29.543814159034273,35.0,0.12430981300118348,12.561559216081772
20.153306038999993,104.8420832329999,SAT_10078,19.917717952928157,190.78716348522087,98.96371254430001,170.5123757639688,-65.07198209043203,29.892855119584254,35.0,0.12102110743982922,12.331440338607647
20.153306038999993,104.94208323299989,SAT_10078,19.8537791529413,190.42750773529482,98.95624090988557,170.52954593109445,-65.13592089041889,29.864973277096222,35.0,0.12128593724121631,12.350062299179456
20.153306038999993,105.04208323299989,SAT_10078,19.78125940581856,190.01958415772938,98.9476712574891,170.5489740476008,-65.20844063754163,29.833291575546735,35.0,0.1215864201319404,12.371171745355623
20.153306038999993,105.14208323299988,SAT_10078,19.70020831936077,189.56367179640432,98.93797138211245,170.57062957614676,-65.28949172399942,29.79781008747208,35.0,0.12192239180941117,12.394749843515319
20.153306038999993,105.24208323299987,SAT_10078,19.610680617608608,189.06007847404842,98.92710414484142,170.59447885336579,-65.37901942575158,29.758528894113667,35.0,0.12229367086449283,12.420775795634961
20.153306038999993,105.34208323299987,SAT_10078,19.512735878305577,188.50913931546887,98.91502706428051,170.62048525835087,-65.47696416505461,29.71544808541968,35.0,0.12270005960868195,12.449226932514746
20.153306038999993,105.44208323299986,SAT_10078,19.40643825253443,187.91121517050615,98.9016918376032,170.64860939232477,-65.58326179082576,29.668567760046894,35.0,0.12314134496183052,12.480078813586049
20.153306038999993,105.54208323299986,SAT_10078,19.29185616919486,187.2666909517211,98.88704378109033,170.67880926772392,-65.69784387416533,29.617888025362674,35.0,0.12361729939302994,12.513305332411054
20.153306038999993,105.64208323299985,SAT_10078,19.169062027037796,186.5759739020876,98.87102117789706,170.71104050489882,-65.82063801632239,29.56340899744714,35.0,0.12412768190706384,12.548878826963643
20.153306038999993,105.74208323299985,SAT_10078,19.038131876994086,185.83949180809174,98.8535545182047,170.7452565346209,-65.9515681663661,29.50513080109553,35.0,0.1246722390687296,12.58677019377201
20.153306038999993,105.84208323299984,SAT_10078,18.899145097503535,185.05769117345739,98.83456561375358,170.78140880461345,-66.09055494585665,29.44305356982072,35.0,0.125250706057325,12.626949005006603
20.153306038999993,105.94208323299983,SAT_10078,18.752184065499605,184.2310353684353,98.81396656487004,170.8194469883603,-66.23751597786058,29.37717744585592,35.0,0.1258628077436859,12.6693836276125
20.153306038999993,106.04208323299983,SAT_10094,18.80289431439097,184.5162805184492,98.8211790904022,170.8073508082657,-66.18680572896922,29.400483014344427,35.0,0.12564499472645027,12.654292940321485
20.153306038999993,106.14208323299982,SAT_10094,18.930712534348487,185.23525800571025,98.83896189926624,170.77422291151706,-66.0589875090117,29.457725315881145,35.0,0.12511279981165768,12.617377113564132
20.153306038999993,106.24208323299982,SAT_10094,19.050361984381126,185.90828616214387,98.8552445537311,170.74307933736588,-65.93933805897906,29.511141933747314,35.0,0.12461493149791084,12.582785723862573
20.25330603899999,104.64208323299991,SAT_10078,20.043741024217198,191.49604326122173,98.97821592664091,170.47842077509213,-64.94595901914299,29.94766942466158,35.0,0.12049940031679467,12.294708268395649
20.25330603899999,104.7420832329999,SAT_10078,19.99709085400582,191.23363605378273,98.97288306506283,170.4910074159582,-64.99260918935437,29.927400519481743,35.0,0.1206924794369625,12.308309813440966
20.25330603899999,104.8420832329999,SAT_10078,19.941776854306298,190.92249480547295,98.96650741811767,170.5059050225819,-65.04792318905389,29.903334078767223,35.0,0.12092148116769892,12.324430764071492
20.25330603899999,104.94208323299989,SAT_10078,19.877837757020984,190.56283738324302,98.95906582708798,170.52308972178844,-65.1118622863392,29.875470157623948,35.0,0.12118627744711927,12.3430564447276
20.25330603899999,105.04208323299989,SAT_10078,19.805317880017867,190.15491307510052,98.95053086861138,170.5425342122123,-65.18438216334232,29.843808819856356,35.0,0.1214867216369518,12.364170049349415
20.25330603899999,105.14208323299988,SAT_10078,19.724266907296325,189.69900135354183,98.9408705660081,170.56420790573586,-65.26543313606386,29.808350137968702,35.0,0.12182264920905038,12.387752719087652
20.25330603899999,105.24208323299987,SAT_10078,19.634739646284814,189.19541051035208,98.93004804601652,170.58807708346694,-65.35496039707537,29.769094193166517,35.0,0.12219387850628116,12.413783628268671
20.25330603899999,105.34208323299987,SAT_10078,19.536795764706653,188.64447617647494,98.91802113414293,170.61410506463417,-65.45290427865353,29.726041075358236,35.0,0.12260021157111943,12.442240077806481
20.25330603899999,105.44208323299986,SAT_10078,19.43049950958914,188.0465597414389,98.90474188037084,170.64225238668735,-65.55920053377105,29.679190883157034,35.0,0.12304143503487078,12.473097595205871
20.25330603899999,105.54208323299986,SAT_10078,19.315919411087563,187.40204668736754,98.89015600523032,170.67247699482994,-65.67378063227262,29.62854372388281,35.0,0.12351732106011501,12.506330040265386
20.25330603899999,105.64208323299985,SAT_10078,19.19312797385348,186.7113448529258,98.87420225412652,170.70473443917524,-65.79657206950671,29.57409971356435,35.0,0.1240276283287612,12.54190971556706
20.25330603899999,105.74208323299985,SAT_10078,19.062201358685485,185.97488264260585,98.85681164527719,170.7389780777177,-65.9274986846747,29.515858976941693,35.0,0.12457210306799713,12.579807480830715
20.25330603899999,105.84208323299984,SAT_10078,18.923219057184696,185.1931071966639,98.83790659349746,170.77515928332332,-66.06648098617549,29.453821647468626,35.0,0.12515048010641067,12.619992870214393
20.25330603899999,105.94208323299983,SAT_10078,18.776263562065978,184.36648253662113,98.8173998882422,170.81322765299927,-66.21343648129421,29.3879878673154,35.0,0.1257624839526536,12.66243421165769
20.25330603899999,106.04208323299983,SAT_10078,18.861517042171187,184.84603336221292,98.82936239970756,170.79116652285558,-66.128183001189,29.426209752849733,35.0,0.12540738573575266,12.63781884544741
20.25330603899999,106.14208323299982,SAT_10078,18.951096904998565,185.34992009061693,98.84173618183901,170.76791578709998,-66.03860313836162,29.46628298593506,35.0,0.12503443299592948,12.611935904200774
20.25330603899999,106.24208323299982,SAT_10078,19.032424226957417,185.80738627663547,98.85280030161186,170.74674459228123,-65.95727581640277,29.502585839652614,35.0,0.12469598636092617,12.588421077413228
20.25330603899999,106.34208323299981,SAT_10078,19.10544808927004,186.218145502144,98.86260017166032,170.72768413826162,-65.88425195409015,29.535118230638936,35.0,0.12439221536151061,12.567293831105951
20.25330603899999,106.4420832329998,SAT_10094,19.181376250507753,186.64524140910615,98.87269818061364,170.70882937542655,-65.80832379285243,29.56944574395375,35.0,0.12407012490579625,12.544870036473842
20.25330603899999,106.5420832329998,SAT_10094,19.275829689609893,187.17654200405565,98.88502466476211,170.68404055142008,-65.7138703537503,29.611357788773965,35.0,0.12367758145221848,12.51751000965197
20.35330603899999,104.64208323299991,SAT_10078,20.057862413677327,191.57547607693496,98.97982446513718,170.47460663862717,-64.93183762968286,29.95379992781581,35.0,0.12044096346437172,12.290589955407135
20.35330603899999,104.7420832329999,SAT_10078,20.011224494366246,191.31313778081014,98.9745057065151,170.48719620206236,-64.97847554899394,29.93354411493911,35.0,0.12063397686431825,12.304189485006376
20.35330603899999,104.8420832329999,SAT_10078,19.955925070658765,191.00207852245555,98.96814700876837,170.50209725692227,-65.03377497270142,29.909493219493758,35.0,0.12086290049012569,12.320308034782775
20.35330603899999,104.94208323299989,SAT_10078,19.8920028893276,190.64251625246774,98.9607253226069,170.51928591907344,-65.09769715403259,29.881647296561475,35.0,0.12112760624388709,12.338930925276747
20.35330603899999,105.04208323299989,SAT_10078,19.819502285144566,190.2347003539382,98.95221335519005,170.53873487469662,-65.17019775821562,29.850006409918677,35.0,0.12142794744604726,12.360041345991634
20.35330603899999,105.14208323299988,SAT_10078,19.73847296091941,189.7789104051717,98.94257928330353,170.56041352181984,-65.25122708244078,29.81457063203776,35.0,0.12176375952208601,12.383620433136604
20.35330603899999,105.24208323299987,SAT_10078,19.648969744656767,189.27545481369432,98.93178641232137,170.58428812640173,-65.34073029870342,29.775340044088566,35.0,0.12213486076358951,12.40964735562666
20.35330603899999,105.34208323299987,SAT_10078,19.551052326273833,188.72466933529032,98.91979277421764,170.6103219913374,-65.43864771708635,29.732314735940015,35.0,0.12254105315704214,12.438099408531919
20.35330603899999,105.44208323299986,SAT_10078,19.444784976451032,188.12691549253708,98.90655065644337,170.63847563667804,-65.54491506690916,29.68549480616192,35.0,0.12298212327324991,12.468952113119789
20.35330603899999,105.54208323299986,SAT_10078,19.3302362502953,187.48257890791106,98.89200605175716,170.66870698928358,-65.65946379306489,29.63488036202698,35.0,0.12345784320999079,12.502179322598296
20.35330603899999,105.64208323299985,SAT_10078,19.207478678540383,186.79206756678965,98.87609801701545,170.70097158010557,-65.7822213648198,29.580471519512937,35.0,0.12396797158027664,12.537753332646888
20.35330603899999,105.74208323299985,SAT_10078,19.076588449031092,186.0558100257999,98.85875792640566,170.73522274728347,-65.9131115943291,29.522268403304924,35.0,0.12451225453850696,12.575644995812041
20.35330603899999,105.84208323299984,SAT_10078,18.937645081210945,185.27425358181156,98.83990860152372,170.77141184326172,-66.05205496214924,29.46027114679798,35.0,0.12509042683678903,12.615823838848716
20.35330603899999,105.94208323299983,SAT_10078,18.880280597609584,184.9515783615539,98.83198955575811,170.78630233699755,-66.1094194457506,29.434611065177336,35.0,0.1253292523082521,12.632398921622139
20.35330603899999,106.04208323299983,SAT_10078,18.978281856268367,185.50283544150957,98.84546958533302,170.76084560173157,-66.01141818709182,29.47842613185544,35.0,0.12492128613057699,12.604077431085106
20.35330603899999,106.14208323299982,SAT_10078,19.068069161501626,186.00788903344667,98.85761545896482,170.73744668470934,-65.92163088185856,29.518473358104274,35.0,0.12454769319306042,12.578109862060435
20.35330603899999,106.24208323299982,SAT_10078,19.14958655928558,186.46642439598136,98.86847749346525,170.71613986569707,-65.8401134840746,29.554752651940724,35.0,0.12420865982505142,12.554517610493221
20.35330603899999,106.34208323299981,SAT_10078,19.22278251798906,186.87815166368844,98.87809971317859,170.69695673854423,-65.76691752537113,29.58726393004234,35.0,0.12390435749715722,12.533320359372073
20.35330603899999,106.4420832329998,SAT_10078,19.287610164299508,187.24280717418475,98.88652035607917,170.6799260604248,-65.70208987906068,29.61600711774566,35.0,0.12363494206671939,12.514535994314805
20.35330603899999,106.5420832329998,SAT_10078,19.344027501508208,187.56015469598367,98.89377230290513,170.66507361217478,-65.64567254185198,29.640982149044774,35.0,0.12340055308275061,12.498180525639228
20.45330603899999,104.44208323299992,SAT_10078,20.129163407833758,191.97654416906488,98.9878804823013,170.4553196439968,-64.86053663552643,29.98471777201325,35.0,0.12014597674479613,12.269788786798083
20.45330603899999,104.54208323299991,SAT_10078,20.099957103959,191.81225870976937,98.98459257663481,170.46322580936356,-64.88974293940119,29.972060476002227,35.0,0.12026679509256699,12.278310810947287
20.45330603899999,104.7420832329999,SAT_10078,20.015421041117435,191.33674335628558,98.97498858089413,170.4860642169171,-64.97427900224275,29.935367812123395,35.0,0.12061660721269847,12.30296599023634
20.45330603899999,104.8420832329999,SAT_10078,19.960151211846622,191.02585056663725,98.9686382983216,170.5009594930459,-65.02954883151357,29.91133252830249,35.0,0.12084540303657464,12.319076463733577
20.45330603899999,104.94208323299989,SAT_10078,19.896263212745097,190.66648057169118,98.96122650106831,170.51814151388703,-65.09343683061509,29.883504680407537,35.0,0.12110996110350186,12.337690036032093
20.45330603899999,105.04208323299989,SAT_10078,19.823801343749153,190.258882558589,98.95272596415076,170.5375829864908,-65.16589869961103,29.851884332187083,35.0,0.12141013485358404,12.358789910453735
20.45330603899999,105.14208323299988,SAT_10078,19.742815268877763,189.80333588743744,98.94310494424029,170.559253332101,-65.24688477448242,29.816471556081847,35.0,0.12174575984559116,12.38235723861767
20.45330603899999,105.24208323299987,SAT_10078,19.653359773669905,189.3001487268932,98.9323268398271,170.58311884206265,-65.33634026969028,29.777266433226178,35.0,0.12211665451707408,12.40837120633673
20.45330603899999,105.34208323299987,SAT_10078,19.55549450220164,188.7496565748842,98.92034979066912,170.60914284664096,-65.43420554115855,29.734269053449694,35.0,0.12252262101212327,12.43680912695516
20.45330603899999,105.44208323299986,SAT_10078,19.4492836762536,188.1522206789265,98.90712620838043,170.6372858950433,-65.54041636710659,29.687479515279094,35.0,0.1229634460696945,12.467646541272675
20.45330603899999,105.54208323299986,SAT_10078,19.334795799302725,187.50822637107782,98.8926022282948,170.66750594486803,-65.65490424405746,29.63689792594014,35.0,0.12343890196510765,12.500857323164455
20.45330603899999,105.64208323299985,SAT_10078,19.21210334806092,186.8180813328427,98.87671707066926,170.6997585591773,-65.77759669529927,29.582524401359805,35.0,0.12394874749711532,12.536413789984657
20.45330603899999,105.74208323299985,SAT_10078,19.0812824543014,186.08221380544538,98.85940229678316,170.7339971093823,-65.90841758905879,29.524359066168635,35.0,0.12449272901283298,12.574286816832293
20.45330603899999,105.84208323299984,SAT_10078,18.942412579689446,185.30107076075313,98.84058094242394,170.77017298214955,-66.04728746367074,29.462402053703233,35.0,0.12507058146281722,12.61444595376161
20.45330603899999,105.94208323299983,SAT_10078,18.987489608275467,185.5546290465495,98.84674116807139,170.75844936873625,-66.00221043508472,29.482537211210477,35.0,0.12488296598691406,12.601415311572046
20.45330603899999,106.04208323299983,SAT_10078,19.08569401671835,186.1070288440407,98.8599926736966,170.7328450377351,-65.90400602664184,29.526323703386964,35.0,0.12447437878772542,12.573010313505971
20.45330603899999,106.14208323299982,SAT_10078,19.175669378644912,186.61314025487764,98.87193453076064,170.70930968635633,-65.81403066471528,29.56634481243033,35.0,0.1241002107618836,12.546965580027384
20.45330603899999,106.24208323299982,SAT_10078,19.257359129773917,187.0726451049783,98.88261563378975,170.6878779867747,-65.73234091358627,29.602600446402498,35.0,0.12376065017108269,12.523302723042987
20.45330603899999,106.34208323299981,SAT_10078,19.330711171561404,187.4852503400329,98.89207877499072,170.66858189772796,-65.65898887179878,29.6350905220218,35.0,0.12345587027444099,12.502041625818173
20.45330603899999,106.4420832329998,SAT_10078,19.395678110986466,187.85068937429887,98.9003611316387,170.6514505111845,-65.59402193237372,29.663814964661338,35.0,0.12318602856348763,12.483200357287085
20.45330603899999,106.5420832329998,SAT_10078,19.452217482447978,188.1687233387699,98.90749467956277,170.63650991027077,-65.53748256091221,29.68877370834749,35.0,0.12295126605731803,12.466795092931617
20.55330603899999,104.54208323299991,SAT_10078,20.094144741129455,191.7795641688532,98.98393810380341,170.46479825413715,-64.89555530223073,29.969540336764382,35.0,0.12029084155126846,12.280006543306698
20.55330603899999,104.64208323299991,SAT_10078,20.056252341149047,191.5664194189634,98.97964580815557,170.47504160873933,-64.93344770221114,29.95310106769513,35.0,0.1204476260044954,12.291059535162438
20.55330603899999,104.7420832329999,SAT_10078,20.009677093276196,191.30443364967863,98.97433397927705,170.48761355923546,-64.98002295008399,29.932871607048924,35.0,0.12064038171192762,12.304640616185534
20.55330603899999,104.8420832329999,SAT_10078,19.954451870244952,190.99379177012787,98.96798362365209,170.5024938331347,-65.03524817311524,29.908852001173482,35.0,0.1208690000634896,12.320737341090519
20.55330603899999,104.94208323299989,SAT_10078,19.89061531215627,190.63471113087905,98.96057175347505,170.5196586123066,-65.09908473120392,29.881042305102525,35.0,0.12113335331250374,12.33933507068732
20.55330603899999,105.04208323299989,SAT_10078,19.818211632452645,190.22744043254613,98.95207114947621,170.53908065794505,-65.17148841090754,29.84944258255688,35.0,0.12143329517937297,12.360417040339994
20.55330603899999,105.14208323299988,SAT_10078,19.737290398851172,189.77225849353783,98.94245007525237,170.56072945152482,-65.25240964450902,29.81405290594576,35.0,0.12176866153548742,12.383964437394466
20.55330603899999,105.24208323299987,SAT_10078,19.647906291479103,189.26947288956993,98.93167193761991,170.58457135025506,-65.34179375188108,29.774873356368232,35.0,0.12213927116124465,12.409956486833005
20.55330603899999,105.34208323299987,SAT_10078,19.55011884063819,188.71941847858983,98.91969488629113,170.61056975541322,-65.439581202722,29.731904023614828,35.0,0.12254492657155133,12.438370544352047
20.55330603899999,105.44208323299986,SAT_10078,19.443992146762284,188.12245582553786,98.90647134473528,170.63868529185413,-65.5457078965979,29.685145006169368,35.0,0.12298541490175414,12.46918219601138
20.55330603899999,105.54208323299986,SAT_10078,19.32959458522697,187.4789695419017,98.89194746236814,170.66887599693004,-65.66010545813322,29.63459641121093,35.0,0.12346050884663305,12.502365363567481
20.55330603899999,105.64208323299985,SAT_10078,19.206998498729163,186.78936655535156,98.87606247614602,170.7010975170202,-65.78270154463102,29.58025835461601,35.0,0.12396996764488043,12.537892414581949
20.55330603899999,105.74208323299985,SAT_10078,19.076279879964886,186.05407432480249,98.85874796713237,170.73530330986787,-65.9134201633953,29.522130960960858,35.0,0.12451353810138349,12.575734276386887
20.55330603899999,105.84208323299984,SAT_10094,19.075126813618084,186.04758832660173,98.85863471236856,170.7366171797273,-65.9145732297421,29.52217772247067,35.0,0.12451192178825887,12.575621850697228
20.55330603899999,105.94208323299983,SAT_10078,19.085291745187746,186.10476606668107,98.85995441095491,170.732950097518,-65.90440829817244,29.526144565684582,35.0,0.12447605204906344,12.573126714289959
20.55330603899999,106.04208323299983,SAT_10078,19.183677512459383,186.65818600758405,98.87300235732565,170.70721139666705,-65.8060225309008,29.569902362673908,35.0,0.12406691689788012,12.544646580009774
20.55330603899999,106.14208323299982,SAT_10078,19.27382081043669,187.16524205870638,98.88476245456897,170.68355182889874,-65.7158792329235,29.609897244206305,35.0,0.12369224123200226,12.518532406999062
20.55330603899999,106.24208323299982,SAT_10078,19.35566451702705,187.62561290827716,98.89528234015273,170.66200642551564,-65.63403552633314,29.646129118388508,35.0,0.12335221507376658,12.494806004132233
20.55330603899999,106.34208323299981,SAT_10078,19.429156015421114,188.03900258674378,98.90460371687124,170.6426074792443,-65.56054402793907,29.678597901979437,35.0,0.12304701331204576,12.473487437362147
20.55330603899999,106.4420832329998,SAT_10078,19.494247437421933,188.40514183549837,98.9127628238476,170.62538438853875,-65.49545260593825,29.70730352038854,35.0,0.12277679492763623,12.4545949428604
20.55330603899999,106.5420832329998,SAT_10078,19.550895888664215,188.72378937373622,98.9197908363087,170.61036351328772,-65.43880415469597,29.732245907674336,35.0,0.12254170227946105,12.438144846803125
20.65330603899999,104.64208323299991,SAT_10078,20.040522188959983,191.4779373128999,98.97785860566246,170.4792899068686,-64.9491778544002,29.946271705947535,35.0,0.1205127210735513,12.29564693240561
20.65330603899999,104.7420832329999,SAT_10078,19.99399730526173,191.21623484209726,98.97253963165696,170.49184135684155,-64.99570273809846,29.926055505171135,35.0,0.1207052849932667,12.309211601434772
20.65330603899999,104.8420832329999,SAT_10078,19.938831640773245,190.90592797934949,98.96618070306073,170.50669744257726,-65.05086840258694,29.902051643528104,35.0,0.12093367639228456,12.325288927145497
20.65330603899999,104.94208323299989,SAT_10078,19.875063714439378,190.54723339372148,98.95875878453933,170.52383442265733,-65.11463632892081,29.87426017602836,35.0,0.12119776790999354,12.343864314381841
20.65330603899999,105.04208323299989,SAT_10078,19.802737601904468,190.14039901071266,98.95024660037178,170.54322514546163,-65.18696244145572,29.842681166365164,35.0,0.12149741370669748,12.364921048652556
20.65330603899999,105.14208323299988,SAT_10078,19.72190271746304,189.6857027857296,98.9406123480963,170.5648391894559,-65.26779732589715,29.8073146869164,35.0,0.12183245014458724,12.388440373213054
20.65330603899999,105.24208323299987,SAT_10078,19.632613573307495,189.18345134985466,98.92981935803992,170.58864301791502,-65.35708647005269,29.76816081874604,35.0,0.12220269654253944,12.41440157434118
20.65330603899999,105.34208323299987,SAT_10078,19.534929518484304,188.63397854147422,98.91782569201301,170.61460014647537,-65.45477052487588,29.725219651605745,35.0,0.1226079559981473,12.442782074008104
20.65330603899999,105.44208323299986,SAT_10078,19.42891446010826,188.03764383810898,98.90458367300478,170.6426713218214,-65.56078558325193,29.678491283936697,35.0,0.12304801626997218,12.47355752909724
20.65330603899999,105.54208323299986,SAT_10078,19.314636569476804,187.39483070330704,98.89003933599327,170.67281470975306,-65.67506347388338,29.627975822871555,35.0,0.1235226507126893,12.50670193628919
20.65330603899999,105.64208323299985,SAT_10078,19.192167975788436,186.70594486380995,98.874131787908,170.70498609084217,-65.79753206757175,29.573673384236614,35.0,0.12403161925759269,12.54218774170861
20.65330603899999,105.74208323299985,SAT_10094,19.19948752649256,186.74711733652066,98.87513259195943,170.70408245321542,-65.79021251686763,29.577490206898446,35.0,0.12399484046515219,12.539625430085504
20.65330603899999,105.84208323299984,SAT_10094,19.21430611905801,186.8304719197013,98.8770728368717,170.70019631774497,-65.77539392430218,29.58406937534874,35.0,0.12393324822538324,12.535333733680575
20.65330603899999,105.94208323299983,SAT_10094,19.220686651045753,186.86636241213236,98.87790672319791,170.69852242552685,-65.76901339231443,29.586901435098326,35.0,0.12390672953944508,12.533485672346467
20.65330603899999,106.04208323299983,SAT_10078,19.27216180410356,187.1559101480825,98.88456036578644,170.68398793058972,-65.71753823925663,29.609162014403065,35.0,0.12369913521084709,12.51901318785912
20.65330603899999,106.14208323299982,SAT_10078,19.362452232826215,187.66379380964747,98.89615954596013,170.66021680386567,-65.62724781053397,29.649130558182136,35.0,0.1233240215222916,12.492837543328148
20.65330603899999,106.24208323299982,SAT_10078,19.444430867716676,188.12492363090632,98.90653668264558,170.63856927759048,-65.54526917564351,29.68533857270589,35.0,0.1229835934415206,12.469054877317399
20.65330603899999,106.34208323299981,SAT_10078,19.51804462488431,188.53900101497425,98.9157325204979,170.61907794589138,-65.47165541847588,29.71778597477362,35.0,0.122678027321468,12.447685420036652
20.65330603899999,106.4420832329998,SAT_10078,19.58324520783465,188.9057542940699,98.92378247328912,170.6017724838353,-65.40645483552554,29.746472689830945,35.0,0.12240748348088931,12.428747558040284
20.65330603899999,106.5420832329998,SAT_10078,19.639989335695446,189.2249400132869,98.93071701172015,170.58667950112547,-65.34971070766474,29.771398651968358,35.0,0.1221721054824926,12.412257753025122
20.65330603899999,106.6420832329998,SAT_10078,19.688238950917096,189.49634409890865,98.93656199022504,170.57382240880546,-65.30146109244309,29.792563803919897,35.0,0.12197201947856838,12.398230468078978
20.753306038999987,103.54208323299997,SAT_10078,19.95140589479729,190.97665815823478,98.96763857665653,170.5033137255828,-65.0382941485629,29.90752614321438,35.0,0.12088161164061585,12.321624954553855
20.753306038999987,103.64208323299997,SAT_10078,20.00068083646562,191.25382970511913,98.97330901297549,170.49003953612174,-64.98901920689457,29.928961232128273,35.0,0.12067761919642075,12.307263283704671
20.753306038999987,103.74208323299996,SAT_10078,20.04130381316739,191.48233394906657,98.97794995295608,170.4790788661096,-64.9483962301928,29.94661112280723,35.0,0.12050948639546134,12.295419000494967
20.753306038999987,104.54208323299991,SAT_10078,20.052656304352155,191.54619171198087,98.97924148609685,170.47601300962526,-64.93704373900803,29.951540079246353,35.0,0.12046250675249937,12.292108301876624
20.753306038999987,104.64208323299991,SAT_10078,20.01485630541312,191.3335667179488,98.97493193493855,170.48621655957385,-64.97484373794707,29.935122406495037,35.0,0.12061894464989124,12.303130640218368
20.753306038999987,104.7420832329999,SAT_10078,19.968394359450556,191.07221827190938,98.96959868148359,170.498739784378,-65.02130568390963,29.914919521386736,35.0,0.1208112751742738,12.316674145744098
20.753306038999987,104.8420832329999,SAT_10078,19.913303093890704,190.7623299031352,98.9632226105895,170.513562567386,-65.07639694946948,29.890931470229194,35.0,0.12103939049294726,12.33272646181972
20.753306038999987,104.94208323299989,SAT_10078,19.84962086196515,190.404117348554,98.95578058673311,170.53066127259882,-65.14007918139504,29.863158308008657,35.0,0.12130316376980364,12.351273053035058
20.753306038999987,105.04208323299989,SAT_10078,19.777391550839127,189.9978274734701,98.94724521501116,170.5500088682129,-65.21230849252106,29.83160009839098,35.0,0.12160244976288498,12.372297272936262
20.753306038999987,105.14208323299988,SAT_10078,19.69666436495143,189.5437370528518,98.93758455325019,170.57157506599123,-65.29303567840876,29.79625691372289,35.0,0.12193708550140926,12.395780440639014
20.753306038999987,105.24208323299987,SAT_10078,19.607493586782113,189.04215142564937,98.92676176968955,170.5953264749844,-65.38220645657807,29.757128835033452,35.0,0.12230689103623761,12.421701925590884
20.753306038999987,105.34208323299987,SAT_10078,19.509938317437502,188.49340303558594,98.91473473947103,170.62122676801053,-65.47976172592269,29.71421595203568,35.0,0.1227116702572401,12.450039239690602
20.753306038999987,105.44208323299986,SAT_10078,19.404062199580494,187.89784987264028,98.90145557171503,170.6492368592136,-65.5856378437797,29.667518363128348,35.0,0.12315121177060201,12.480768135923846
20.753306038999987,105.54208323299986,SAT_10078,19.289933125329014,187.25587382997568,98.88687005722574,170.6793150909599,-65.69976691803117,29.617036175397946,35.0,0.1236252898288002,12.513862712640417
20.753306038999987,105.64208323299985,SAT_10094,19.306054118760258,187.34655441802644,98.88898762569252,170.67609113242514,-65.68364592459993,29.624747773341685,35.0,0.12355201115567106,12.508750554360793
20.753306038999987,105.74208323299985,SAT_10094,19.32936368229008,187.4776707128817,98.89198137365162,170.66995471376143,-65.66033636107011,29.635067186783086,35.0,0.1234551828914562,12.501993651200308
20.753306038999987,105.84208323299984,SAT_10094,19.344222251700614,187.56125016581598,98.89388347605268,170.66604049003874,-65.64547779165957,29.641641991805834,35.0,0.12339346634989108,12.49768582707679
20.753306038999987,105.94208323299983,SAT_10094,19.3506200161832,187.5972375910305,98.89470098607899,170.66435449144137,-65.63908002717699,29.644472173280857,35.0,0.1233668940817464,12.495830814934733
20.753306038999987,106.04208323299983,SAT_10078,19.35108218838741,187.59983730967917,98.89472029784055,170.66321434513966,-65.63861785497278,29.644102572715806,35.0,0.12337124886649975,12.49613483368242
20.753306038999987,106.14208323299982,SAT_10078,19.441498313520825,188.10842801355463,98.9061781858417,170.63934472120587,-65.54820172983936,29.684044668561995,35.0,0.12299576875702482,12.469905908438454
20.753306038999987,106.24208323299982,SAT_10078,19.523592271350182,188.57020652634478,98.91642996911318,170.61760702479788,-65.46610777201,29.720228723615694,35.0,0.12265500421890015,12.44607446660892
20.753306038999987,106.34208323299981,SAT_10078,19.597310564435503,188.98487192494972,98.92551555570323,170.59803411728961,-65.39238947892468,29.75265465471637,35.0,0.12234913289704956,12.424660883454386
20.753306038999987,106.4420832329998,SAT_10078,19.662604517030687,189.35215040829763,98.93346963853791,170.58065591904221,-65.3270955263295,29.781322387345636,35.0,0.12207831629100324,12.40568367834192
20.753306038999987,106.5420832329998,SAT_10078,19.719430505983567,189.67179659615758,98.94032207285976,170.56549926131004,-65.27026953737662,29.806231855625782,35.0,0.12184269902588762,12.389159432666478
20.753306038999987,106.6420832329998,SAT_10078,19.76775017089706,189.94359471129596,98.94609819439832,170.55258775129522,-65.22194987246313,29.827383002318484,35.0,0.12164240819151,12.375102715294883
20.753306038999987,106.74208323299979,SAT_10078,19.807530601457515,190.16735963319854,98.95081908451809,170.54194165174528,-65.18216944190267,29.84477577882368,35.0,0.12147755275526897,12.363526016225803
20.753306038999987,107.04208323299977,SAT_10078,19.87539236330896,190.54908204361288,98.9588016217014,170.5237461995572,-65.11430768005123,29.874403530768543,35.0,0.1211964065924679,12.343768604670116
20.85330603899999,103.24208323299999,SAT_10078,19.716885044278527,189.6574783740667,98.9400229459772,170.56617883122297,-65.27281499908166,29.805116866224626,35.0,0.12185325171832334,12.389899782364994
20.85330603899999,103.34208323299998,SAT_10078,19.791766266295284,190.07868524791098,98.94895743096754,170.54616229656958,-65.1979337770649,29.837885517640636,35.0,0.12154287802718368,12.368114120108793
20.85330603899999,103.44208323299998,SAT_10078,19.85812902654608,190.4519757743217,98.95678396184776,170.52837902958842,-65.1315710168141,29.866871649464116,35.0,0.12126791746119484,12.348795719228608
20.85330603899999,103.54208323299997,SAT_10078,19.91592792926616,190.77709460212216,98.96353157274311,170.51285698062927,-65.07377211409403,29.892075195231918,35.0,0.12102852032953185,12.331961808367145
20.85330603899999,103.64208323299997,SAT_10078,19.96512301647448,191.05381696766895,98.9692249203091,170.49962076582855,-65.02457702688571,29.91349609715717,35.0,0.1208248188382671,12.317627539376064
20.85330603899999,103.74208323299996,SAT_10078,20.00567996651435,191.28194981164322,98.97388454021595,170.48869153933987,-64.98402007684584,29.931134306128133,35.0,0.1206569264708926,12.305805917163207
20.85330603899999,104.34208323299993,SAT_10078,20.066446438252953,191.6237612151729,98.98080919543668,170.47228720209773,-64.92325360510723,29.957525350510274,35.0,0.12040544345008447,12.288086310069696
20.85330603899999,104.44208323299992,SAT_10078,20.046077830360062,191.50918779577535,98.97849563358484,170.4777897424484,-64.94362221300013,29.94868406221998,35.0,0.12048972987793817,12.294026802893761
20.85330603899999,104.54208323299991,SAT_10078,20.017013974505687,191.3457036065945,98.9751812603252,170.48563449223136,-64.9726860688545,29.936060000304362,35.0,0.1206100141115038,12.302501562816014
20.85330603899999,104.64208323299991,SAT_10078,19.979275465201198,191.13342449175673,98.97085438192535,170.4958087474946,-65.01042457815899,29.91965319370438,35.0,0.12076622813311046,12.313502796235657
20.85330603899999,104.7420832329999,SAT_10078,19.932888891563834,190.87250001504657,98.96549960820154,170.50829611143953,-65.05681115179635,29.899463680034103,35.0,0.12095828408962149,12.327020436301293
20.85330603899999,104.8420832329999,SAT_10078,19.877886701889565,190.56311269812883,98.95909769750256,170.52307658172884,-65.11181334147062,29.87549150558145,35.0,0.12118607471235383,12.343042190610879
20.85330603899999,104.94208323299989,SAT_10078,19.814307039923804,190.2054770995714,98.95162536052085,170.54012665596974,-65.17539300343638,29.847736725309133,35.0,0.12144947382595528,12.361553598949818
20.85330603899999,105.04208323299989,SAT_10078,19.74219355455554,189.79983874437494,98.9430550193171,170.5594194542206,-65.24750648880465,29.816199402855737,35.0,0.12174833694156963,12.382538100498216
20.85330603899999,105.14208323299988,SAT_10078,19.661595184912173,189.34647291513096,98.93335451702525,170.58092485720093,-65.32810485844801,29.78087961053701,35.0,0.12208250192892746,12.405977109855176
20.85330603899999,105.24208323299987,SAT_10078,19.572565923044493,188.8456833171253,98.92248677264196,170.60460965874546,-65.4171341203157,29.7417774293473,35.0,0.12245178976139666,12.431850101156146
20.85330603899999,105.34208323299987,SAT_10078,19.475164556566867,188.29780063068864,98.91040937406119,170.6304377309279,-65.51453548679332,29.698892948961188,35.0,0.12285600532751444,12.460134699499102
20.85330603899999,105.44208323299986,SAT_10078,19.36945439375323,187.7031809648619,98.89707410104313,170.65837020019245,-65.62024564960696,29.65222626773527,35.0,0.12329493830210997,12.490806778847675
20.85330603899999,105.54208323299986,SAT_10094,19.394697281604095,187.84517220902302,98.90031981568819,170.65272864894737,-65.59500276175609,29.663957860332985,35.0,0.12318384925614913,12.483048123885553
20.85330603899999,105.64208323299985,SAT_10094,19.42652074930146,188.02417921482075,98.90434209067442,170.64432379687875,-65.56317929405873,29.67801248598768,35.0,0.1230517186003763,12.473816264567276
20.85330603899999,105.74208323299985,SAT_10094,19.449887942029207,188.15561967391432,98.90728170287561,170.6381463960503,-65.53981210133098,29.688325022421306,35.0,0.12295471241538695,12.4670360152866
20.85330603899999,105.84208323299984,SAT_10094,19.46478332278319,188.23940619065544,98.90914947266074,170.63420600065803,-65.524916720577,29.694895445899824,35.0,0.1228928822219593,12.462713283596825
20.85330603899999,105.94208323299983,SAT_10094,19.471196955626752,188.27548287540048,98.90995224181619,170.6325087216514,-65.51850308773344,29.697723741301818,35.0,0.12286626096096026,12.4608518464229
20.85330603899999,106.04208323299983,SAT_10094,19.469124554687923,188.26382562011958,98.90969294302013,170.63305719523862,-65.52057548867226,29.696809902118204,35.0,0.12287486283982346,12.46145333271202
20.85330603899999,106.14208323299982,SAT_10078,19.510899958342577,188.498812265677,98.91486350182164,170.6209718876805,-65.47880008501761,29.714639499001873,35.0,0.12270767916302719,12.449760017175965
20.85330603899999,106.24208323299982,SAT_10078,19.59308911130732,188.96112625110368,98.92500640831737,170.59915631034278,-65.39661093205287,29.75079949483049,35.0,0.12236664527092717,12.425887471269652
20.85330603899999,106.34208323299981,SAT_10078,19.666893743031736,189.3762773045535,98.93399622784402,170.579512942319,-65.32280630032845,29.783203865570954,35.0,0.12206052938862826,12.404436694191759
20.85330603899999,106.4420832329998,SAT_10078,19.732264849530225,189.74398977860753,98.94186702995829,170.56207191663245,-65.25743519382996,29.81185253674068,35.0,0.12178949403394526,12.385426319904237
20.85330603899999,106.5420832329998,SAT_10078,19.78915851138612,190.06401662654693,98.94864813757086,170.54686025662946,-65.20054153197407,29.836745442493616,35.0,0.12155368474824772,12.36887303308998
20.85330603899999,106.6420832329998,SAT_10078,19.837536106048702,190.33614059652396,98.95436443769289,170.53390173960094,-65.15216393731149,29.85788252561892,35.0,0.12135322942989177,12.354791493899576
20.85330603899999,106.74208323299979,SAT_10078,19.877364497086006,190.56017529610878,98.95903664046523,170.5232167750869,-65.11233554627418,29.87526373753988,35.0,0.12118823774206022,12.343194270985103
20.85330603899999,106.84208323299978,SAT_10078,19.908616198461587,190.73596611634642,98.96268149139361,170.5148222991531,-65.0810838448986,29.88888903831291,35.0,0.12105880060026142,12.334091783458142
20.85330603899999,106.94208323299978,SAT_10078,19.93126951213769,190.8633910057745,98.96531194073539,170.50873168577195,-65.0584305312225,29.89875839662681,35.0,0.12096498974410169,12.32749225233326
20.85330603899999,107.34208323299976,SAT_10078,19.93567281368908,190.88815957700106,98.96582211732753,170.50754724529529,-65.0540272296711,29.900676081169934,35.0,0.12094675634337437,12.326209309202383
20.95330603899999,103.142083233,SAT_10078,19.588715297041617,188.9365235458591,98.92447832384946,170.60031883162466,-65.40098474631857,29.74887716028095,35.0,0.1223847901195431,12.42715828485532
20.95330603899999,103.24208323299999,SAT_10078,19.671909911889657,189.40449325437933,98.93461025349009,170.5781760357129,-65.31779013147053,29.785403947365587,35.0,0.12203972846132172,12.402978314661906
20.95330603899999,103.34208323299998,SAT_10078,19.74665162064565,189.8249153661318,98.94359384771982,170.5582281788234,-65.24304842271454,29.818150805617332,35.0,0.12172985780270122,12.381241191705753
20.95330603899999,103.44208323299998,SAT_10078,19.812890141837983,190.19750704783866,98.95146313217404,170.5405061923304,-65.1768099015222,29.847117659927452,35.0,0.12145534481606507,12.361966024303173
20.95330603899999,103.54208323299997,SAT_10078,19.870580377483634,190.52201462334546,98.95824740320471,170.52503783655536,-65.11911966587655,29.872304443861122,35.0,0.12121633887036198,12.34516993431196
20.95330603899999,103.64208323299997,SAT_10078,19.919682633363024,190.798214812667,98.96397153889403,170.51184755919428,-65.07001740999716,29.89371109965608,35.0,0.1210129713406736,12.330867979118295
20.95330603899999,103.74208323299996,SAT_10078,19.96016281560381,191.02591583777144,98.96865625843697,170.50095636884487,-65.02953722775638,29.91133757822151,35.0,0.12084535499420293,12.319073082138818
20.95330603899999,103.84208323299995,SAT_10078,19.991992601549725,191.2049583837172,98.97231833482444,170.49238172498315,-64.99770744181046,29.925183839137016,35.0,0.12071358345818481,12.309795972506151
20.95330603899999,103.94208323299995,SAT_10078,20.01514958312316,191.33521640506777,98.97497076478281,170.48613744558685,-64.97455046023703,29.935249850651854,35.0,0.12061773077456205,12.303045134527473
20.95330603899999,104.04208323299994,SAT_10078,20.029617381165437,191.4165977690556,98.97662289907045,170.48223363341674,-64.96008266219475,29.941535589684275,35.0,0.12055785104553639,12.298826767416758
20.95330603899999,104.14208323299994,SAT_10078,20.035385729522787,191.44904472856567,98.9772805354722,170.48067662178073,-64.9543143138374,29.944041041821073,35.0,0.1205339781732997,12.297144755704434
20.95330603899999,104.24208323299993,SAT_10078,20.032450527970383,191.4325342198334,98.97694597614324,170.48146894038757,-64.9572495153898,29.94276620131729,35.0,0.12054612569639277,12.298000650623118
20.95330603899999,104.34208323299993,SAT_10078,20.02081386339684,191.36707798160722,98.97561805031144,170.48460930167653,-64.96888617996335,29.937711071096107,35.0,0.12059428672423825,12.301393662658684
20.95330603899999,104.44208323299992,SAT_10078,20.000483999018428,191.25272249447863,98.97329210273672,170.49009260777757,-64.98921604434176,29.928875662748908,35.0,0.12067843397046923,12.30732066534262
20.95330603899999,104.54208323299991,SAT_10078,19.97147533174106,191.08954874104347,98.96995994772503,170.49790997802305,-65.01822471161913,29.91625999653549,35.0,0.12079851988473683,12.315776210246836
20.95330603899999,104.64208323299991,SAT_10078,19.9338083181338,190.8776717895026,98.96560978788857,170.50804879670056,-65.05589172522639,29.8998641013845,35.0,0.12095447688174904,12.32675255302859
20.95330603899999,104.7420832329999,SAT_10078,19.8875093698187,190.61724020523022,98.96022609621468,170.5204927805084,-65.10219067354149,29.879688014893983,35.0,0.12114621766538336,12.34023969026169
20.95330603899999,104.8420832329999,SAT_10078,19.832610719402055,190.3084352966366,98.9537894593334,170.53522206496152,-65.15708932395813,29.855731783332143,35.0,0.12137363564484109,12.35622540668392
20.95330603899999,104.94208323299989,SAT_10078,19.76915025837515,189.95147020336023,98.94627637913922,170.55221330879363,-65.22054978498504,29.82799546163828,35.0,0.12163660543898942,12.37469533239071
20.95330603899999,105.04208323299989,SAT_10078,19.697171348691697,189.54658883639078,98.93765902910214,170.57143981521483,-65.29252869466849,29.796479113423874,35.0,0.12193498346427839,12.395633009413249
20.95330603899999,105.14208323299988,SAT_10078,19.616722609968505,189.09406468107284,98.92790496066883,170.5928716687272,-65.37297743339168,29.761182810973853,35.0,0.12226860860093619,12.419019967037379
20.95330603899999,105.24208323299987,SAT_10078,19.527857684474114,188.5941994751669,98.91697675407684,170.6164758860544,-65.46184235888607,29.72210663524805,35.0,0.12263730293154873,12.444835805148188
20.95330603899999,105.34208323299987,SAT_10078,19.430634982236214,188.0473217750787,98.90483160664041,170.64221657963537,-65.55906506112397,29.67925067588281,35.0,0.12304087254562163,12.47305828482579
20.95330603899999,105.44208323299986,SAT_10094,19.465310606316777,188.2423721605319,98.9092253782519,170.63406647666778,-65.52438943704341,29.69512798625891,35.0,0.12289069357607911,12.462560253058465
20.95330603899999,105.54208323299986,SAT_10094,19.50565902325266,188.46933200579622,98.91426013036309,170.62338232538198,-65.48404102010753,29.712912751850563,35.0,0.12272323368557195,12.450848212890543
20.95330603899999,105.64208323299985,SAT_10094,19.537553707375054,188.6487396039847,98.91821578335625,170.6149260760799,-65.45214633598513,29.726957966315698,35.0,0.12259088506374306,12.44158734115717
20.95330603899999,105.74208323299985,SAT_10094,19.560973351890652,188.78047510438492,98.92110683453593,170.6087108354373,-65.42872669146954,29.737263597323484,35.0,0.12249371833463904,12.43478573502107
20.95330603899999,105.84208323299984,SAT_10094,19.575902238545325,188.86445009181747,98.92294380606509,170.60474627475654,-65.41379780481486,29.743829621151836,35.0,0.12243178558256683,12.430449365627599
20.95330603899999,105.94208323299983,SAT_10094,19.582330315269687,188.90060802339198,98.92373335157959,170.60303858003647,-65.4073697280905,29.746656022686956,35.0,0.12240512010917522,12.42858205063181
20.95330603899999,106.04208323299983,SAT_10094,19.580253246044222,188.88892450899874,98.9234783232053,170.60359041989645,-65.40944679731597,29.74574279542304,35.0,0.1224137362776186,12.429185436564945
20.95330603899999,106.14208323299982,SAT_10078,19.5706046303996,188.83465104599773,98.92225394045992,170.60513060236798,-65.41909541296059,29.740914982607478,35.0,0.12245992705823643,12.432419866141846
20.95330603899999,106.24208323299982,SAT_10078,19.652868388348594,189.29738468446084,98.93230366709847,170.58324973145102,-65.3368316550116,29.777050819512247,35.0,0.12211869235982863,12.408514050713006
20.95330603899999,106.34208323299981,SAT_10078,19.72674074156498,189.712916671303,98.94121152186307,170.5635472890982,-65.2629593017952,29.80943354054975,35.0,0.1218123938675113,12.387033159379229
20.95330603899999,106.4420832329998,SAT_10078,19.7921724105841,190.08096980953556,98.94901104250543,170.54605358719238,-65.19752763277609,29.838063071273037,35.0,0.12154119495021178,12.36799592190654
20.95330603899999,106.5420832329998,SAT_10078,19.849119227324806,190.40129565370202,98.9557310977319,170.53079581065236,-65.14058081603538,29.862939345867535,35.0,0.12130524191512373,12.351419109335426
20.95330603899999,106.6420832329998,SAT_10078,19.897542349188754,190.67367571418671,98.96139619164393,170.51779787984213,-65.09215769417143,29.88406230714976,35.0,0.12110466333641527,12.33731745814265
20.95330603899999,106.74208323299979,SAT_10078,19.93740844993249,190.89792253087026,98.96602671756892,170.50708032778562,-65.0522915934277,29.90143190656622,35.0,0.12093956945883086,12.32570360274946
20.95330603899999,106.84208323299978,SAT_10078,19.96868988536255,191.07388060516436,98.96963916607733,170.4986601934882,-65.02101015799764,29.915048104192426,35.0,0.12081005168149178,12.316588017020369
20.95330603899999,107.04208323299977,SAT_10078,20.00541739819161,191.2804728648278,98.97385723667188,170.48876234578074,-64.98428264516858,29.93102017751674,35.0,0.12065801329668985,12.305882463607883
20.95330603899999,107.14208323299977,SAT_10078,20.01083770367225,191.3109620831564,98.97447762802925,170.4873005274064,-64.97886233968794,29.933376016504774,35.0,0.1206355778245097,12.3043022509618
20.95330603899999,107.44208323299975,SAT_10078,19.975297284637477,191.11104722608584,98.97039986153561,170.49688047705297,-65.01440275872271,29.917922703678148,35.0,0.12078269721953205,12.314662288128355
21.053306038999988,103.042083233,SAT_10094,19.553255657923884,188.73706307582185,98.92016402153907,170.6107595616558,-65.4364443854363,29.73386818823196,35.0,0.12252573725601737,12.437027274756426
21.053306038999988,103.142083233,SAT_10078,19.534133175428863,188.62949911178734,98.9177627680354,170.6148113922947,-65.45556686793132,29.724869130869344,35.0,0.12261126063408521,12.443013345871869
21.053306038999988,103.24208323299999,SAT_10078,19.61715224110901,189.0964813562382,98.92796517322495,170.59275737291244,-65.37254780225118,29.76137150830213,35.0,0.12226682651616036,12.418895111124701
21.053306038999988,103.34208323299998,SAT_10078,19.69173535662115,189.516011380994,98.93701081603756,170.57288987935547,-65.29796468673904,29.794096482960352,35.0,0.12195752227111295,12.39721376807281
21.053306038999988,103.44208323299998,SAT_10078,19.757832624475242,189.88780851267322,98.94493411247828,170.55523959793885,-65.23186741888495,29.82304397976712,35.0,0.12168351335675821,12.377988287356457
21.053306038999988,103.54208323299997,SAT_10078,19.81539929354642,190.21162102619863,98.95176469274463,170.5398340674352,-65.17430074981377,29.84821393231577,35.0,0.12144494804766695,12.361235666646659
21.053306038999988,103.64208323299997,SAT_10078,19.86439597682738,190.48722736965402,98.9575277167513,170.5266975391732,-65.1253040665328,29.869606282868524,35.0,0.12124195675178108,12.346970853476344
21.053306038999988,103.74208323299996,SAT_10078,19.90478884573885,190.71443725728105,98.96224413723341,170.51585085207248,-65.08491119762134,29.887220982355363,35.0,0.12107465140272738,12.33520667650149
21.053306038999988,103.84208323299995,SAT_10078,19.936549799006443,190.89309261941125,98.96593091545124,170.507311323943,-65.05315024435374,29.901057990373026,35.0,0.12094312493325131,12.325953785850544
21.053306038999988,103.94208323299995,SAT_10078,19.95965660434311,191.02306839943,98.9686011935242,170.50109266022383,-65.03004343901708,29.911117275184218,35.0,0.12084745083454604,12.319220603142902
21.053306038999988,104.04208323299994,SAT_10078,19.974093011440104,191.1042731893506,98.970264426551,170.49720488116185,-65.01560703192008,29.917398813716964,35.0,0.12078768280552586,12.315013281669678
21.053306038999988,104.14208323299994,SAT_10078,19.979848835056742,191.1366496971942,98.97092647689897,170.49565426823816,-65.00985120830344,29.919902591564167,35.0,0.12076385449530148,12.31333567713416
21.053306038999988,104.24208323299993,SAT_10078,19.976920007317702,191.12017504116207,98.97058967234355,170.49644333043827,-65.01278003604249,29.9186286029833,35.0,0.12077597934126875,12.314189329246256
21.053306038999988,104.34208323299993,SAT_10078,19.965308598644526,191.05486086737545,98.969252829085,170.4995707907504,-65.02439144471566,29.913576850896312,35.0,0.12082405050433473,12.317573454357234
21.053306038999988,104.44208323299992,SAT_10078,19.945022807098383,190.9407532899284,98.966911240048,170.50503159304017,-65.0446772362618,29.904747346889668,35.0,0.12090804090189326,12.323484949209401
21.053306038999988,104.54208323299991,SAT_10078,19.916076916248244,190.77793265389639,98.9635566282581,170.5128169292255,-65.07362312711194,29.89214011121459,35.0,0.12102790333823843,12.331918405762796
21.053306038999988,104.64208323299991,SAT_10078,19.878491222022674,190.56651312387754,98.9591770644723,170.52291428644526,-65.11120882133751,29.875755172787464,35.0,0.12118357073118606,12.342866136948539
21.053306038999988,104.7420832329999,SAT_10078,19.83229192933446,190.30664210250634,98.9537568476005,170.53530751369408,-65.15740811402573,29.855592569190403,35.0,0.12137495643277764,12.356318213089283
21.053306038999988,104.8420832329999,SAT_10078,19.777511019586612,189.99849948517468,98.94727634576965,170.54997690718227,-65.21218902377358,29.831652346672016,35.0,0.12160195464107873,12.372262508622237
21.053306038999988,104.94208323299989,SAT_10078,19.714186090468388,189.6422967588847,98.93971179513545,170.566899313479,-65.2755139528918,29.803934560148313,35.0,0.12186444089927392,12.39068475866183
21.053306038999988,105.04208323299989,SAT_10078,19.6423601697156,189.23827595465025,98.93103505270912,170.58604824932212,-65.34733987364459,29.772439273203805,35.0,0.12216227267751122,12.41156862484876
21.053306038999988,105.14208323299988,SAT_10078,19.562081504757572,188.78670846426135,98.92121329851626,170.60739403681194,-65.42761853860262,29.73716655809278,35.0,0.12249529003227574,12.43489576985118
21.053306038999988,105.24208323299987,SAT_10078,19.473403330378957,188.28789373338162,98.91020868130451,170.63090395257097,-65.51629671298123,29.698116495740738,35.0,0.1228633163374806,12.460645939813507
21.053306038999988,105.34208323299987,SAT_10094,19.517811768077507,188.53769119543597,98.91577898855522,170.6201613707612,-65.47188827528268,29.718265749275826,35.0,0.12267280260706619,12.447319851190255
21.053306038999988,105.44208323299986,SAT_10094,19.5666839616963,188.8125972845417,98.92181851717183,170.6071945519311,-65.42301608166389,29.739775543070156,35.0,0.12247002718655893,12.433127045616393
21.053306038999988,105.54208323299986,SAT_10094,19.607112886814505,189.04000998833158,98.92677728833726,170.59645121576594,-65.38258715654568,29.757548342711246,35.0,0.12230232357722019,12.42138195991377
21.053306038999988,105.64208323299985,SAT_10094,19.63907147106562,189.21977702474413,98.93067345135536,170.5879480191444,-65.35062857229457,29.771584107279423,35.0,0.12216978149007025,12.412094878939529
21.053306038999988,105.74208323299985,SAT_10094,19.662538182836215,189.3517772784537,98.93352113807414,170.58169821413603,-65.32716186052397,29.781882804460075,35.0,0.12207247224655354,12.405273978601475
21.053306038999988,105.84208323299984,SAT_10094,19.677497137555775,189.43592139875122,98.93533060622562,170.5777115796346,-65.31220290580441,29.78844441054301,35.0,0.1220104484462898,12.400925288266524
21.053306038999988,105.94208323299983,SAT_10094,19.683938176587887,189.47215224330688,98.93610834259121,170.57599437059224,-65.3057618667723,29.79126891042202,35.0,0.12198374372084932,12.399052662881228
21.053306038999988,106.04208323299983,SAT_10094,19.68185691789482,189.4604451631584,98.93585712785851,170.57654928540745,-65.30784312546537,29.790356297594553,35.0,0.12199237257578925,12.399657765076684
21.053306038999988,106.14208323299982,SAT_10094,19.671254777943446,189.4008081259319,98.93457606433236,170.57937545182244,-65.31844526541674,29.78570657416162,35.0,0.122036330322395,12.402740057433531
21.053306038999988,106.24208323299982,SAT_10078,19.70288401299311,189.57872257308625,98.93835333458019,170.56991565171512,-65.28681603036708,29.798982640270477,35.0,0.12191129822411452,12.393971720698326
21.053306038999988,106.34208323299981,SAT_10078,19.77680510882813,189.99452873715825,98.94719245569541,170.5501657549338,-65.21289493453206,29.831343622312424,35.0,0.1216048801958489,12.372467921714843
21.053306038999988,106.4420832329998,SAT_10078,19.842280425358396,190.36282739264098,98.95493219984645,170.53262973722187,-65.14741961800179,29.85995393364669,35.0,0.12133357390549783,12.353410240521116
21.053306038999988,106.5420832329998,SAT_10078,19.89926559480726,190.68336897079087,98.96160105550291,170.51733491363285,-65.09043444855293,29.884813508490037,35.0,0.12109752627202552,12.336815517138088
21.053306038999988,106.6420832329998,SAT_10078,19.9477215978509,190.95593398791132,98.96722320618827,170.50430531977224,-65.04197844550929,29.905922289686202,35.0,0.12089686640944662,12.322698549013804
21.053306038999988,106.74208323299979,SAT_10078,19.98761495579606,191.18033412635285,98.97181877997113,170.4935615881315,-65.00208508756413,29.923280228704787,35.0,0.12073170502705134,12.311072023110343
21.053306038999988,106.84208323299978,SAT_10078,20.01891789741819,191.35641317297734,98.97540405396029,170.48512084063756,-64.970782145942,29.936887285640314,35.0,0.12060213391025776,12.301946457034486
21.053306038999988,106.94208323299978,SAT_10078,20.04160849872291,191.48404780531635,98.97799161756441,170.47899659857768,-64.94809154463728,29.946743429211423,35.0,0.12050822548679128,12.295330149784226
21.053306038999988,107.04208323299977,SAT_10078,20.055670794156654,191.5631482171312,98.97959049746294,170.47519871088497,-64.93402924920353,29.952848636760276,35.0,0.12045003248217305,12.291229142596675
21.053306038999988,107.14208323299977,SAT_10078,20.06109485807869,191.59365857669263,98.98020624650947,170.4737333015786,-64.9286051852815,29.955202894252114,35.0,0.12042758766771071,12.289647190287305
21.053306038999988,107.24208323299976,SAT_10078,20.057876855618588,191.57555731285456,98.97984099812982,170.47460273694483,-64.9318231877416,29.953806196274964,35.0,0.12044090370334823,12.290585743368382
21.053306038999988,107.34208323299976,SAT_10078,20.046019062367023,191.50885722581452,98.97849348716274,170.4778056128286,-64.94368098099316,29.94865854603956,35.0,0.12048997307685107,12.294043941127265
21.153306038999986,102.942083233,SAT_10094,19.67838429782651,189.44091167527412,98.93544472056115,170.57747508175225,-65.31131574553368,29.788833473351904,35.0,0.12200677020050787,12.400667366932819
21.153306038999986,103.042083233,SAT_10094,19.587655300451274,188.9305610650384,98.92440310230391,170.60162364502065,-65.40204474290891,29.748997036154524,35.0,0.12238303126242368,12.427035102780357
21.153306038999986,103.142083233,SAT_10094,19.488635258146175,188.37357332707222,98.9121591507335,170.62789200149723,-65.50106478521401,29.70541131415373,35.0,0.12279388383643461,12.455790214034087
21.153306038999986,103.24208323299999,SAT_10078,19.552654430375597,188.73368117086272,98.92005988957511,170.60989674497915,-65.43704561298459,29.73301960157253,35.0,0.12253440541532976,12.437634064162626
21.153306038999986,103.34208323299998,SAT_10078,19.627060282510115,189.1522140891194,98.92918097674172,170.59012103771454,-65.36263976085007,29.765722602253213,35.0,0.12222572967760133,12.416015595711144
21.153306038999986,103.44208323299998,SAT_10078,19.69299964995173,189.52312303097847,98.93716993918027,170.5725526505658,-65.29670039340846,29.794650661606653,35.0,0.12195228017687554,12.396846124272434
21.153306038999986,103.54208323299997,SAT_10078,19.750428175852747,189.8461584891717,98.94405681569671,170.5572188703366,-65.23927186750744,29.81980371325419,35.0,0.1217142039437832,12.380142506481237
21.153306038999986,103.64208323299997,SAT_10078,19.799306822389696,190.12110087594203,98.94986711107578,170.54414372504442,-65.19039322097049,29.841181699482398,35.0,0.12151163028705983,12.36591956512141
21.153306038999986,103.74208323299996,SAT_10078,19.839602062500035,190.34776160156267,98.95462206377292,170.53334786066353,-65.15009798086015,29.858784571241944,35.0,0.12134467019300635,12.354190021245563
21.153306038999986,103.84208323299995,SAT_10078,19.87128604650607,190.52598401159665,98.95833886534527,170.52484843392023,-65.11841399685412,29.872612288146605,35.0,0.12121341580516382,12.344964435275331
21.153306038999986,103.94208323299995,SAT_10078,19.894336741893525,190.65564417315107,98.9610308357377,170.51865902229713,-65.09536330146666,29.882664818472456,35.0,0.12111793998889883,12.33825115765308
21.153306038999986,104.04208323299994,SAT_10078,19.908738044776015,190.73665150186508,98.96270755765114,170.5147895522268,-65.08096199858417,29.888942139157255,35.0,0.12105829598488244,12.334056289529746
21.153306038999986,104.14208323299994,SAT_10078,19.914479861860855,190.76894922296734,98.96337497242814,170.5132462462652,-65.07522018149933,29.89144423579997,35.0,0.1210345171546652,12.332383653879429
21.153306038999986,104.24208323299993,SAT_10078,19.91155816203178,190.75251466142876,98.9630354391728,170.51403158983842,-65.0781418813284,29.890171102660503,35.0,0.1210466168207201,12.33323477732976
21.153306038999986,104.34208323299993,SAT_10078,19.899974996998296,190.6873593581154,98.96168775815516,170.51714431792777,-65.08972504636189,29.88512274265956,35.0,0.12109458820245164,12.336608882891225
21.153306038999986,104.44208323299992,SAT_10078,19.879738490782202,190.57352901064988,98.95932715891387,170.52257942184926,-65.10996155257799,29.87629916737873,35.0,0.12117840444877273,12.34250289365869
21.153306038999986,104.54208323299991,SAT_10078,19.85086279815971,190.41110323964838,98.9559452528467,170.53032817604634,-65.13883724520048,29.8637003970607,35.0,0.12129801876694299,12.350911447447897
21.153306038999986,104.64208323299991,SAT_10078,19.81336803250528,190.2001951828422,98.95152994944884,170.5403781845989,-65.1763320108549,29.84732646060967,35.0,0.12145336464645985,12.36182692221922
21.153306038999986,104.7420832329999,SAT_10078,19.767280163814135,189.94095092145452,98.94606533470322,170.55271344692844,-65.22241987954605,29.8271773955919,35.0,0.12164435617591164,12.37523947203361
21.153306038999986,104.8420832329999,SAT_10078,19.712630887992248,189.6335487449564,98.93953150942852,170.56731444197197,-65.27706915536794,29.80325324823651,35.0,0.12187088844985482,12.391137073182616
21.153306038999986,104.94208323299989,SAT_10078,19.649457468794807,189.2781982619708,98.93190438462554,170.58415822990224,-65.34024257456538,29.775554073436343,35.0,0.1221328380619804,12.40950558003749
21.153306038999986,105.04208323299989,SAT_10078,19.577802554058877,188.87513936658118,98.923155430007,170.60321857029675,-65.41189748930131,29.744079934749102,35.0,0.12243006368009741,12.430328790073565
21.153306038999986,105.14208323299988,SAT_10078,19.497713968120053,188.42464107067528,98.91325137092332,170.6244660554944,-65.49198607524013,29.708830904398596,35.0,0.12276240669779752,12.453588517446546
21.153306038999986,105.24208323299987,SAT_10094,19.552143479843096,188.73080707411742,98.92003548012815,170.61105475321142,-65.43755656351709,29.733378827226854,35.0,0.12253035153321158,12.437350285999324
21.153306038999986,105.34208323299987,SAT_10094,19.609525853916153,189.05358292827836,98.92708005816313,170.5958095299099,-65.38017418944403,29.758608498071716,35.0,0.12229231546954954,12.420680842136294
21.153306038999986,105.44208323299986,SAT_10094,19.658483370833082,189.3289689609361,98.93303709151152,170.58277848313256,-65.3312166725271,29.780103750597412,35.0,0.12208928543158946,12.406452654560379
21.153306038999986,105.54208323299986,SAT_10094,19.6989832455982,189.5567807564899,98.93792841850927,170.57198178631876,-65.29071679776199,29.797864535303166,35.0,0.12192137004912297,12.394678176697274
21.153306038999986,105.64208323299985,SAT_10094,19.730998150925373,189.73686459895524,98.9417717727314,170.56343626135825,-65.25870189243481,29.811890811289736,35.0,0.1217886598224408,12.385367782543874
21.153306038999986,105.74208323299985,SAT_10094,19.75450635170975,189.86909822836736,98.94458096361588,170.5571552920938,-65.23519369165044,29.82218254625865,35.0,0.12169122670205264,12.37852971911323
21.153306038999986,105.84208323299984,SAT_10094,19.76949181283713,189.95339144720887,98.94636601558572,170.55314875493482,-65.22020823052306,29.828739716511556,35.0,0.1216291237524137,12.374170068347382
21.153306038999986,105.94208323299983,SAT_10094,19.775944279206612,189.9896865705372,98.94713326819465,170.55142296733183,-65.21375576415358,29.831562306949785,35.0,0.12160238490270459,12.372292718868827
21.153306038999986,106.04208323299983,SAT_10094,19.773859327124313,189.97795871507427,98.94688543909244,170.5519806546752,-65.21584071623587,29.830650311074038,35.0,0.12161102478694029,12.372899347847781
21.153306038999986,106.14208323299982,SAT_10094,19.76323838652482,189.91821592420212,98.94562165092964,170.5548209359804,-65.22646165683537,29.826003730984272,35.0,0.1216550386748778,12.375989413164367
21.153306038999986,106.24208323299982,SAT_10094,19.74408873378573,189.81049912754474,98.94333742267757,170.55993932851666,-65.24561130957446,29.817622577379744,35.0,0.12173440249435769,12.38156015594318
21.153306038999986,106.34208323299981,SAT_10078,19.817047622591076,190.22089287707482,98.9519644532442,170.53939249850075,-65.17265242076911,29.8489340629643,35.0,0.12143811820868645,12.360755867023988
21.153306038999986,106.4420832329998,SAT_10078,19.882549402849875,190.58934039103056,98.9596555197585,170.52182469941553,-65.10715064051031,29.877525076011054,35.0,0.12116676156511984,12.34168425554071
21.153306038999986,106.5420832329998,SAT_10078,19.939557886842792,190.9100131134907,98.96628268229598,170.50650205111893,-65.0501421565174,29.902367882548845,35.0,0.12093066921213012,12.325077318735179
21.153306038999986,106.6420832329998,SAT_10078,19.988033922850136,191.18269081603202,98.97186986328825,170.49344867594948,-65.00166612051005,29.92346242544848,35.0,0.12072997066496062,12.310949899344084
21.153306038999986,106.74208323299979,SAT_10078,20.02794391796445,191.40718453855,98.97643697476231,170.482685281262,-64.96175612539574,29.940808656202567,35.0,0.12056477697813556,12.29931472335816
21.153306038999986,106.84208323299978,SAT_10078,20.0592600057865,191.58333753254905,98.98000011996947,170.47422905139564,-64.93044003757369,29.954406534924512,35.0,0.12043518022413553,12.290182340878431
21.153306038999986,106.94208323299978,SAT_10078,20.081960186910337,191.71102605137065,98.98257175437567,170.46809355710826,-64.90773985644985,29.964256030347784,35.0,0.12034125305774523,12.283561076631624
21.153306038999986,107.04208323299977,SAT_10078,20.096028440713283,191.79015997901223,98.98416080890698,170.46428868346885,-64.8936716026469,29.970357119825266,35.0,0.1202830483700779,12.279456990633243
21.153306038999986,107.14208323299977,SAT_10078,20.101454807254072,191.82068329080414,98.98477277763193,170.4628205770085,-64.88824523610612,29.97270978932885,35.0,0.12026059903549141,12.277873849390977
21.153306038999986,107.24208323299976,SAT_10078,20.098235438396387,191.8025743409797,98.98440977141499,170.46369161272096,-64.8914646049638,29.971314033449126,35.0,0.12027391775376534,12.278813107938186
21.153306038999986,107.34208323299976,SAT_10078,20.0863726176038,191.73584597402137,98.98307053847256,170.46690038128347,-64.90332742575639,29.9661698553953,35.0,0.12032299698902542,12.282273902879185
21.153306038999986,107.44208323299975,SAT_10078,20.065874748191078,191.62054545857484,98.98075045218683,170.47244169664134,-64.92382529516911,29.957277266995252,35.0,0.1204078090059922,12.288253056517025
21.153306038999986,107.54208323299974,SAT_10095,20.049440714077463,191.52810401668572,98.97896284383992,170.47911342274602,-64.94025932928272,29.951460300719315,35.0,0.12046300200229344,12.29214320525373
21.253306038999987,102.84208323300001,SAT_10094,19.785356319984558,190.04262929991316,98.9482565102936,170.54890490955216,-65.20434372337563,29.83567867238919,35.0,0.12156338332741984,12.36955410288524
21.253306038999987,102.942083233,SAT_10094,19.702979610304084,189.57926030796048,98.93841590703751,170.5709155847096,-65.2867204330561,29.79961606312703,35.0,0.12190480281465756,12.393516108658874
21.253306038999987,103.042083233,SAT_10094,19.612253020396594,189.06892323973088,98.92742100847008,170.595084223338,-65.3774470229636,29.75980661796027,35.0,0.12228100433272598,12.419888413253126
21.253306038999987,103.142083233,SAT_10094,19.513235992401007,188.5119524572557,98.91522936477801,170.621374290929,-65.47646405095918,29.716250428475767,35.0,0.12269179063544361,12.448648397870521
21.253306038999987,103.24208323299999,SAT_10078,19.478465918661712,188.31637079247216,98.91086075298716,170.62956373642027,-65.51123412469848,29.700348289161777,35.0,0.12284230125710743,12.459176376182885
21.253306038999987,103.34208323299998,SAT_10078,19.55267630533166,188.7338042174906,98.9200712401406,170.6098909385472,-65.43702373802853,29.733029225525897,35.0,0.12253431464817605,12.437627710359036
21.253306038999987,103.44208323299998,SAT_10078,19.618441544574026,189.1037336882289,98.92813800771589,170.59241436610904,-65.37125849878616,29.76193776751582,35.0,0.12226147858557465,12.418520421607361
21.253306038999987,103.54208323299997,SAT_10078,19.675717719364997,189.4259121714281,98.93509158179502,170.57716102476354,-65.31398232399519,29.787073848780743,35.0,0.1220239387116157,12.401871209300785
21.253306038999987,103.64208323299997,SAT_10078,19.724466181366225,189.70012227018503,98.94095787833739,170.5641546933833,-65.26523386199396,29.80843741163146,35.0,0.12182182310837103,12.387694757133755
21.253306038999987,103.74208323299996,SAT_10078,19.764653739806832,189.92617728641343,98.94575847638615,170.55341580269285,-65.22504630355336,29.826028407039214,35.0,0.12165524170506015,12.376003666194656
21.253306038999987,103.84208323299995,SAT_10078,19.79625282560383,190.10392214402154,98.94951084197484,170.54496132972716,-65.19344721775636,29.83984679463472,35.0,0.12152428576464692,12.366808396899282
21.253306038999987,103.94208323299995,SAT_10078,19.819241629029378,190.23323416329026,98.95222850695966,170.53880470923883,-65.17045841433081,29.849892542707362,35.0,0.12142902745425466,12.360117220345092
21.253306038999987,104.04208323299994,SAT_10078,19.833604209481578,190.31402367833388,98.95392120608744,170.53495576301816,-65.15609583387861,29.856165628204568,35.0,0.12136951950330854,12.355936179561702
21.253306038999987,104.14208323299994,SAT_10078,19.839330576199686,190.34623449112323,98.95459497479816,170.53342064789885,-65.1503694671605,29.858666036731346,35.0,0.12134579495254796,12.354269061040453
21.253306038999987,104.24208323299993,SAT_10078,19.836416739058848,190.32984415720603,98.95425220952201,170.53420182302852,-65.15328330430134,29.85739376255,35.0,0.12135786699623646,12.35511737682658
21.253306038999987,104.34208323299993,SAT_10078,19.824864728902227,190.26486410007504,98.95289169154935,170.53729803676558,-65.16483531445796,29.85234880858002,35.0,0.12140572891903892,12.358480357353363
21.253306038999987,104.44208323299992,SAT_10078,19.80468258718932,190.15133955293993,98.95050857489669,170.5427043333505,-65.18501745617087,29.84353118639814,35.0,0.12148935412815637,12.364354955090331
21.253306038999987,104.54208323299991,SAT_10078,19.77588432507376,189.9893493285399,98.94709433795393,170.55041207927587,-65.21381571828643,29.830940916238546,35.0,0.12160869628041794,12.372735858968683
21.253306038999987,104.64208323299991,SAT_10078,19.738489852348692,189.7790054194614,98.94263669805042,170.56040900906223,-65.2512101910115,29.814578026993317,35.0,0.12176368950314403,12.383615519439441
21.253306038999987,104.7420832329999,SAT_10078,19.69252487702049,189.52045243324022,98.9371194874064,170.57267928993184,-65.2971751663397,29.79444255621297,35.0,0.12195424870672905,12.396984183914096
21.253306038999987,104.8420832329999,SAT_10078,19.63802077657914,189.21386686825767,98.93052248821873,170.58720360466555,-65.35167926678105,29.770534550107214,35.0,0.1221802699860615,12.41282994223665
21.253306038999987,104.94208323299989,SAT_10078,19.575014442313247,188.85945623801203,98.92282122384438,170.6039592517448,-65.41468560104694,29.742854063545874,35.0,0.12244163110711476,12.43113878174089
21.253306038999987,105.04208323299989,SAT_10078,19.5035480982894,188.45745805287788,98.91398670216779,170.62292026169675,-65.48615194507079,29.711401160059975,35.0,0.12273819207432021,12.451894651359694
21.253306038999987,105.14208323299988,SAT_10094,19.568274195703893,188.8215423508344,98.92203107003866,170.60677225864498,-65.4214258476563,29.740474977560073,35.0,0.12246343003875598,12.43266513653263
21.253306038999987,105.24208323299987,SAT_10094,19.634140653707178,189.19204117710288,98.93008875048582,170.5892605760778,-65.35555938965301,29.769419334924997,35.0,0.12219022962949974,12.413527918870704
21.253306038999987,105.34208323299987,SAT_10094,19.691608561939447,189.5152981609094,98.93704696505743,170.5739489091354,-65.29809148142074,29.794631868648025,35.0,0.1219519432966498,12.396822497636721
21.253306038999987,105.44208323299986,SAT_10094,19.740639524407612,189.79109732479282,98.94293133898823,170.56086088282856,-65.24906051895258,29.816112520654766,35.0,0.12174869826891298,12.382563458509864
21.253306038999987,105.54208323299986,SAT_10094,19.78120048516783,190.01925272906902,98.94776325985833,170.5500168461498,-65.20849955819236,29.83386124146905,35.0,0.12158060401366715,12.37076334949796
21.253306038999987,105.64208323299985,SAT_10094,19.81326389006054,190.19960938159053,98.95156009701057,170.54143376805672,-65.17643615329965,29.847877990211984,35.0,0.12144775173117732,12.361432623723728
21.253306038999987,105.74208323299985,SAT_10094,19.836807822868423,190.3320440036349,98.95433537737594,170.53512514984232,-65.15289222049176,29.85816273460115,35.0,0.1213502139298647,12.354579591320732
21.253306038999987,105.84208323299984,SAT_10094,19.851816114484052,190.41646564397283,98.95609892092499,170.5311009548356,-65.13788392887614,29.864715450949983,35.0,0.12128804408645205,12.350210380904066
21.253306038999987,105.94208323299983,SAT_10094,19.858278423944853,190.4528161346898,98.95685693818513,170.5293675561961,-65.13142161941533,29.867536124167323,35.0,0.12126127639407808,12.348328910992484
21.253306038999987,106.04208323299983,SAT_10094,19.856190290478622,190.44107038394225,98.95661209155962,170.52992770337423,-65.13350975288157,29.866624747757097,35.0,0.12126992560069158,12.34893687166374
21.253306038999987,106.14208323299982,SAT_10094,19.84555315600842,190.38123650254735,98.95536352153024,170.53278050760585,-65.14414688735177,29.86198132381822,35.0,0.12131398693921634,12.352033716624911
21.253306038999987,106.24208323299982,SAT_10094,19.826374357873917,190.27335576304077,98.95310683820361,170.53792144660403,-65.16332568548627,29.853605863044624,35.0,0.12139343615013308,12.357616665776728
21.253306038999987,106.34208323299981,SAT_10078,19.847436512745674,190.3918303841944,98.95554764511158,170.53124709627838,-65.14226353061451,29.862204824055052,35.0,0.12131221301701121,12.351909045374175
21.253306038999987,106.4420832329998,SAT_10078,19.912947361438142,190.76032890808955,98.96320080877669,170.5136581874872,-65.07675268192204,29.890776459959646,35.0,0.12104086369061837,12.332830090703869
21.253306038999987,106.5420832329998,SAT_10078,19.96996393611694,191.08104714065777,98.96979550826272,170.4983170573556,-65.01973610724325,29.915602429675562,35.0,0.12080477706721446,12.316216702495995
21.253306038999987,106.6420832329998,SAT_10078,20.018446997782476,191.35376436252645,98.97535546212623,170.48524788591678,-64.97125304557771,29.936682676100556,35.0,0.12060408292260513,12.302083752838882
21.253306038999987,106.74208323299979,SAT_10078,20.058362878229204,191.57829119003927,98.97990041370562,170.47447143032622,-64.93133716513098,29.954017150750104,35.0,0.12043889253546472,12.290443993019405
21.253306038999987,106.84208323299978,SAT_10078,20.08968364830946,191.7544705217407,98.98344633050775,170.46600491644188,-64.90001639505073,29.967605813756425,35.0,0.12030929816462176,12.281307994200658
21.253306038999987,106.94208323299978,SAT_10078,20.112387258897215,191.88217833129684,98.98600556342278,170.45986194793159,-64.87731278446297,29.97744863386772,35.0,0.12021537261223653,12.274684097786874
21.253306038999987,107.04208323299977,SAT_10078,20.126457653060868,191.9613242984674,98.98758696861958,170.45605243390372,-64.86324239029932,29.98354558844756,35.0,0.12015716887689086,12.270578375966267
21.253306038999987,107.14208323299977,SAT_10078,20.131884848243047,191.99185227136712,98.9881959942725,170.45458253586585,-64.85781519511714,29.985896663474442,35.0,0.12013471989981679,12.268994602825916
21.253306038999987,107.24208323299976,SAT_10078,20.128664987560526,191.97374055502797,98.98783473363234,170.45545463460454,-64.86103505579966,29.984501853541506,35.0,0.12014803840664424,12.269934236329988
21.253306038999987,107.34208323299976,SAT_10078,20.11680035966816,191.9070020231334,98.98650194535949,170.4586673173588,-64.87289968369203,29.979361161856453,35.0,0.12019711684615865,12.273396411343523
21.35330603899999,102.942083233,SAT_10094,19.71772999074996,189.66223119796854,98.94019425525849,170.5669790011599,-65.27197005261023,29.806079253325255,35.0,0.12184365707117366,12.389226647704414
21.35330603899999,103.042083233,SAT_10094,19.627029672952105,189.1520419103556,98.92923073894461,170.59115308349018,-65.36267037040808,29.766296910014947,35.0,0.12221971987426672,12.415594477058576
21.35330603899999,103.142083233,SAT_10094,19.528041482634762,188.59523333982057,98.91707424192552,170.6174490383037,-65.46165856072543,29.722770373210942,35.0,0.1226303541807219,12.444349541451945
21.35330603899999,103.24208323299999,SAT_10094,19.42082928114978,187.99216470646752,98.90367684193717,170.64582764552424,-65.56887076221041,29.675499743081268,35.0,0.12307534788056489,12.47546751188688
21.35330603899999,103.34208323299998,SAT_10078,19.468640152353558,188.26110085698875,98.90964238524012,170.63216469051045,-65.52105989100663,29.69601642425656,35.0,0.12288308906379514,12.462028535688935
21.35330603899999,103.44208323299998,SAT_10078,19.534215503575638,188.629962207613,98.9177996794001,170.6147895533893,-65.45548453978455,29.72490536901233,35.0,0.12261091899103713,12.442989436416552
21.35330603899999,103.54208323299997,SAT_10078,19.591325530719473,188.95120611029702,98.92483084953724,170.5996250758334,-65.39837451264071,29.750024410447534,35.0,0.12237396146634241,12.426399885788523
21.35330603899999,103.64208323299997,SAT_10078,19.639932013391814,189.22461757532895,98.93076229306052,170.58669476295975,-65.34976802996837,29.77137349089704,35.0,0.12217234322275362,12.412274414682912
21.35330603899999,103.74208323299996,SAT_10078,19.680002130287335,189.45001198286624,98.93561598773172,170.5760188090034,-65.30969791307285,29.788952561352566,35.0,0.12200617302706451,12.400625492394976
21.35330603899999,103.84208323299995,SAT_10078,19.711508620575785,189.6272359907388,98.9394097208542,170.567613993591,-65.2781914227844,29.80276158146167,35.0,0.12187554117397997,12.39146346948108
21.35330603899999,103.94208323299995,SAT_10078,19.73442991926099,189.75616829584305,98.94215727228884,170.5614935946826,-65.2552701240992,29.812800519526974,35.0,0.1217805190629005,12.384796529880681
21.35330603899999,104.04208323299994,SAT_10078,19.748750265101393,189.83672024119534,98.94386855470707,170.55766731912166,-65.2409497782588,29.819069352505522,35.0,0.12172115886115911,12.380630652781498
21.35330603899999,104.14208323299994,SAT_10078,19.75445977995942,189.86883626227174,98.94454971365383,170.55614125154986,-65.23524026340077,29.821568066008332,35.0,0.12169749325678883,12.378969584602444
21.35330603899999,104.24208323299993,SAT_10078,19.751554518735077,189.8524941678848,98.94420318923378,170.55691782225034,-65.23814552462511,29.820296654300105,35.0,0.1217095353030995,12.379814821371772
21.35330603899999,104.34208323299993,SAT_10078,19.74003648935208,189.78770525260543,98.94282774052965,170.5599957942749,-65.24966355400811,29.815255120299103,35.0,0.12175727835650317,12.383165601675808
21.35330603899999,104.44208323299992,SAT_10078,19.71991364258278,189.67451423952815,98.9404184331896,170.5653702699977,-65.2697864007774,29.806443475577233,35.0,0.12184069610816615,12.389018910248772
21.35330603899999,104.54208323299991,SAT_10078,19.691199831819546,189.51299905398494,98.9369665899615,170.57303271702392,-65.29850021154064,29.793861740360242,35.0,0.12195974270919341,12.397369492167767
21.35330603899999,104.64208323299991,SAT_10078,19.65391474322415,189.30327043063585,98.93245970328692,170.58297101316455,-65.33578530013604,29.77750994352815,35.0,0.12211435298818392,12.408209877511448
21.35330603899999,104.7420832329999,SAT_10078,19.60808379699742,189.0454713581105,98.9268813083757,170.5951695099817,-65.38161624636277,29.757388122615797,35.0,0.1223044427591488,12.421530416237706
21.35330603899999,104.8420832329999,SAT_10078,19.553738020809718,188.73977636705467,98.92021081444247,170.60960911421034,-65.43596202255047,29.73349632381361,35.0,0.1225299092169685,12.437319322936766
21.35330603899999,104.94208323299989,SAT_10078,19.490913896717103,188.38639066903372,98.91242329097838,170.62626738617152,-65.49878614664308,29.70583460196851,35.0,0.12279063141679994,12.455562731023264
21.35330603899999,105.04208323299989,SAT_10094,19.566198548206515,188.80986683366166,98.92178415948464,170.60732345085233,-65.42350149515367,29.739562037247875,35.0,0.12247204095448518,12.43326804059473
21.35330603899999,105.14208323299988,SAT_10094,19.640510549301354,189.22787183982012,98.93087075320068,170.5875649017612,-65.34918949405883,29.77221585126312,35.0,0.12216381372273998,12.411676629838016
21.35330603899999,105.24208323299987,SAT_10094,19.70645807721121,189.59882668431305,98.93884072484498,170.5699874335266,-65.28324196614898,29.801140455139617,35.0,0.12189038285479101,12.392504604907206
21.35330603899999,105.34208323299987,SAT_10094,19.763997274246137,189.9224846676345,98.94572364618463,170.55461802706594,-65.22570276911405,29.826335782236647,35.0,0.12165189370965332,12.37576863057509
21.35330603899999,105.44208323299986,SAT_10094,19.81308947176123,190.19862827865694,98.95154467091339,170.54148048423716,-65.17661057159896,29.84780177450859,35.0,0.12144847435775054,12.361483387512637
21.35330603899999,105.54208323299986,SAT_10094,19.853701377800633,190.42707025012857,98.9563247953471,170.53059530720373,-65.13599866555955,29.86553838250377,35.0,0.12128023499334535,12.34966150586626
21.35330603899999,105.64208323299985,SAT_10094,19.88580524057511,190.60765447823496,98.9600810726293,170.5219795932461,-65.10389480278508,29.87954556536354,35.0,0.1211472674241785,12.340313507478344
21.35330603899999,105.74208323299985,SAT_10094,19.909378986091696,190.74025679676578,98.96282678441482,170.51564694614288,-65.08032105726849,29.889823290821464,35.0,0.12104964464286695,12.333447757304217
21.35330603899999,105.84208323299984,SAT_10094,19.924406328511168,190.82478559787532,98.96457157315243,170.51160740507066,-65.06529371484902,29.896371535202704,35.0,0.12098742048393464,12.329070424497122
21.35330603899999,105.94208323299983,SAT_10094,19.930876852068167,190.86118229288346,98.9653215373328,170.5098673918029,-65.05882319129202,29.899190283423565,35.0,0.12096062936960848,12.327185453543057
21.35330603899999,106.04208323299983,SAT_10094,19.928786063687895,190.84942160824443,98.96507929138588,170.5104296767857,-65.06091397967229,29.898279528991196,35.0,0.12096928614672037,12.327794545731082
21.35330603899999,106.14208323299982,SAT_10094,19.918135415737268,190.78951171352213,98.96384399127724,170.51329336446653,-65.07156462762292,29.893639274003473,35.0,0.12101338601622658,12.330897151143631
21.35330603899999,106.24208323299982,SAT_10094,19.898932298666836,190.68149418000095,98.96161132624998,170.5184538980397,-65.09076774469335,29.88526952914903,35.0,0.12109290455599837,12.336490471246684
21.35330603899999,106.34208323299981,SAT_10094,19.87119000362391,190.5254437703845,98.95837347656831,170.52590308355306,-65.11851003973628,29.873170313707483,35.0,0.12120779783667301,12.344569472054026
21.35330603899999,106.4420832329998,SAT_10078,19.933450013382654,190.87565632527745,98.96558289237024,170.5081451773347,-65.05625002997753,29.89970805652902,35.0,0.1209559605658413,12.326856948606007
21.35330603899999,106.5420832329998,SAT_10078,19.990459321199594,191.19633368174772,98.97215414843717,170.49279499530155,-64.9992407221606,29.924517120944632,35.0,0.1207199305291959,12.31024291727447
21.35330603899999,106.6420832329998,SAT_10078,20.038936286702125,191.46901661269945,98.97769444189198,170.47971808723298,-64.95076375665806,29.945583012749033,35.0,0.12051928422334277,12.296109397950778
21.35330603899999,106.74208323299979,SAT_10078,20.078847205783532,191.6935155325324,98.98222339331156,170.46893523469706,-64.91085283757666,29.962905683480454,35.0,0.12035413302879379,12.284469153331262
21.35330603899999,106.84208323299978,SAT_10078,20.110164119375924,191.8696731714896,98.98575687143084,170.4604636839051,-64.87953592398426,29.97648509328983,35.0,0.12022456928898444,12.275332764080014
21.35330603899999,106.94208323299978,SAT_10078,20.132864954644333,191.99736536987436,98.98830715105676,170.4543170546577,-64.85683508871585,29.986321210940037,35.0,0.12013066587295237,12.26870857912523
21.35330603899999,107.04208323299977,SAT_10078,20.14693363734189,192.07650171004815,98.9898830339743,170.45050526784834,-64.8427664060183,29.992414013805263,35.0,0.1200724758280283,12.264602676147184
21.35330603899999,107.14208323299977,SAT_10078,20.1523601741262,192.10702597945988,98.99048993497331,170.44903449232592,-64.83733986923399,29.994763487870582,35.0,0.12005003212577117,12.263018832652877
21.35330603899999,107.24208323299976,SAT_10078,20.14914070394275,192.08891645967796,98.99012993449242,170.4499071117167,-64.84055933941744,29.993369627731674,35.0,0.12006334750353206,12.263958507928884
21.35330603899999,107.34208323299976,SAT_10078,20.137277517921447,192.02218603830815,98.98880179878886,170.45312171157488,-64.85242252543874,29.988232436594735,35.0,0.12011241440314091,12.267420836055445
21.35330603899999,107.44208323299975,SAT_10078,20.11677904756786,191.9068821425692,98.98650096798129,170.45867308700878,-64.87292099579233,29.979351926276514,35.0,0.12019720500729608,12.273402630052768
21.35330603899999,107.54208323299974,SAT_10095,20.114542966422675,191.89430418612758,98.98632685712673,170.4615132066509,-64.87515707693751,29.979706132118103,35.0,0.12019371271907035,12.273156289685655
21.453306038999987,102.942083233,SAT_10094,19.722623824865806,189.68975901487016,98.9407874712706,170.5656724863616,-65.26707621849438,29.808223029816485,35.0,0.12182337140401293,12.387803390545264
21.453306038999987,103.042083233,SAT_10094,19.631973718904703,189.17985216883898,98.92984019645223,170.58983733105606,-65.35772632445548,29.768467898128357,35.0,0.12219921609631035,12.41415767543147
21.453306038999987,103.142083233,SAT_10094,19.533040270702855,188.62335152270356,98.9177019068346,170.6161232955968,-65.45665977265733,29.72497113410328,35.0,0.1226096124381436,12.442897998725684
21.453306038999987,103.24208323299999,SAT_10094,19.425887292743454,188.02061602168195,98.90432481495718,170.64449118893432,-65.56381275061673,29.677732837862692,35.0,0.12305434848821,12.474000051056887
21.453306038999987,103.34208323299998,SAT_10078,19.375015059401292,187.7344597091323,98.89784857479069,170.65690342629506,-65.6146849839589,29.654684279373527,35.0,0.12327184304257274,12.489193993994794
21.453306038999987,103.44208323299998,SAT_10078,19.440385275686523,188.1021671757367,98.90610980588096,170.63963901666023,-65.54931476767366,29.68355354706384,35.0,0.12300038989297085,12.470228908184305
21.453306038999987,103.54208323299997,SAT_10078,19.497315809498417,188.4224014284286,98.91323005862796,170.62457153897992,-65.49238423386177,29.7086554792564,35.0,0.1227640592869871,12.453704114851263
21.453306038999987,103.64208323299997,SAT_10078,19.545768904851485,188.6949500897896,98.91923628692115,170.61172420133144,-65.4439311385087,29.729990018310044,35.0,0.12256297649179489,12.439633978995511
21.453306038999987,103.74208323299996,SAT_10078,19.585712141348367,188.91963079508457,98.92415092928093,170.60111694137052,-65.40398790201182,29.747557115236827,35.0,0.12239724901120384,12.428030826866928
21.453306038999987,103.84208323299995,SAT_10078,19.617118592617445,189.09629208347314,98.92799214420333,170.59276632456408,-65.37258145074274,29.761356729701077,35.0,0.12226696608798228,12.418904889791754
21.453306038999987,103.94208323299995,SAT_10078,19.639966959182118,189.22481414539942,98.93077399805061,170.58668545878635,-65.34973308417807,29.771388830018576,35.0,0.12217219828751419,12.412264257122782
21.453306038999987,104.04208323299994,SAT_10078,19.65424167438698,189.30510941842678,98.93250660901461,170.582883926195,-65.3354583689732,29.777653393155937,35.0,0.12211299716653293,12.408114838767613
21.453306038999987,104.14208323299994,SAT_10078,19.659932982274157,189.33712302529213,98.93319624981294,170.58136773312557,-65.32976706108603,29.780150404730147,35.0,0.12208939502994011,12.406460337660667
21.453306038999987,104.24208323299993,SAT_10078,19.65703698658811,189.32083304955813,98.93284541099264,170.58213927855275,-65.33266305677208,29.77887985900829,35.0,0.12210140477793566,12.407302232449679
21.453306038999987,104.34208323299993,SAT_10078,19.645555670388944,189.25625064593783,98.93145282598765,170.58519734146574,-65.34414437297124,29.77384175890742,35.0,0.12214901984486629,12.41063977056805
21.453306038999987,104.44208323299992,SAT_10078,19.62549688606697,189.14341998412672,98.92901345838123,170.59053708729576,-65.36420315729322,29.765036115994636,35.0,0.12223221423035664,12.416469971761744
21.453306038999987,104.54208323299991,SAT_10078,19.596874315863857,188.9824180267342,98.9255184511445,170.5981500933255,-65.39282572749633,29.752462950487292,35.0,0.12235094262243568,12.42478764203568
21.453306038999987,104.64208323299991,SAT_10078,19.55970740331857,188.77335414366695,98.92095503693325,170.60802439280195,-65.42999264004162,29.73612229125341,35.0,0.12250514061152383,12.435585397881551
21.453306038999987,104.7420832329999,SAT_10078,19.51402125636514,188.5163695670539,98.91530640781103,170.62014453726576,-65.47567878699505,29.716014175812248,35.0,0.12269472499331789,12.448853700548224
21.453306038999987,104.8420832329999,SAT_10078,19.459846523095777,188.21163669241378,98.90855154200156,170.63449167642239,-65.52985352026441,29.692138650335046,35.0,0.12291959415781488,12.464580900019255
21.453306038999987,104.94208323299989,SAT_10094,19.545937509895595,188.69589849316273,98.91929574171661,170.612701716542,-65.4437625334646,29.73064792270751,35.0,0.12255609976863624,12.439152639861462
21.453306038999987,105.04208323299989,SAT_10094,19.628644257737704,189.1611239497746,98.92943496224463,170.59072342110193,-65.36105578562248,29.767005924202582,35.0,0.12221302386394019,12.415125264859194
21.453306038999987,105.14208323299988,SAT_10094,19.703028177143935,189.57953349643466,98.93843497109557,170.5709026265087,-65.28667186621625,29.79963734787094,35.0,0.12190460147931116,12.393501986099174
21.453306038999987,105.24208323299987,SAT_10094,19.76904014371098,189.95085080837427,98.94632951095451,170.553269544565,-65.2206598996492,29.828542118512615,35.0,0.12163099549222155,12.374301478104584
21.453306038999987,105.34208323299987,SAT_10094,19.82663603961707,190.27482772284603,98.95314767516467,170.5378513251457,-65.16306400374312,29.853720169519757,35.0,0.1213923520636784,12.35754049605349
21.453306038999987,105.44208323299986,SAT_10094,19.875776965407866,190.55124543041927,98.95891421323356,170.52467192012182,-65.11392307795232,29.875171442875363,35.0,0.12118879997370242,12.343233800732174
21.453306038999987,105.54208323299986,SAT_10094,19.916429429325348,190.77991553995508,98.96364978606225,170.51375196159142,-65.07327061403484,29.89289588915215,35.0,0.12102045002935102,12.331394091566228
21.453306038999987,105.64208323299985,SAT_10094,19.9485655122607,190.96068100646644,98.96737117570338,170.50510865569856,-65.04113453109949,29.906893467511612,35.0,0.12088739455049685,12.322031948362035
21.453306038999987,105.74208323299985,SAT_10094,19.972163006639093,191.0934169123449,98.97009145351004,170.49875569316816,-65.0175370367211,29.917164145703218,35.0,0.12078970693796062,12.315155782318197
21.453306038999987,105.84208323299984,SAT_10094,19.987205527785846,191.1780310937954,98.97182010971332,170.49470317752645,-65.00249451557434,29.923707900063803,35.0,0.12072744132791426,12.310771796783788
21.453306038999987,105.94208323299983,SAT_10094,19.993682596599314,191.21446460587114,98.97256314673311,170.4929575717924,-64.99601744676087,29.926524715517107,35.0,0.12070063233572048,12.308883958149853
21.453306038999987,106.04208323299983,SAT_10094,19.99158969265345,191.20269202117566,98.97232313786157,170.49352166422557,-64.99811035070674,29.925614585573477,35.0,0.12070929489157625,12.309493977163063
21.453306038999987,106.14208323299982,SAT_10094,19.980928277158398,191.142721559016,98.97109925234192,170.49639455351388,-65.00877176620179,29.920977512329756,35.0,0.12075342416948703,12.312601300848181
21.453306038999987,106.24208323299982,SAT_10094,19.96170578553462,191.03459504363224,98.96888724727727,170.5015716535645,-65.02799425782557,29.912613506469313,35.0,0.12083299561023383,12.318203115120149
21.453306038999987,106.34208323299981,SAT_10094,19.933935589680786,190.87838769195443,98.96567942622933,170.50904471784372,-65.0557644536794,29.90052258726225,35.0,0.12094796503811917,12.326294358059814
21.453306038999987,106.4420832329998,SAT_10078,19.944040906032967,190.93523009643545,98.96681178545477,170.50529581603507,-65.04565913732722,29.904319846197943,35.0,0.12091210655854205,12.323771060931552
21.453306038999987,106.5420832329998,SAT_10078,20.001027509023118,191.25577973825506,98.97336847023442,170.4899460647727,-64.98867253433707,29.929111936872506,35.0,0.1206761842083871,12.30716222222847
21.453306038999987,106.6420832329998,SAT_10078,20.049485187690095,191.52835418075682,98.97889654677434,170.47686952488337,-64.94021485567009,29.950163415942356,35.0,0.12047562938483573,12.293033117344244
21.453306038999987,106.74208323299979,SAT_10078,20.089380241696688,191.75276385954385,98.98341555780313,170.4660869767727,-64.9003198016635,29.967474234968375,35.0,0.12031055344725478,12.281396506411934
21.453306038999987,106.84208323299978,SAT_10078,20.12068471511202,191.9288515225051,98.98694130944547,170.45761566568328,-64.86901532824817,29.98104435412012,35.0,0.12018104872138619,12.272262967963622
21.453306038999987,106.94208323299978,SAT_10078,20.143376537584558,192.05649302391313,98.98948602829603,170.4514692106477,-64.84632350577563,29.99087374217505,35.0,0.12008718806220259,12.265640849240778
21.453306038999987,107.04208323299977,SAT_10078,20.15743963667984,192.1355979563241,98.99105848168671,170.44765753199817,-64.83226040668035,29.99696237651794,35.0,0.12002902450673912,12.26153622669338
21.453306038999987,107.14208323299977,SAT_10078,20.162864020182838,192.16611011352845,98.99166406326127,170.4461867982349,-64.82683602317735,29.999310243140403,35.0,0.12000659102013181,12.259952877062728
21.453306038999987,107.24208323299976,SAT_10078,20.159645827476083,192.14800777955296,98.99130484534379,170.44705939284813,-64.8300542158841,29.997917336640647,35.0,0.12001990033724558,12.260892259339387
21.453306038999987,107.34208323299976,SAT_10078,20.147787349430075,192.08130384054417,98.98997959900296,170.45027390147283,-64.84191269393011,29.992783660223367,35.0,0.12006894490138587,12.264353507779266
21.453306038999987,107.44208323299975,SAT_10078,20.127297016598945,191.96604571836906,98.9876837821574,170.45582511951164,-64.86240302676124,29.98390922569979,35.0,0.12015369690067364,12.270333436048714
21.453306038999987,107.54208323299974,SAT_10095,20.132179497253176,191.9935096720491,98.98830865633579,170.45673830024103,-64.85752054610701,29.987349445692125,35.0,0.12012077757287722,12.268010913985234
21.453306038999987,107.64208323299974,SAT_10095,20.146988174471943,192.07680848140467,98.98996718333042,170.4527267241603,-64.84271186888824,29.99376438148062,35.0,0.1200595424057686,12.263689983802786
21.453306038999987,107.74208323299973,SAT_10095,20.153168011154094,192.11157006274178,98.99065814853033,170.45105202960093,-64.8365320322061,29.996440642278404,35.0,0.12003398973204904,12.261886655151514
21.553306038999985,103.042083233,SAT_10094,19.62708129097031,189.15233226170798,98.92925227928042,170.59113934762624,-65.36261875238988,29.76631957755396,35.0,0.12221950580298947,12.41557947651461
21.553306038999985,103.142083233,SAT_10094,19.528228481525346,188.59628520858007,98.91711536136984,170.6173994479534,-65.46147156183484,29.722852706340838,35.0,0.12262957824616086,12.444295241976109
21.553306038999985,103.24208323299999,SAT_10094,19.42116251634593,187.99403915444586,98.9037398424135,170.64573960345712,-65.56853752701426,29.675646874349656,35.0,0.12307396436776043,12.475370833539033
21.553306038999985,103.34208323299998,SAT_10094,19.305951186638254,187.3459754248402,98.88907174263443,170.67611821907153,-65.68374885672193,29.62470219027336,35.0,0.1235524387633958,12.50878038916037
21.553306038999985,103.44208323299998,SAT_10078,19.337020817742186,187.5207420997998,98.89301616035988,170.666919777065,-65.652679225618,29.637882392090198,35.0,0.12342965897432519,12.500212181668877
21.553306038999985,103.54208323299997,SAT_10078,19.393758999294278,187.8398943710303,98.90023767091107,170.6519571237655,-65.59594104406591,29.66296714566119,35.0,0.12319399831791583,12.483757067643676
21.553306038999985,103.64208323299997,SAT_10078,19.442047716896624,188.1115184075435,98.90632889776684,170.63919945068147,-65.54765232646356,29.684287084353194,35.0,0.1229934877415343,12.469746472393759
21.553306038999985,103.74208323299996,SAT_10078,19.481854980654163,188.33543426617967,98.91131280688417,170.6286664200269,-65.50784506270602,29.701842159198513,35.0,0.12282823339056392,12.45819256848709
21.553306038999985,103.84208323299995,SAT_10078,19.513154223311588,188.5114925061277,98.91520798158669,170.62037436738578,-65.4765458200486,29.715632329878137,35.0,0.1226983233764378,12.44910545916451
21.553306038999985,103.94208323299995,SAT_10078,19.53592443046712,188.63957492137754,98.91802881608481,170.61433621807254,-65.45377561289307,29.725657564720944,35.0,0.1226038273676341,12.442493132173844
21.553306038999985,104.04208323299994,SAT_10078,19.550150244371437,188.71959512458935,98.91978566372295,170.6105614204218,-65.43954979898875,29.731917840703062,35.0,0.12254479626427815,12.438361423005748
21.553306038999985,104.14208323299994,SAT_10078,19.5558220402324,188.75149897630726,98.92048494271543,170.60905589672842,-65.43387800312779,29.734413143447423,35.0,0.12252126195928575,12.436713987887511
21.553306038999985,104.24208323299993,SAT_10078,19.552935974230635,188.73526485504735,98.92012920131744,170.60982201236615,-65.43676406912955,29.733143467223478,35.0,0.12253323718821908,12.43755228679865
21.553306038999985,104.34208323299993,SAT_10078,19.541494002734353,188.67090376538073,98.91871714361974,170.61285856342857,-65.44820604062583,29.728108814947078,35.0,0.12258071546922712,12.440875576675104
21.553306038999985,104.44208323299992,SAT_10078,19.521503872516917,188.55845928290768,98.91624361643659,170.6181607830212,-65.46819617084327,29.719309198180536,35.0,0.12266367113362064,12.446680914868972
21.553306038999985,104.54208323299991,SAT_10078,19.49297908207626,188.39800733667894,98.91269955704814,170.62572036614029,-65.49672096128393,29.706744637132857,35.0,0.12278205944680216,12.454963172829704
21.553306038999985,104.64208323299991,SAT_10078,19.455938814465185,188.18965583136665,98.90807190084575,170.6355255128645,-65.533761228895,29.690415160660137,35.0,0.12293581681844366,12.4657150598722
21.553306038999985,104.7420832329999,SAT_10078,19.41040784233789,187.93354411315062,98.90234344718579,170.6475609893893,-65.5792922010223,29.67032080626613,35.0,0.12312486109999843,12.478927156799147
21.553306038999985,104.8420832329999,SAT_10094,19.507538275441718,188.47990279935968,98.91454943349123,170.6228843387982,-65.48216176791847,29.713740629722793,35.0,0.12271543501137483,12.450302623831682
21.553306038999985,104.94208323299989,SAT_10094,19.598577037054767,188.99199583343307,98.92577321122319,170.59872074082773,-65.39112300630542,29.75379751026448,35.0,0.12233772820458005,12.423862047537586
21.553306038999985,105.04208323299989,SAT_10094,19.681341911147456,189.45754825020444,98.9358294536738,170.57668659267037,-65.30835813221273,29.79013046408369,35.0,0.12199450779785789,12.399807495828197
21.553306038999985,105.14208323299988,SAT_10094,19.755778744379754,189.8762554371361,98.94475636872662,170.55681518455583,-65.23392129898043,29.82273940742803,35.0,0.12168595344002334,12.378159568412611
21.553306038999985,105.24208323299987,SAT_10094,19.82183817850681,190.2478397541008,98.95258722796656,170.5391368804706,-65.16786186485338,29.851624265134472,35.0,0.12141222872823966,12.358937020789002
21.553306038999985,105.34208323299987,SAT_10094,19.87947588417738,190.57205184849778,98.95935072170165,170.52367896805717,-65.1102241591828,29.87678497062788,35.0,0.12117348047239028,12.34215668128113
21.553306038999985,105.44208323299986,SAT_10094,19.928652774241215,190.84867185510683,98.96507125891236,170.51046552151257,-65.06104726911897,29.898221465919743,35.0,0.1209698380266023,12.32783337549954
21.553306038999985,105.54208323299986,SAT_10094,19.969335194449343,191.07751046877758,98.96976921789054,170.49951727889496,-65.02036484891084,29.91593370160704,35.0,0.12080141269371056,12.315979858929225
21.553306038999985,105.64208323299985,SAT_10094,20.00149508961391,191.25840987907824,98.97346115226202,170.49085153512755,-64.98820495374628,29.929921636871313,35.0,0.12066829720791777,12.306606758282127
21.553306038999985,105.74208323299985,SAT_10094,20.02511014351532,191.3912445572737,98.97615995616607,170.48448205184332,-64.96458989984487,29.940185239477866,35.0,0.12057056530028985,12.299722522179133
21.553306038999985,105.84208323299984,SAT_10094,20.04016389109121,191.47592188738807,98.97787499156038,170.48041898505,-64.94953615226898,29.946724485775146,35.0,0.12050827135103583,12.295333381643092
21.553306038999985,105.94208323299983,SAT_10094,20.046645801725617,191.5123826347066,98.97861217990405,170.47866883140455,-64.94305424163457,29.94953936069429,35.0,0.12048145013176693,12.29344332079255
21.553306038999985,106.04208323299983,SAT_10094,20.04455133274513,191.50060124669136,98.97837405982106,170.47923439369555,-64.94514871061506,29.94862985774883,35.0,0.12049011664012294,12.294054058028209
21.553306038999985,106.14208323299982,SAT_10094,20.033881952553003,191.44058598311062,98.97715981174422,170.48211476591322,-64.95581809080718,29.94399597903459,35.0,0.120534266028306,12.297165037900234
21.553306038999985,106.24208323299982,SAT_10094,20.0146451331466,191.33237887394964,98.9749652499641,170.48730533807884,-64.97505491021359,29.935637735229683,35.0,0.12061387362619018,12.302773433738235
21.553306038999985,106.34208323299981,SAT_10094,19.986854312103787,191.1760555055838,98.97178278194653,170.49479782077495,-65.0028457312564,29.92355514559476,35.0,0.12072889505879054,12.310874161017415
21.553306038999985,106.4420832329998,SAT_10094,19.950528824444376,190.9717246374996,98.96760133421525,170.50458028910532,-65.03917121891581,29.907748237973365,35.0,0.12087926645699537,12.321459901326858
21.553306038999985,106.5420832329998,SAT_10078,20.0016599518831,191.25933722934244,98.97344370573133,170.48977553988024,-64.98804009147709,29.929386867417122,35.0,0.12067356633317636,12.306977852680792
21.553306038999985,106.6420832329998,SAT_10078,20.05008513054787,191.5317288593318,98.9789669365186,170.47670748825016,-64.93961491281232,29.950423875670282,35.0,0.12047314669933053,12.292858153533107
21.553306038999985,106.74208323299979,SAT_10078,20.089953397182796,191.75598785915324,98.98348200828025,170.46593195855883,-64.89974664617739,29.96772279522978,35.0,0.1203081821357524,12.28122930071259
21.553306038999985,106.84208323299978,SAT_10078,20.121236832103605,191.9319571805828,98.98700470019686,170.45746617371987,-64.86846321125658,29.981283586283702,35.0,0.1201787648481041,12.272101858972304
21.553306038999985,106.94208323299978,SAT_10078,20.143913393676144,192.0595128394283,98.98954721814201,170.45132373506658,-64.84578664968404,29.99110621762404,35.0,0.12008496759628333,12.265484164645212
21.553306038999985,107.04208323299977,SAT_10078,20.15796703043577,192.13856454620122,98.99111831465488,170.44751455000204,-64.83173301292442,29.99719066664607,35.0,0.12002684334793602,12.261382286220522
21.553306038999985,107.14208323299977,SAT_10078,20.163387763228428,192.1690561681599,98.99172337430623,170.4460447789715,-64.82631228013176,29.999536919347932,35.0,0.12000442502499466,12.2597999954832
21.553306038999985,107.24208323299976,SAT_10078,20.160171736486774,192.1509660177381,98.99136446593965,170.44691680235073,-64.82952830687341,29.998144970330348,35.0,0.12001772534561878,12.260738749507418
21.553306038999985,107.34208323299976,SAT_10078,20.148321238084677,192.08430696422633,98.99004036268751,170.45012920762264,-64.84137880527551,29.99301482279651,35.0,0.12006673676302763,12.264197683686362
21.553306038999985,107.44208323299975,SAT_10078,20.12784468755237,191.96912636748206,98.98774653010472,170.455676796989,-64.86185535580782,29.984146488552167,35.0,0.12015143150180327,12.270173615869185
21.553306038999985,107.54208323299974,SAT_10095,20.139851067309465,192.03666225361573,98.98916947505475,170.45466038100156,-64.84984897605072,29.99067299909027,35.0,0.12008905433614293,12.26577253980329
21.553306038999985,107.64208323299974,SAT_10095,20.154652664741917,192.1199212391733,98.99082500802878,170.45064964428758,-64.83504737861827,29.99708352394344,35.0,0.12002785104852945,12.261453407225599
21.553306038999985,107.74208323299973,SAT_10095,20.160829546979684,192.15466620176073,98.99151472728617,170.44897530036428,-64.8288704963805,29.99975794453422,35.0,0.12000231167771386,12.259650828872736
21.553306038999985,107.84208323299973,SAT_10095,20.158377327123475,192.14087246506955,98.99124099024587,170.44964005767852,-64.83132271623671,29.998696254705617,35.0,0.12001245069315751,12.260366462570651
21.553306038999985,107.94208323299972,SAT_10095,20.147297747326874,192.07854982871368,98.99000286171089,170.45264284061614,-64.84240229603331,29.993898456901817,35.0,0.12005826234879567,12.263599649970194
21.653306038999986,103.042083233,SAT_10094,19.612356216073422,189.069503715413,98.92746491488755,170.59505677646428,-65.37734382728677,29.75985195298874,35.0,0.12228057632380075,12.419858427487426
21.653306038999986,103.142083233,SAT_10094,19.513609845278665,188.5140553796925,98.91531251961817,170.6212751994159,-65.47609019808152,29.71641509455554,35.0,0.12269023924641119,12.448539853974767
21.653306038999986,103.24208323299999,SAT_10094,19.406658579291758,187.91245450851613,98.90191982405592,170.6495706576881,-65.58304146406843,29.669241857103437,35.0,0.12313418349322876,12.479578479990536
21.653306038999986,103.34208323299998,SAT_10094,19.291570007062248,187.26508128972515,98.8872327448301,170.67990168336124,-65.69813003629794,29.61833234927525,35.0,0.12361218431498106,12.512948517896975
21.653306038999986,103.44208323299998,SAT_10078,19.22419792314618,186.88611331769727,98.87845876221299,170.6965853105072,-65.76550212021401,29.58789200396595,35.0,0.12389847428167684,12.532910339391075
21.653306038999986,103.54208323299997,SAT_10078,19.28073141243665,187.2041141949562,98.88579450672152,170.68173497423047,-65.70896863092354,29.612959509570246,35.0,0.12366352495958734,12.51652964130373
21.653306038999986,103.64208323299997,SAT_10078,19.328845206955933,187.47475428912713,98.89198161573353,170.66907337030278,-65.66085483640425,29.634264788963556,35.0,0.12346362196212067,12.502582633102902
21.653306038999986,103.74208323299996,SAT_10078,19.36850777496214,187.69785623416203,98.89704365479025,170.65861986792316,-65.62119226839805,29.65180779319833,35.0,0.12329886998619076,12.491081323687018
21.653306038999986,103.84208323299995,SAT_10078,19.39969293134618,187.8732727388223,98.90099969005452,170.6503905581498,-65.590007112014,29.665588481972136,35.0,0.12316935593701234,12.48203567989932
21.653306038999986,103.94208323299995,SAT_10078,19.422379965039553,188.0008873033475,98.90386448829102,170.64439817212403,-65.56732007832063,29.67560682362687,35.0,0.12307514852686001,12.475453581296627
21.653306038999986,104.04208323299994,SAT_10078,19.436553740565188,188.0806147906792,98.90564867002854,170.64065201585404,-65.553146302795,29.681862795148128,35.0,0.12301629795587843,12.471340784133204
21.653306038999986,104.14208323299994,SAT_10078,19.442204772684633,188.11240184635105,98.90635881878289,170.63915792225632,-65.54749527067555,29.68435638216475,35.0,0.12299283567780012,12.469700894906182
21.653306038999986,104.24208323299993,SAT_10078,19.439329273365473,188.0962271626808,98.9059975483693,170.6399182209716,-65.55037076999471,29.68308757894854,35.0,0.12300477425268445,12.470535353718986
21.653306038999986,104.34208323299993,SAT_10078,19.42792917057865,188.03210158450494,98.90456352954318,170.6429317262828,-65.56177087278154,29.67805638841416,35.0,0.1230521072880128,12.473843427624892
21.653306038999986,104.44208323299992,SAT_10078,19.408012098728022,187.92006805534513,98.90205147645797,170.64819374326686,-65.58168794463216,29.669262822119162,35.0,0.12313480946867565,12.479622214015796
21.653306038999986,104.54208323299991,SAT_10078,19.379591360814004,187.76020140457877,98.89845209269191,170.65569609211178,-65.61010868254618,29.656706900264247,35.0,0.12325283667557896,12.48786665402307
21.653306038999986,104.64208323299991,SAT_10094,19.343622522987147,187.5578766918027,98.89391134263239,170.66619851693955,-65.64607752037304,29.641376665481207,35.0,0.12339595728945747,12.49785971162524
21.653306038999986,104.7420832329999,SAT_10094,19.45107386698396,188.1622905017848,98.90751113158989,170.6378327485345,-65.53862617637623,29.688848233366922,35.0,0.12294978950491525,12.466691871703738
21.653306038999986,104.8420832329999,SAT_10094,19.550370416014573,188.72083359008195,98.91986010608655,170.61152533178674,-65.43932962734561,29.732598645296857,35.0,0.12253770779290414,12.437865233062828
21.653306038999986,104.94208323299989,SAT_10094,19.641448976391786,189.2331504922038,98.93100707637697,170.58731505945116,-65.3482510669684,29.77262780038433,35.0,0.12215992214912574,12.41140388575245
21.653306038999986,105.04208323299989,SAT_10094,19.724250642686854,189.69890986511356,98.94099508724636,170.56523812276532,-65.26544940067333,29.808935606331193,35.0,0.12181662812160071,12.387330256117604
21.653306038999986,105.14208323299988,SAT_10094,19.798721066989955,190.1178060018185,98.94986189797831,170.5453279390089,-65.19097897637023,29.841521979426034,35.0,0.1215080059561427,12.365665010831218
21.653306038999986,105.24208323299987,SAT_10094,19.864810712271762,190.48956025652868,98.95764039295187,170.5276149890089,-65.12488933108843,29.87038684454258,35.0,0.12123421979634395,12.346426966825765
21.653306038999986,105.34208323299987,SAT_10094,19.922475087444823,190.81392236687714,98.96435893119724,170.5121266661859,-65.06722495591536,29.89553013513826,35.0,0.12099541694470123,12.329633007923018
21.653306038999986,105.44208323299986,SAT_10094,19.971674961837564,191.09067166033628,98.9700416417851,170.49888713866366,-65.01802508152262,29.916951793252903,35.0,0.12079172719115423,12.315298008920717
21.653306038999986,105.54208323299986,SAT_10094,20.012376556947544,191.31961813282996,98.97470867069805,170.48791722586273,-64.97732348641264,29.934651769507656,35.0,0.12062326221486343,12.303434767842699
21.653306038999986,105.64208323299985,SAT_10094,20.044551713526175,191.50060338858475,98.97837638378662,170.47923429087828,-64.94514832983401,29.948630023104005,35.0,0.12049011506451561,12.294053946995218
21.653306038999986,105.74208323299985,SAT_10094,20.06817803226818,191.6335014315085,98.98105752951086,170.47285214979502,-64.92152201109201,29.958886521823015,35.0,0.12039235972182759,12.287164023398178
21.653306038999986,105.84208323299984,SAT_10094,20.08323898663494,191.71821929982156,98.98276136437937,170.46878099892172,-64.90646105672525,29.965421242024686,35.0,0.12033005075222247,12.282771249076
21.653306038999986,105.94208323299983,SAT_10094,20.08972400661297,191.75469753719796,98.98349374329545,170.46702736074792,-64.89997603674722,29.968234168647527,35.0,0.12030322304589507,12.280879621600926
21.653306038999986,106.04208323299983,SAT_10094,20.087628532515865,191.74291049540173,98.9832571763833,170.46759404921843,-64.90207151084432,29.967325295208237,35.0,0.12031189165166963,12.281490865182462
21.653306038999986,106.14208323299982,SAT_10094,20.07695403824728,191.68286646514096,98.98205085327432,170.47048015471657,-64.91274600511291,29.96269462380161,35.0,0.12035605170520104,12.284604422492746
21.653306038999986,106.24208323299982,SAT_10094,20.057708023777636,191.57460763374922,98.97987063527155,170.4756810489208,-64.93199201958255,29.954342165100552,35.0,0.12043567845219215,12.29021745731012
21.653306038999986,106.34208323299981,SAT_10094,20.029903976914326,191.41820987014307,98.97670901525731,170.48318840948156,-64.95979606644586,29.942267938356295,35.0,0.12055072736640914,12.298324867954195
21.653306038999986,106.4420832329998,SAT_10094,19.993561304775994,191.21378233936497,98.97255504465406,170.4929902642441,-64.9961387385842,29.926471971398765,35.0,0.12070113436139146,12.308919311377464
21.653306038999986,106.5420832329998,SAT_10078,19.992356137761135,191.20700327490638,98.97238051099627,170.4922837365661,-64.99734390559905,29.925341911977625,35.0,0.1207120785943611,12.30969000241623
21.653306038999986,106.6420832329998,SAT_10078,20.04073562740193,191.47913790413585,98.97790624477275,170.47923227845575,-64.94896441595826,29.946364391363595,35.0,0.12051183777729936,12.295584691088802
21.653306038999986,106.74208323299979,SAT_10078,20.08056620443834,191.70318489996566,98.98242336027148,170.4684704688532,-64.90913383892185,29.963651363721475,35.0,0.12034702063803196,12.283967713152089
21.653306038999986,106.84208323299978,SAT_10078,20.11182001841803,191.87898760360142,98.98594764520642,170.4600154870625,-64.87788002494216,29.977202789257788,35.0,0.1202177191601461,12.274849607977314
21.653306038999986,106.94208323299978,SAT_10078,20.134475082559064,192.00642233939476,98.9884913120769,170.45388089985,-64.85522496080112,29.987018636778974,35.0,0.12012400592776512,12.268238691802337
21.653306038999986,107.04208323299977,SAT_10078,20.148515385450693,192.08539904316015,98.99006311818697,170.4500765893691,-64.8411846579095,29.993098883690777,35.0,0.1200659337802795,12.264141018450882
21.653306038999986,107.14208323299977,SAT_10078,20.153930972886315,192.1158617224855,98.99066845104451,170.44860870033486,-64.83576907047387,29.995443515997824,35.0,0.12004353555977952,12.262560350577052
21.653306038999986,107.24208323299976,SAT_10078,20.150717998947144,192.0977887440777,98.99030938062285,170.44947960703834,-64.83898204441304,29.994052528303328,35.0,0.1200568239535551,12.263498141724472
21.653306038999986,107.34208323299976,SAT_10078,20.138878745780787,192.03119294501693,98.98898467938429,170.45268790057375,-64.8508212975794,29.98892592380901,35.0,0.12010579143314486,12.266953529381508
21.653306038999986,107.44208323299975,SAT_10078,20.118421611862203,191.91612156672488,98.98668981040947,170.45822839641946,-64.87127843149798,29.980063714315143,35.0,0.12019041029051064,12.272923339103173
21.753306038999987,102.74208323300002,SAT_10094,19.833874084277127,190.31554172405887,98.95401466633867,170.5359115308461,-65.15582595908306,29.856881537369343,35.0,0.12136236714216384,12.35543359846414
21.753306038999987,102.942083233,SAT_10094,19.678166313263233,189.4396855121057,98.93546003524946,170.57753319243523,-65.31153373009695,29.788737877396667,35.0,0.1220076739823685,12.400730741076034
21.753306038999987,103.042083233,SAT_10094,19.58780999330024,188.93143121231387,98.92447103605953,170.60158253669562,-65.40189005005995,29.74906503857333,35.0,0.12238238958238386,12.426990162355283
21.753306038999987,103.142083233,SAT_10094,19.489195676033177,188.37672567768664,98.91228618371937,170.62774358666297,-65.50050436732701,29.70565831282333,35.0,0.12279155795051638,12.45562753553685
21.753306038999987,103.24208323299999,SAT_10094,19.382386598669456,187.7759246175157,98.89885741629534,170.65597751336935,-65.60731344469073,29.658517800129697,35.0,0.12323496900351058,12.486618762447574
21.753306038999987,103.34208323299998,SAT_10094,19.267450073610235,187.12940666405757,98.88413041665235,170.6862430236309,-65.72224996974995,29.607643609085383,35.0,0.12371239888273539,12.519938156321697
21.753306038999987,103.44208323299998,SAT_10094,19.144457192163784,186.4375717059213,98.86804397250559,170.7184965492232,-65.8452428511964,29.55303585689536,35.0,0.12422361090435834,12.555558547964198
21.753306038999987,103.54208323299997,SAT_10078,19.15831483242262,186.51552093237726,98.86983296059235,170.71385492309946,-65.83138521093757,29.558632680349202,35.0,0.12417236713733953,12.551990601049972
21.753306038999987,103.64208323299997,SAT_10078,19.206243627829025,186.78512040653828,98.87612761070034,170.70129549301646,-65.78345641553116,29.579923241535322,35.0,0.12397310558589066,12.538111058464137
21.753306038999987,103.74208323299996,SAT_10078,19.245753166442213,187.00736156123745,98.88127727260623,170.6909265689855,-65.74394687691797,29.597454126653982,35.0,0.12380888399289071,12.52666555059357
21.753306038999987,103.84208323299995,SAT_10078,19.276817666635793,187.18209937482635,98.88530155846438,170.6827639840191,-65.7128823767244,29.61122529541924,35.0,0.12367978798716371,12.517663900137391
21.753306038999987,103.94208323299995,SAT_10078,19.29941673758472,187.30921914891405,98.88821565624491,170.67682026436668,-65.69028330577547,29.62123671618594,35.0,0.1235858852692298,12.511113872325494
21.753306038999987,104.04208323299994,SAT_10078,19.313535478461546,187.3886370663462,98.89003048851019,170.6731045658623,-65.67616456489864,29.627488365949098,35.0,0.12352722529862972,12.507021139686803
21.753306038999987,104.14208323299994,SAT_10078,19.31916455134541,187.42030060131793,98.8907528256204,170.6716226271207,-65.67053549201478,29.629980230343435,35.0,0.12350383906444329,12.50538925617305
21.753306038999987,104.24208323299993,SAT_10078,19.316300227093663,187.40418877740186,98.89038535549106,170.67237674008175,-65.67339981626652,29.628712303643095,35.0,0.12351573894105299,12.50621964088682
21.753306038999987,104.34208323299993,SAT_10078,19.304944403700674,187.3403122708163,98.88892671120001,170.6753657382194,-65.68475563965951,29.62368458876154,35.0,0.12356291863045092,12.509511571571196
21.753306038999987,104.44208323299992,SAT_10078,19.285104596949665,187.22871335784185,98.88637145695411,170.68058500254634,-65.70459544641052,29.61489709725161,35.0,0.12364535319160919,12.515262187924193
21.753306038999987,104.54208323299991,SAT_10094,19.26108512486917,187.0936038273891,98.88330632313419,170.68791553903847,-65.72861491849102,29.604821872675796,35.0,0.12373884635792051,12.521782405770434
21.753306038999987,104.64208323299991,SAT_10094,19.376642471476927,187.74361390205772,98.89812828136881,170.65749294812508,-65.61305757188326,29.655978887926477,35.0,0.12325882245462462,12.48828468923003
21.753306038999987,104.7420832329999,SAT_10094,19.48411164742079,188.34812801674192,98.91165248762952,170.6290898782451,-65.5055883959394,29.703417444398177,35.0,0.1228126582981372,12.457103303794339
21.753306038999987,104.8420832329999,SAT_10094,19.583425293174187,188.9067672741048,98.92393354069469,170.6027476480672,-65.406274750186,29.747137432667135,35.0,0.12240057792340303,12.42826395686252
21.753306038999987,104.94208323299989,SAT_10094,19.674520062711736,189.4191753527535,98.93501978166039,170.57850515039814,-65.31517998064845,29.787138751895842,35.0,0.12202279179270822,12.401790790353438
21.753306038999987,105.04208323299989,SAT_10094,19.757336907193988,189.8850201029662,98.94495384609081,170.55639867075877,-65.2323631361662,29.823421309831122,35.0,0.12167949589100391,12.377706279347553
21.753306038999987,105.14208323299988,SAT_10094,19.831821345197795,190.30399506673763,98.9537731378606,170.536461714285,-65.15787869816239,29.855985022802347,35.0,0.12137087086894674,12.356031135810797
21.753306038999987,105.24208323299987,SAT_10094,19.89792371700348,190.67582090814457,98.96151023459029,170.51872484260406,-65.09177632635671,29.88482981571983,35.0,0.12109708124057124,12.336784218231907
21.753306038999987,105.34208323299987,SAT_10094,19.955599420526113,191.00024674045937,98.96819323286891,170.503215522289,-65.03410062283407,29.909955622073404,35.0,0.12085827464224891,12.31998244797623
21.753306038999987,105.44208323299986,SAT_10094,20.00480912659205,191.27705133708028,98.97384604002768,170.48995798642187,-64.98489091676814,29.931362383931127,35.0,0.12065458115923369,12.305640733118164
21.753306038999987,105.54208323299986,SAT_10094,20.045518971416826,191.50604421421966,98.97848861802385,170.4789731106938,-64.94418107194336,29.949050051938176,35.0,0.12048611272564506,12.293771900462083
21.753306038999987,105.64208323299985,SAT_10094,20.07770072432548,191.68706657433083,98.98213718396475,170.47027830534984,-64.9119993190347,29.963018585315897,35.0,0.12035296260320033,12.284386636397558
21.753306038999987,105.74208323299985,SAT_10094,20.101331928982674,191.81999210052751,98.98480437091577,170.46388742413495,-64.88836811437751,29.973267951861033,35.0,0.12025520494338642,12.277493437160201
21.753306038999987,105.84208323299984,SAT_10094,20.116396016650754,191.9047275936605,98.98649935185938,170.45981069123218,-64.87330402670943,29.9797981279451,35.0,0.12019289443706417,12.273098568985295
21.753306038999987,105.94208323299983,SAT_10094,20.122882390272977,191.9412134452855,98.98722792898097,170.4580546469976,-64.86681765308721,29.98260909851392,35.0,0.12016606605473525,12.271206038548803
21.753306038999987,106.04208323299983,SAT_10094,20.120786478483325,191.9294239414687,98.98699258983036,170.4586221130934,-64.86891356487686,29.981700857087365,35.0,0.12017473487988574,12.271817573990928
21.753306038999987,106.14208323299982,SAT_10094,20.11010975896174,191.86936739415978,98.98579253132513,170.46151217740768,-64.87959028439845,29.977073405759196,35.0,0.12021889603696495,12.274932616712997
21.753306038999987,106.24208323299982,SAT_10094,20.090859750880682,191.76108609870383,98.98362365200613,170.46672019893174,-64.8988402924795,29.968726755197128,35.0,0.12029852471467464,12.28054832403022
21.753306038999987,106.34208323299981,SAT_10094,20.063049976526344,191.60465611796067,98.98047851241346,170.4742378325389,-64.92665006683384,29.956660924643028,35.0,0.1204135762843499,12.288659582653619
21.753306038999987,106.4420832329998,SAT_10094,20.026699892507523,191.40018689535484,98.97634626290257,170.48405307338817,-64.96300015085266,29.940875941913276,35.0,0.1205639865123233,12.299259032865455
21.753306038999987,106.5420832329998,SAT_10094,19.981834791292187,191.14782070101853,98.97121253765518,170.49615032045722,-65.007865252068,29.921371843399314,35.0,0.12074967186429135,12.312337103145802
21.753306038999987,106.6420832329998,SAT_10078,20.02144427558693,191.37062405017647,98.97571058638395,170.48443920650237,-64.96825576777326,29.937984971894082,35.0,0.12059167753853056,12.301209855626432
21.753306038999987,106.74208323299979,SAT_10078,20.06122631941436,191.59439804670578,98.9802357508149,170.473697781456,-64.92847372394583,29.955259949341126,35.0,0.12042704368812412,12.289608848142837
21.753306038999987,106.84208323299978,SAT_10078,20.0924419762879,191.76998611661944,98.98376629878655,170.46525885012983,-64.89725806707229,29.968801971960325,35.0,0.12029788624497617,12.280503302657804
21.753306038999987,106.94208323299978,SAT_10078,20.115069340172752,191.89726503847172,98.98631447685958,170.45913592801386,-64.87463070318744,29.9786110085725,35.0,0.120204277537423,12.273901506208652
21.753306038999987,107.04208323299977,SAT_10078,20.12909245862099,191.97614507974305,98.98788906672394,170.45533885980643,-64.8606075847392,29.98468703659381,35.0,0.12014627021823575,12.269809491308342
21.753306038999987,107.14208323299977,SAT_10078,20.13450141415055,192.00657045459684,98.98849547087384,170.45387376688896,-64.85519862920964,29.987030042035332,35.0,0.12012389701333745,12.268231007342663
21.853306038999985,102.74208323300002,SAT_10094,19.799128797899712,190.12009948818587,98.94992084302025,170.54521878675504,-65.19057124546048,29.84170021387424,35.0,0.12150631656954716,12.365546356010128
21.853306038999985,102.84208323300001,SAT_10094,19.72557998363571,189.70638740795087,98.94116693877382,170.5648831677778,-65.26412005972448,29.809517859529443,35.0,0.12181111794709351,12.386943633529045
21.853306038999985,102.942083233,SAT_10094,19.64367297498883,189.24566048431217,98.9312919463479,170.58672292013287,-65.34602706837136,29.773604046625152,35.0,0.12215069950298438,12.410757495360658
21.853306038999985,103.042083233,SAT_10094,19.553461727793433,188.73822221883808,98.92025849911029,170.61070486584515,-65.43623831556675,29.733958857892418,35.0,0.12252488230285806,12.436967425311158
21.853306038999985,103.142083233,SAT_10094,19.455004807093985,188.18440203990366,98.90802395999498,170.63679302058972,-65.5346952362662,29.690582384664552,35.0,0.12293347194237174,12.465551128398658
21.853306038999985,103.24208323299999,SAT_10094,19.348365118189648,187.5845537898168,98.89453994600089,170.66494876595883,-65.64133492517054,29.643474726878903,35.0,0.12337625940038463,12.49648462669024
21.853306038999985,103.34208323299998,SAT_10094,19.233609623865746,186.93905413424483,98.87975177370943,170.6951310302875,-65.75609041949444,29.592635993078787,35.0,0.12385302194093153,12.529742360344782
21.853306038999985,103.44208323299998,SAT_10094,19.110809050349772,186.2483009082175,98.86359781377406,170.72729647635703,-65.87889099301042,29.5380663004156,35.0,0.124363524056896,12.565297293012103
21.853306038999985,103.54208323299997,SAT_10078,19.026596098189955,185.77460305231853,98.85227607660237,170.74826375710458,-65.96310394517023,29.49998677682403,35.0,0.12472023563663155,12.590106729253048
21.853306038999985,103.64208323299997,SAT_10078,19.07433030854763,186.0431079855804,98.8586908217499,170.73581229275237,-65.91536973481256,29.52126256092285,35.0,0.12452164783217423,12.576298355150866
21.853306038999985,103.74208323299996,SAT_10078,19.11367889069885,186.26444376018102,98.86393832617232,170.7255327375759,-65.87602115266134,29.538781278443196,35.0,0.12435798333198078,12.564911710196661
21.853306038999985,103.84208323299995,SAT_10078,19.144616486096453,186.43846773429257,98.86803881719509,170.71744065417408,-65.84508355726373,29.552542889115532,35.0,0.12422932642317872,12.555956465781998
21.853306038999985,103.94208323299995,SAT_10078,19.167123039682764,186.56506709821554,98.87100795726853,170.71154835410428,-65.82257700367742,29.562547361307594,35.0,0.12413574374285169,12.549440267137893
21.853306038999985,104.04208323299994,SAT_10078,19.181183896638174,186.64415941858974,98.87285700913924,170.70786483585402,-65.80851614672201,29.56879467202375,35.0,0.12407728397215284,12.545368698919592
21.853306038999985,104.14208323299994,SAT_10078,19.18678987348379,186.6756930383463,98.87359295359086,170.70639573923688,-65.8029101698764,29.57128480690457,35.0,0.12405397761182374,12.543745259932265
21.853306038999985,104.24208323299993,SAT_10078,19.183937302813575,186.65964732832637,98.87321856198595,170.7071433166935,-65.80576274054661,29.570017760226534,35.0,0.12406583684110964,12.544571347238536
21.853306038999985,104.34208323299993,SAT_10078,19.172628051195574,186.5960327879751,98.8717324249725,170.710106421805,-65.81707199216461,29.564993534901923,35.0,0.12411285546132857,12.547846249800228
21.853306038999985,104.44208323299992,SAT_10094,19.160804356772488,186.52952450684526,98.87021625711924,170.71421760607006,-65.8288956865877,29.56030380894671,35.0,0.12415564615344274,12.55082624331091
21.853306038999985,104.54208323299991,SAT_10094,19.284366524655184,187.2245617011854,98.88632872890798,170.68179609751462,-65.705333518705,29.615140826826508,35.0,0.12364211234056922,12.515036135676313
21.853306038999985,104.64208323299991,SAT_10094,19.39991289720446,187.8745100467751,98.90108850125597,170.65135179687118,-65.58978714615573,29.66626210184197,35.0,0.1231621925651273,12.481535258561388
21.853306038999985,104.7420832329999,SAT_10094,19.507372306347634,188.47896922320544,98.91455661565135,170.6229283205729,-65.48232773701255,29.71366751603828,35.0,0.12271612376034541,12.450350808717603
21.853306038999985,104.8420832329999,SAT_10094,19.60667730659455,189.03755984959432,98.92678727019266,170.59656704486025,-65.38302273676564,29.757356960044806,35.0,0.12230413021888681,12.421508521731301
21.853306038999985,104.94208323299989,SAT_10094,19.697764470197143,189.54992514485892,98.93782845556487,170.57230691732727,-65.29193557316304,29.797330333072974,35.0,0.12192642264626605,12.395032566262485
21.853306038999985,105.04208323299989,SAT_10094,19.780574671373486,190.0157325264759,98.94772250174877,170.55018427512488,-65.2091253719867,29.83358754291437,35.0,0.12158319725493215,12.370945442521261
21.853306038999985,105.14208323299988,SAT_10094,19.855053357059973,190.43467513346238,98.95650654726994,170.53023267150132,-65.13464668630021,29.866128505938956,35.0,0.12127463490611153,12.349267885831747
21.853306038999985,105.24208323299987,SAT_10094,19.92115080169765,190.80647325954928,98.9642129407639,170.51248271233266,-65.06854924166254,29.894953147093474,35.0,0.12100090030633916,12.330018776117011
21.853306038999985,105.34208323299987,SAT_10094,19.978822343631464,191.13087568292698,98.97086958294904,170.49696190425368,-65.01087769972872,29.920061399899996,35.0,0.1207621412653472,12.313215054109685
21.853306038999985,105.44208323299986,SAT_10094,20.028028600818956,191.40766087960662,98.97650021568869,170.48369451592177,-64.96167144254123,29.941453206454668,35.0,0.12055848802162433,12.2988716450525
21.853306038999985,105.54208323299986,SAT_10094,20.0687356636993,191.63663810830855,98.98112466363436,170.4727014538458,-64.92096437966089,29.9591285174266,35.0,0.12039005264150938,12.287001390600187
21.853306038999985,105.64208323299985,SAT_10094,20.100915263256226,191.8176483558163,98.98475903292557,170.46400015409353,-64.88878478010396,29.973087292056896,35.0,0.12025692849714341,12.277614989570198
21.853306038999985,105.74208323299985,SAT_10094,20.12454491253932,191.9505651330337,98.98741587054768,170.45760449103582,-64.86515513082087,29.98332949815791,35.0,0.12015918982798048,12.270720948114976
21.853306038999985,105.84208323299984,SAT_10094,20.139608020156345,192.03529511337945,98.98910428718052,170.4535247041224,-64.85009202320384,29.989855112112608,35.0,0.12009689138985921,12.26632553980419
21.853306038999985,105.94208323299983,SAT_10094,20.14609397453195,192.07177860674224,98.98983004568895,170.45176734349494,-64.84360606882824,29.99266411887411,35.0,0.12007006819487284,12.264432776012535
21.853306038999985,106.04208323299983,SAT_10094,20.143998198030417,192.0599898639211,98.98959561678596,170.4523352350417,-64.84570184532977,29.991756511965423,35.0,0.12007873534445716,12.265044386909052
21.853306038999985,106.14208323299982,SAT_10094,20.13332217035878,191.99993720826816,98.98840020282337,170.4552274652843,-64.8563778730014,29.987132293479295,35.0,0.12012288795725881,12.268159813239123
21.853306038999985,106.24208323299982,SAT_10094,20.114073420998068,191.89166299311415,98.98623973011593,170.46043938626588,-64.87562662236212,29.978791474078275,35.0,0.1202025011924601,12.273776208982065
21.853306038999985,106.34208323299981,SAT_10094,20.086265490744722,191.73524338543908,98.98310680966848,170.4679626403846,-64.90343455261547,29.966734072994903,35.0,0.12031753036834185,12.281888454857436
21.853306038999985,106.4420832329998,SAT_10094,20.0499178627758,191.53078797811386,98.97899066563379,170.47778520489746,-64.93978218058439,29.95096011803208,35.0,0.12046791117497256,12.292489182544028
21.853306038999985,106.5420832329998,SAT_10094,20.00505586398056,191.27843923489067,98.97387703026979,170.4898914555955,-64.98464417937963,29.931469645563602,35.0,0.12065355997903898,12.305568809368673
21.853306038999985,106.6420832329998,SAT_10078,19.992226712775448,191.20627525936192,98.97237151378206,170.49231862222823,-64.99747333058474,29.9252856355748,35.0,0.12071261435076586,12.309727729580544
21.853306038999985,106.74208323299979,SAT_10078,20.03194947648919,191.42971580525167,98.97691079519994,170.481604184429,-64.957750566871,29.942548570427522,35.0,0.12054819935025879,12.298146753519278
21.853306038999985,106.84208323299978,SAT_10078,20.063118516422108,191.60504165487438,98.98045232506051,170.47318650221075,-64.92658152693808,29.956081152750276,35.0,0.12041921392743826,12.289056963550166
21.853306038999985,106.94208323299978,SAT_10078,20.085712032804608,191.73213018452594,98.98300841174542,170.46707902332702,-64.90398801055558,29.96588335137819,35.0,0.12032573007589685,12.28246660853085
21.953306038999983,102.64208323300002,SAT_10094,19.81956295735276,190.23504163510927,98.95233927201724,170.53974643568955,-65.17013708600743,29.85063026018332,35.0,0.12142165473579383,12.35959925576541
21.953306038999983,102.74208323300002,SAT_10094,19.75454476860895,189.86931432342536,98.94463298911205,170.5571450235691,-65.23515527475124,29.82219935964644,35.0,0.12169106748779811,12.378518543340789
21.953306038999983,102.84208323300001,SAT_10094,19.68113456174183,189.45638190979778,98.9358320190004,170.57674187392803,-65.30856548161836,29.790039539268914,35.0,0.12199536747180907,12.399867779487444
21.953306038999983,102.942083233,SAT_10094,19.599381110461522,188.99651874634606,98.92590357037948,170.59850698133226,-65.39031893289867,29.754150873147424,35.0,0.12233439303494323,12.423628431678877
21.953306038999983,103.042083233,SAT_10094,19.50933802138988,188.49002637031808,98.91480994241336,170.6224073901888,-65.48036202197031,29.714533443975395,35.0,0.12270796635154352,12.449780109405351
21.953306038999983,103.142083233,SAT_10094,19.411063483824094,187.93723209651054,98.90250811360451,170.648407355208,-65.5786365595361,29.671187343044604,35.0,0.12311589421380995,12.47830065315888
21.953306038999983,103.24208323299999,SAT_10094,19.30462000332072,187.33848751867907,98.888949260786,170.67646851199663,-65.68508004003947,29.624112670246944,35.0,0.12355796887775028,12.509166229412028
21.953306038999983,103.34208323299998,SAT_10094,19.19007412156074,186.69416693377917,98.87407819811781,170.70655005614918,-65.79962592179945,29.573309534076344,35.0,0.12403396895761579,12.542351430768987
21.953306038999983,103.44208323299998,SAT_10094,19.06749612499638,186.00466570310465,98.8578327238583,170.73860892918378,-65.9222039183638,29.518778051630868,35.0,0.12454366036181058,12.577829380449092
21.953306038999983,103.54208323299997,SAT_10094,18.936959744794052,185.27039856446657,98.84014286011744,170.77260000966132,-66.05274029856614,29.460518348614983,35.0,0.1250867972631803,12.615571840256619
21.953306038999983,103.64208323299997,SAT_10078,18.93319722121396,185.24923436932852,98.83958488490696,170.77256746051285,-66.05650282214623,29.458282875443967,35.0,0.12510894210694962,12.617109294970406
21.953306038999983,103.74208323299996,SAT_10078,18.972377340746633,185.4696225416998,98.84494128900984,170.76238179634674,-66.01732270261355,29.475789376907038,35.0,0.12494586005901932,12.605784423114835
21.953306038999983,103.84208323299995,SAT_10078,19.003182115353397,185.64289939886288,98.8491265902077,170.754363779166,-65.98651792800679,29.489541391420335,35.0,0.12481766223429157,12.596877878026838
21.953306038999983,103.94208323299995,SAT_10078,19.02559183985663,185.76895409919354,98.85215698412198,170.74852549696888,-65.96410820350356,29.499538887364405,35.0,0.12472441415869207,12.590397179740387
21.953306038999983,104.04208323299994,SAT_10078,19.039592115766354,185.84770565118575,98.85404411570036,170.74487578441025,-65.95010792759383,29.505781841752942,35.0,0.12466616370010747,12.586347821236412
21.953306038999983,104.14208323299994,SAT_10078,19.045173920517556,185.87910330291126,98.85479520211337,170.74342017843495,-65.94452612284263,29.508270240232324,35.0,0.12464294084908134,12.584733243790929
21.953306038999983,104.24208323299993,SAT_10078,19.042333651025857,185.86312678702043,98.85441310846116,170.74416089035975,-65.94736639233433,29.507004077081355,35.0,0.12465475758099136,12.58555482147494
21.953306038999983,104.34208323299993,SAT_10094,19.042934750535125,185.8665079717601,98.85453535175667,170.74501632733543,-65.94676529282506,29.507830825883772,35.0,0.1246458277563254,12.58493396361708
21.953306038999983,104.44208323299992,SAT_10094,19.17439156149146,186.60595253338948,98.87201911107792,170.71065924960962,-65.81530848186873,29.566342362556746,35.0,0.12409916055446302,12.546892434261391
21.953306038999983,104.54208323299991,SAT_10094,19.297910187097386,187.30074480242283,98.88808623763079,170.6782339135695,-65.6917898562628,29.62114089100255,35.0,0.12358584395013948,12.511110989745719
21.953306038999983,104.64208323299991,SAT_10094,19.413416028331227,187.95046515936315,98.90280500563445,170.64778599274905,-65.57628401502896,29.672226284741154,35.0,0.12310612656106033,12.477618180460007
21.953306038999983,104.7420832329999,SAT_10094,19.52083790558524,188.554713218917,98.91623614978572,170.61935911358657,-65.46886213777495,29.719598425874782,35.0,0.1226602453425352,12.446441204720626
21.953306038999983,104.8420832329999,SAT_10094,19.620108362294246,189.11310953790513,98.9284335995937,170.59299466192658,-65.36959168106594,29.763257205085676,35.0,0.12224842460746062,12.417605799617585
21.953306038999983,104.94208323299989,SAT_10094,19.711163960167852,189.62529727594418,98.93944511098839,170.56873159450254,-65.27853608319234,29.80320252163398,35.0,0.1218708750797994,12.39113613524398
21.953306038999983,105.04208323299989,SAT_10094,19.793945563485693,190.09094379460706,98.9493128093423,170.54660625707862,-65.1957544798745,29.839434283355832,35.0,0.12152779298871928,12.367054713162977
21.953306038999983,105.14208323299988,SAT_10094,19.86839860991995,190.50974218079972,98.95807365560658,170.52665221092911,-65.12130143344024,29.871952406661592,35.0,0.12121935921048374,12.345382269962224
21.953306038999983,105.24208323299987,SAT_10094,19.934473365387817,190.88141268030645,98.96575984525344,170.50890006931218,-65.05522667797237,29.900756816534248,35.0,0.12094573846502447,12.32613768672943
21.953306038999983,105.34208323299987,SAT_10094,19.992125160514092,191.20570402789178,98.97239914804724,170.4933773455462,-64.9975748828461,29.92584744652798,35.0,0.12070707857386524,12.309337905254004
21.953306038999983,105.44208323299986,SAT_10094,20.04131460639931,191.48239466099614,98.97801519526959,170.48010831422295,-64.94838543696088,29.947224238766882,35.0,0.12050350978571062,12.2949978517191
21.953306038999983,105.54208323299986,SAT_10094,20.08200778753954,191.71129380490993,98.98262771984425,170.46911388699326,-64.90769225582065,29.964887143943876,35.0,0.12033514417556394,12.283130368595707
21.953306038999983,105.64208323299985,SAT_10094,20.11417642993821,191.89224241840245,98.98625275380151,170.46041150423258,-64.87552361342198,29.978836121319752,35.0,0.12020207512269906,12.273746155386437
21.953306038999983,105.74208323299985,SAT_10094,20.13779804266555,192.02511398999374,98.98890278665344,170.45401504375303,-64.85190200069464,29.989071138722387,35.0,0.12010437687218664,12.2668537187918
21.953306038999983,105.84208323299984,SAT_10094,20.152856031383863,192.10981517653423,98.99058688749048,170.44993474755088,-64.83684401197632,29.995592172546143,35.0,0.12004210418397755,12.262459332787607
21.953306038999983,105.94208323299983,SAT_10094,20.159339782628876,192.14628627728743,98.99131079293315,170.44817716740084,-64.83036026073131,29.998399207751408,35.0,0.12001529207278104,12.26056700900909
21.953306038999983,106.04208323299983,SAT_10094,20.157244717949396,192.13450153846534,98.9910769624577,170.44874512989608,-64.83245532541079,29.99749223786431,35.0,0.12002395564115817,12.261178477737857
21.953306038999983,106.14208323299982,SAT_10094,20.146572317316085,192.074469284903,98.98988460204264,170.4516377213304,-64.8431277260441,29.99287126497659,35.0,0.12006809000739203,12.2642931796829
21.953306038999983,106.24208323299982,SAT_10094,20.127330111551174,191.96623187747534,98.98772965653939,170.45685029258738,-64.86236993180901,29.98453629974565,35.0,0.12014767032881209,12.269908268638481
21.953306038999983,106.34208323299981,SAT_10094,20.099531643858384,191.80986549670342,98.98460477063732,170.46437448398407,-64.8901683995018,29.972487361394744,35.0,0.12026265192035315,12.278018624992123
21.953306038999983,106.4420832329998,SAT_10094,20.063196400868648,191.60547975488615,98.98049921775616,170.47419826979103,-64.92650364249154,29.956724477713365,35.0,0.12041297046723802,12.288616879946638
21.953306038999983,106.5420832329998,SAT_10094,20.018349713944147,191.35321714093584,98.97539879564444,170.48630602193086,-64.97135032941604,29.937247685057752,35.0,0.12059854232979803,12.301693450213145
21.953306038999983,106.6420832329998,SAT_10094,19.965022631792152,191.05325230383087,98.96928568687103,170.50067859215233,-65.02467741156804,29.914057028351603,35.0,0.12081926493760625,12.317236582829702
21.953306038999983,106.74208323299979,SAT_10078,19.992759395606356,191.20927160028577,98.97243549249747,170.49217504002615,-64.99694064775383,29.925517254761072,35.0,0.12071040930572909,12.309572453183028
21.953306038999983,106.84208323299978,SAT_10078,20.023873464516768,191.38428823790682,98.97599280422278,170.48378373781173,-64.96582657884342,29.939040359428112,35.0,0.12058162355834554,12.300501576901443
22.053306038999985,102.54208323300003,SAT_10094,19.821495267195132,190.24591087797262,98.95257209898305,170.5392287530497,-65.16820477616506,29.851474456962276,35.0,0.1214136493671407,12.359036830710487
22.053306038999985,102.64208323300002,SAT_10094,19.765035205838984,189.9283230328443,98.9458877465831,170.55434049960948,-65.2246648375212,29.8267899182228,35.0,0.12164759235803792,12.375466663776487
22.053306038999985,102.74208323300002,SAT_10094,19.700157066897916,189.5633835013008,98.93812950794792,170.5716686345841,-65.28954297646227,29.798379017318982,35.0,0.12191650384654049,12.394336855350593
22.053306038999985,102.84208323300001,SAT_10094,19.626904222851266,189.15133625353837,98.92926883597526,170.59118646641065,-65.36279582050892,29.76624181972255,35.0,0.12222024014368019,12.41563093367715
22.053306038999985,102.942083233,SAT_10094,19.545325074381054,188.69245354339344,98.91927257022584,170.61286422765735,-65.44437496897913,29.73037839949664,35.0,0.12255864077671534,12.439330500041713
22.053306038999985,103.042083233,SAT_10094,19.45547282132226,188.18703461993772,98.90810258228463,170.63666922203655,-65.53422722203793,29.690788839297266,35.0,0.12293152921049072,12.465415310088158
22.053306038999985,103.142083233,SAT_10094,19.357405215235346,187.63540433569884,98.89571535864197,170.66256598301024,-65.63229482812484,29.64747323037486,35.0,0.12333871363014624,12.493863361859313
22.053306038999985,103.24208323299999,SAT_10094,19.25118429594076,187.0379116646668,98.88206151257471,170.69051644243592,-65.73851574741943,29.600431672576075,35.0,0.12377998777869942,12.524650989780891
22.053306038999985,103.34208323299998,SAT_10094,19.136876114439872,186.3949281437243,98.86708521471846,170.7204801076448,-65.85282392892032,29.549664274345687,35.0,0.12425513184275878,12.55775296377845
22.053306038999985,103.44208323299998,SAT_10094,19.01455044469222,185.70684625139373,98.85072352986576,170.75241424531794,-65.97514959866797,29.4951711527287,35.0,0.12476391337944874,12.593142592699287
22.053306038999985,103.54208323299997,SAT_10094,18.8842804867204,184.97407773780228,98.83290564490522,170.78627407053074,-66.10541955663979,29.436952433372593,35.0,0.12530608827754286,12.630791831204101
22.053306038999985,103.64208323299997,SAT_10078,18.782940537989475,184.40404052619078,98.81871186998539,170.8115021859697,-66.20675950537071,29.390984322883536,35.0,0.1257346674454629,12.660506974839098
22.053306038999985,103.74208323299996,SAT_10078,18.821945121142093,184.62344130642427,98.82418919565423,170.80141465972162,-66.1677549222181,29.40847855985347,35.0,0.12557219181454032,12.649246630535417
22.053306038999985,103.84208323299995,SAT_10078,18.852611500613605,184.7959396909515,98.82846866113826,170.79347405588678,-66.13708854274658,29.422220940159757,35.0,0.12544447195983727,12.640390955059729
22.053306038999985,103.94208323299995,SAT_10078,18.874920333792858,184.92142687758485,98.83156706026843,170.78769223098016,-66.11477970956733,29.432211432195686,35.0,0.1253515722524192,12.633947338530435
22.053306038999985,104.04208323299994,SAT_10078,18.88885748779458,184.99982336884452,98.83349646674027,170.78407785002935,-66.1008425555656,29.438450012984216,35.0,0.12529353971497567,12.629921178805509
22.053306038999985,104.14208323299994,SAT_10078,18.894414106782023,185.03107935064887,98.8342643628679,170.7826363434774,-66.09528593657816,29.44093666817752,35.0,0.1252704038078447,12.62831585747044
22.053306038999985,104.24208323299993,SAT_10094,18.907651714022947,185.1055408913791,98.83613279528015,170.78021062485857,-66.08204832933724,29.447411354033427,35.0,0.1252087922437942,12.624040266268295
22.053306038999985,104.34208323299993,SAT_10094,19.046884857563356,185.8887273237939,98.8550827175589,170.74398621874596,-65.94281518579683,29.509591886598912,35.0,0.12462939571432509,12.583791457935458
22.053306038999985,104.44208323299992,SAT_10094,19.17826211369136,186.6277243895139,98.87254188964606,170.70964528302136,-65.81143792966883,29.56806216428187,35.0,0.12408307037475716,12.545771740554578
22.053306038999985,104.54208323299991,SAT_10094,19.3017058446233,187.32209537600608,98.88858677159232,170.67723529891398,-65.68799419873689,29.622822052082686,35.0,0.12357007525677062,12.51001087664881
22.053306038999985,104.64208323299991,SAT_10094,19.41714152051317,187.97142105288657,98.90328545588868,170.646801898483,-65.57255852284702,29.67387142358226,35.0,0.12309065874269486,12.476537389203573
22.053306038999985,104.7420832329999,SAT_10094,19.524498028561055,188.57530141065592,98.91669851834274,170.61838866804382,-65.46520201479913,29.7212101609396,35.0,0.12264505756058146,12.445378450134319
22.053306038999985,104.8420832329999,SAT_10094,19.623707976231287,189.133357366301,98.92887974963665,170.5920369549258,-65.3659920671289,29.764838154889567,35.0,0.12223349580561424,12.416559771287057
22.053306038999985,104.94208323299989,SAT_10094,19.71470798607686,189.64523242168235,98.93987678459425,170.5677856792103,-65.27499205728333,29.8047553047408,35.0,0.12185618399498586,12.390105498818857
22.053306038999985,105.04208323299989,SAT_10094,19.79743897963823,190.11059426046504,98.94973164322718,170.54567115212063,-65.19226106372196,29.84096151837378,35.0,0.12151331816338998,12.366038111811704
22.053306038999985,105.14208323299988,SAT_10094,19.8718464478807,190.52913626932892,98.95848119520433,170.52572690274405,-65.11785359547949,29.87345671223908,35.0,0.12120507900620899,12.344378325968295
22.053306038999985,105.24208323299987,SAT_10094,19.937880705680854,190.90057896945478,98.966157557391,170.507983514736,-65.05181933767933,29.902240811355764,35.0,0.1209316310773132,12.325145003221788
22.053306038999985,105.34208323299987,SAT_10094,19.995497127946535,191.22467134469926,98.97278843244248,170.4924684746125,-64.99420291541365,29.927313749309963,35.0,0.1206931220481278,12.308355068062976
22.053306038999985,105.44208323299986,SAT_10094,20.04465636506633,191.50119205349813,98.978397395047,170.47920603316558,-64.94504367829386,29.9486754682536,35.0,0.1204896820342693,12.294023431347602
22.053306038999985,105.54208323299986,SAT_10094,20.085324535545567,191.72995051244385,98.98300413123948,170.46821708142807,-64.90437550781462,29.9663259189033,35.0,0.12032142299560361,12.282162922294246
22.053306038999985,105.64208323299985,SAT_10094,20.11747339386592,191.91078784049583,98.98662463520587,170.45951904249972,-64.87222664949427,29.98026506053943,35.0,0.12018843821503933,12.272784229318937
22.053306038999985,105.74208323299985,SAT_10094,20.14108047183329,192.04357765406226,98.98927136713361,170.45312578039315,-64.8486195715269,29.990492861005333,35.0,0.1200908018607478,12.265895850278337
22.053306038999985,105.84208323299984,SAT_10094,20.156129191930788,192.1282267046107,98.99095337490664,170.44904752689135,-64.8335708514294,29.997009296706715,35.0,0.12002856863580409,12.261504052608963
22.053306038999985,105.94208323299983,SAT_10094,20.1626089514737,192.16467535203955,98.99167638176962,170.44729082722182,-64.82709109188649,29.999814352611185,35.0,0.12000177351847957,12.259612843757374
22.053306038999985,106.04208323299983,SAT_10094,20.160515176665285,192.15289786874226,98.99144284147317,170.44785850515052,-64.8291848666949,29.99890802224799,35.0,0.12001043159560201,12.26022395219677
22.053306038999985,106.14208323299982,SAT_10094,20.149849345971347,192.0929025710888,98.99025196184367,170.45074964788535,-64.83985069738884,29.994290307707857,35.0,0.12005453799054129,12.263336819220806
22.053306038999985,106.24208323299982,SAT_10094,20.130618982560676,191.9847317769038,98.98809969717865,170.45595961095876,-64.85908106079951,29.985961219643077,35.0,0.1201340678864961,12.268948601597327
22.053306038999985,106.34208323299981,SAT_10094,20.10283761589389,191.82846158940313,98.9849787093388,170.46348004303377,-64.8868624274663,29.97392077726766,35.0,0.12024897664486378,12.27705418505533
22.053306038999985,106.4420832329998,SAT_10094,20.06652471287373,191.6242015099147,98.9808782968725,170.4732989303574,-64.92317533048646,29.958169008357743,35.0,0.12039920001758324,12.287646208469212
22.053306038999985,106.5420832329998,SAT_10094,20.021705579297617,191.37209388354913,98.97578429095641,170.4854006603652,-64.96799446406257,29.938705949252093,35.0,0.12058465445147074,12.300715098497996
22.053306038999985,106.6420832329998,SAT_10094,19.968411232664735,191.0723131837391,98.96967891634755,170.49976610373193,-65.02128881069545,29.91553164485282,35.0,0.12080523748172782,12.316249114334612
22.153306038999986,102.44208323300003,SAT_10094,19.80494038383891,190.15278965909388,98.95062384908027,170.5436628178656,-65.18475965952128,29.844240464426292,35.0,0.12148223733044383,12.36385506875153
22.153306038999986,102.54208323300003,SAT_10094,19.75705320769481,189.88342429328333,98.94494361807828,170.55647450839487,-65.23264683566538,29.82329715587189,35.0,0.12168067163278373,12.377788811509623
22.153306038999986,102.64208323300002,SAT_10094,19.700729853021983,189.5666054232487,98.9382049990833,170.57151582219842,-65.2889701903382,29.798630061768097,35.0,0.12191412931114042,12.39417030059674
22.153306038999986,102.74208323300002,SAT_10094,19.636008117154304,189.20254565899293,98.9303834321481,170.58876349394265,-65.35369192620588,29.770239238970852,35.0,0.12218248518000668,12.412985186054076
22.153306038999986,102.84208323300001,SAT_10094,19.562930989937158,188.79148681839652,98.92144998268103,170.60819107653433,-65.42676905342303,29.73812475292238,35.0,0.12248559675780969,12.43421713305327
22.153306038999986,102.942083233,SAT_10094,19.481546448020396,188.33369877011472,98.91137103707857,170.62976907324395,-65.50815359533979,29.702286677652467,35.0,0.12282330491316756,12.457847894835146
22.153306038999986,103.042083233,SAT_10094,19.39190722878763,187.82947816193044,98.90010794186567,170.653465082746,-65.59779281457256,29.66272509577985,35.0,0.1231954345779038,12.483857393028496
22.153306038999986,103.142083233,SAT_10094,19.294070586108916,187.27914704686262,98.88761657916115,170.67924395562198,-65.69562945725127,29.619440098513845,35.0,0.12360179552080343,12.512223804622339
22.153306038999986,103.24208323299999,SAT_10094,19.188098030217077,186.68305141997104,98.87384686975292,170.70706796079946,-65.80160201314311,29.572431785656075,35.0,0.12404218317573817,12.542923654823992
22.153306038999986,103.34208323299998,SAT_10094,19.074055054093108,186.04155967927372,98.85874219323499,170.7368969603462,-65.91564498926708,29.521700265602405,35.0,0.12451637951752027,12.57593191500577
22.153306038999986,103.44208323299998,SAT_10094,18.95201084878761,185.3550610244303,98.84223871244605,170.76868859101396,-66.03768919457258,29.467245655345025,35.0,0.1250241539786703,12.61122210492498
22.153306038999986,103.54208323299997,SAT_10094,18.82203801011265,184.62396380688367,98.82426458676296,170.80239845092711,-66.16766203324754,29.409068080474704,35.0,0.12556526440019838,12.648766398394926
22.153306038999986,103.64208323299997,SAT_10094,18.68421223912368,183.84869384507073,98.80473905551675,170.8379802898217,-66.3054878042365,29.34716767518321,35.0,0.1261394580095001,12.688535731588518
22.153306038999986,103.74208323299996,SAT_10078,18.66248259637773,183.72646460462474,98.80157217151769,170.84257002030486,-66.32721744698246,29.33684897456122,35.0,0.12623664330598086,12.695259757932835
22.153306038999986,103.84208323299995,SAT_10078,18.693005354831314,183.89815512092613,98.80595601853467,170.83470995544505,-66.29669468852887,29.350581682630555,35.0,0.12610941917755936,12.686456996536812
22.153306038999986,103.94208323299995,SAT_10078,18.715209488878486,184.02305337494147,98.80912979616046,170.8289868654926,-66.2744905544817,29.3605651431113,35.0,0.12601688077737305,12.680051951323042
22.153306038999986,104.04208323299994,SAT_10078,18.729081139465762,184.1010814094949,98.81110605870045,170.82540924074468,-66.26061890389443,29.366799333035637,35.0,0.1259590742539529,12.676049921931423
22.153306038999986,104.14208323299994,SAT_10094,18.75514993853362,184.24771840425163,98.81484959876259,170.81968774888796,-66.23455010482657,29.37905390282758,35.0,0.12584387579529716,12.668072382970895
22.153306038999986,104.24208323299993,SAT_10094,18.90203388938268,185.07394062777757,98.8353767340385,170.78166856363626,-66.08766615397751,29.44489786935509,35.0,0.12523217857871324,12.62566328111762
22.153306038999986,104.34208323299993,SAT_10094,19.041148370815478,185.85645958583706,98.85432734926637,170.74548213306028,-65.94855167254471,29.507034353037437,35.0,0.12465325902317483,12.585450633498695
22.153306038999986,104.44208323299992,SAT_10094,19.172413107348135,186.5948237288333,98.87178724152163,170.71117749169997,-65.81728693601205,29.56546321036085,35.0,0.1241073852634574,12.547465269409475
22.153306038999986,104.54208323299991,SAT_10094,19.29575061553264,187.28859721237112,98.88783285305809,170.6788020251275,-65.69394942782755,29.620184306390495,35.0,0.12359481582175691,12.511736893268774
22.153306038999986,104.64208323299991,SAT_10094,19.411086515631325,187.9373616504262,98.90253226157141,170.64840127221112,-65.57861352772886,29.671197514767925,35.0,0.12311579858625632,12.47829397169941
22.153306038999986,104.7420832329999,SAT_10094,19.51834983983079,188.5407178490482,98.915946030585,170.62001872911637,-65.4713502035294,29.718502717708663,35.0,0.12267056980900327,12.44716362231268
22.153306038999986,104.8420832329999,SAT_10094,19.61747333456725,189.09828750694078,98.9281279406001,170.5936956566387,-65.37222670879294,29.762099805999956,35.0,0.12225935313009909,12.418371505024103
22.153306038999986,104.94208323299989,SAT_10094,19.70839375446758,189.60971486888013,98.93912561802304,170.5694708925114,-65.28130628889261,29.801988678998697,35.0,0.12188235863530163,12.391941716744617
22.153306038999986,105.04208323299989,SAT_10094,19.791052145381315,190.0746683177699,98.94898107592714,170.54738067035703,-65.19864789797887,29.838169244629515,35.0,0.12153978195416476,12.367896690297185
22.153306038999986,105.14208323299988,SAT_10094,19.865394113982603,190.49284189115215,98.95773117828512,170.52745844695056,-65.12430592937758,29.870641419383006,35.0,0.12123180340576707,12.346257098404259
22.153306038999986,105.24208323299987,SAT_10094,19.93137008145888,190.86395670820622,98.96540803731018,170.50973473944183,-65.05832996190131,29.899405128314147,35.0,0.12095858719891808,12.32704176357471
22.153306038999986,105.34208323299987,SAT_10094,19.98893551888112,191.1877622937063,98.9720393518847,170.494236974136,-65.00076452447907,29.92446030504087,35.0,0.12072028069347272,12.31026757469048
22.153306038999986,105.44208323299986,SAT_10094,20.03805116196392,191.46403778604707,98.97764869366658,170.48098934835747,-64.95164888139627,29.9458068917428,35.0,0.12051701372902938,12.29594941105258
22.153306038999986,105.54208323299986,SAT_10094,20.07868320307709,191.69259301730864,98.98225574629086,170.47001270682262,-64.9110168402831,29.963444839160147,35.0,0.12034889802683983,12.284100074593793
22.153306038999986,105.64208323299985,SAT_10094,20.110803458559758,191.87326945439864,98.98587650208337,170.46132443382137,-64.87889658480043,29.977374106592773,35.0,0.12021602667022328,12.274730230901612
22.153306038999986,105.74208323299985,SAT_10094,20.134389509602926,192.00594099151644,98.98852341983914,170.45493836236773,-64.85531053375726,29.98759466189941,35.0,0.12011847366815541,12.267848359620793
22.153306038999986,105.84208323299984,SAT_10094,20.14942481522945,192.09051458566566,98.99020554646275,170.45086470130087,-64.84027522813074,29.99410648149706,35.0,0.12005629360601021,12.263460714720901
22.153306038999986,105.94208323299983,SAT_10094,20.155898796170703,192.1269307284602,98.99092860459325,170.44910998114133,-64.83380124718948,29.99690955036052,35.0,0.12002952138667186,12.261571295022009
22.153306038999986,106.04208323299983,SAT_10094,20.153806888741585,192.11516374917142,98.99069504772496,170.44967701930346,-64.8358931546186,29.996003862022132,35.0,0.12003817206442173,12.262181825272851
22.153306038999986,106.14208323299982,SAT_10094,20.143150568138765,192.05522194578057,98.98950408376673,170.4525649050487,-64.84654947522142,29.991389418571636,35.0,0.12008224077315187,12.265291747971203
22.153306038999986,106.24208323299982,SAT_10094,20.123937340905314,191.9471475425924,98.98735166744092,170.45776900435243,-64.86576270245487,29.983066230656203,35.0,0.12016170274957821,12.270898226009066
22.153306038999986,106.34208323299981,SAT_10094,20.096180706647502,191.7910164748922,98.98423046139237,170.46528098462628,-64.89351933671269,29.97103431748067,35.0,0.12027651345123573,12.278996156115847
22.153306038999986,106.4420832329998,SAT_10094,20.059900089413333,191.58693800295,98.9801297653447,170.4750888590222,-64.92979995394685,29.95529370680787,35.0,0.1204266087681507,12.289578192964358
22.153306038999986,106.5420832329998,SAT_10094,20.015120739471868,191.33505415952928,98.97503541208762,170.48717704982298,-64.97457930388832,29.935844434959172,35.0,0.12061190532621804,12.302634783698297
22.153306038999986,106.6420832329998,SAT_10094,19.961873606536827,191.03553903676965,98.96892962849174,170.50152647022122,-65.02782643682336,29.912686546815202,35.0,0.12083230087947572,12.31815421253786
22.253306038999984,102.24208323300005,SAT_10094,19.800780106160076,190.12938809715044,98.95013746556255,170.5447767047449,-65.18891993720011,29.842422042674283,35.0,0.1214994745999465,12.365065800529566
22.253306038999984,102.34208323300004,SAT_10094,19.769940534795907,189.95591550822698,98.94648240432909,170.55302875157764,-65.21975950856428,29.82893602281314,35.0,0.12162726423034027,12.374039515569441
22.253306038999984,102.44208323300003,SAT_10094,19.730628144204147,189.7347833111483,98.94179613317478,170.56353507932238,-65.25907189915604,29.811728773268985,35.0,0.12179019346723764,12.385475399635403
22.253306038999984,102.54208323300003,SAT_10094,19.682869549859348,189.46614121795884,98.93606186559768,170.57627929782296,-65.30683049350084,29.790800333710514,35.0,0.12198817421283306,12.399363355175549
22.253306038999984,102.64208323300002,SAT_10094,19.626696847728226,189.1501697684713,98.92925883914002,170.59124164968293,-65.36300319563196,29.766150752386842,35.0,0.12222110017511087,12.415691198160754
22.253306038999984,102.74208323300002,SAT_10094,19.562147457597632,188.78707944898667,98.92136210325569,170.60839911102588,-65.42755258576256,29.73778008612841,35.0,0.12248884735779418,12.434444713507299
22.253306038999984,102.84208323300001,SAT_10094,19.489263942497956,188.377109676551,98.91234226039569,170.6277255075347,-65.50043610086223,29.7056884003481,35.0,0.12279127462668162,12.455607719048933
22.253306038999984,102.942083233,SAT_10094,19.408093806039048,187.92052765896963,98.90216515539763,170.6491916445572,-65.58160623732114,29.669875769042477,35.0,0.12312822434742743,12.479162137459003
22.253306038999984,103.042083233,SAT_10094,19.31868926964701,187.41762714176443,98.89079150713226,170.67276544995605,-65.67101077371318,29.63034227479321,35.0,0.12349952308929735,12.505088075461046
22.253306038999984,103.142083233,SAT_10094,19.221107031849513,186.8687270541535,98.87817647503311,170.6984121282755,-65.76859301151067,29.58708800876868,35.0,0.12390498238899245,12.533363909614872
22.253306038999984,103.24208323299999,SAT_10094,19.115408011865767,186.27417006674494,98.86426915155731,170.72609432472743,-65.87429203149442,29.5401130707257,35.0,0.12434439956827883,12.563966377924412
22.253306038999984,103.34208323299998,SAT_10094,19.00165707984138,185.63432107410776,98.8490119697394,170.7557722974468,-65.98804296351881,29.489417569011454,35.0,0.12481755859889895,12.596870676484553
22.253306038999984,103.44208323299998,SAT_10094,18.879922776109453,184.94956561561565,98.83234001272012,170.78740409644243,-66.10977726725073,29.43500162056558,35.0,0.12532423100806298,12.63205056036582
22.253306038999984,103.54208323299997,SAT_10094,18.75027702187286,184.22030824803483,98.8141802093643,170.82094574766316,-66.23942302148733,29.376865350922404,35.0,0.1258641768177355,12.669478447928828
22.253306038999984,103.64208323299997,SAT_10094,18.612794823679252,183.44697088319577,98.79445039669065,170.85635144061962,-66.37690521968094,29.315008894213364,35.0,0.1264371455109294,12.709125527763753
22.253306038999984,103.74208323299996,SAT_10094,18.58330207541964,183.2810741742355,98.79015283619374,170.863924881134,-66.40639796794055,29.301711882567265,35.0,0.12656011047440832,12.717624858899386
22.253306038999984,103.84208323299995,SAT_10094,18.558445631948814,183.1412566797121,98.7865126725564,170.87030180148963,-66.43125441141137,29.29049764691088,35.0,0.1266637592182931,12.724786497614327
22.253306038999984,103.94208323299995,SAT_10078,18.546563587038165,183.07442017708968,98.78472238383111,170.87234577042267,-66.44313645632202,29.284600176895786,35.0,0.12671999101705644,12.728670871778094
22.253306038999984,104.04208323299994,SAT_10094,18.585641672102838,183.29423440557846,98.79049460549129,170.86332437685428,-66.40405837125735,29.302767060513517,35.0,0.1265503552651924,12.716950699651399
22.253306038999984,104.14208323299994,SAT_10094,18.740044644420905,184.16275112486758,98.81272874453282,170.82358666445577,-66.24965539893928,29.37226886007719,35.0,0.12590680747442873,12.672430787086261
22.253306038999984,104.24208323299993,SAT_10094,18.886768105339797,184.98807059253636,98.83328714063745,170.78562891393113,-66.10293193802039,29.438065967511335,35.0,0.12529573159890744,12.630073260001677
22.253306038999984,104.34208323299993,SAT_10094,19.025729546054308,185.76972869655546,98.85226632234324,170.749501457412,-65.96397049730588,29.5001582307932,35.0,0.12471740354133838,12.589909867145735
22.253306038999984,104.44208323299992,SAT_10094,19.15684893319171,186.5072752492034,98.86975228196526,170.7152531781042,-65.83285111016848,29.558545506477632,35.0,0.12417209064148915,12.551971347900407
22.253306038999984,104.54208323299991,SAT_10094,19.280049020276635,187.20027573905608,98.88582163411695,170.6829313132036,-65.70965102308355,29.61322765969429,35.0,0.12366005064637053,12.516287318927882
22.253306038999984,104.64208323299991,SAT_10094,19.39525565804915,187.84831307652647,98.90054260871631,170.6525812570371,-65.59444438531104,29.664204564145095,35.0,0.12318153069295337,12.482886161726084
22.253306038999984,104.7420832329999,SAT_10094,19.50239810130961,188.45098931986658,98.91397590368834,170.62424636595156,-65.48730194205058,29.71147610210182,35.0,0.12273676631019925,12.451794911890623
22.253306038999984,104.8420832329999,SAT_10094,19.601409309872068,189.0079273680304,98.92617541807526,170.5979677665385,-65.38829073348812,29.755042164403864,35.0,0.12232598044736702,12.423039150906119
22.253306038999984,104.94208323299989,SAT_10094,19.692226241148745,189.51877260646168,98.93718888262448,170.57378416882582,-65.29747380221144,29.794902650456155,35.0,0.12194938253565872,12.396642901306103
22.253306038999984,105.04208323299989,SAT_10094,19.77479013185382,189.98319449167772,98.94705840195803,170.55173168609656,-65.21490991150637,29.83105746822726,35.0,0.1216071675902873,12.372628526046785
22.253306038999984,105.14208323299988,SAT_10094,19.849046766321123,190.40088806055633,98.95582091999681,170.53184366299178,-65.14065327703906,29.863506534247612,35.0,0.12129951535997782,12.351016632934924
22.253306038999984,105.24208323299987,SAT_10094,19.914946728967465,190.771575350442,98.96350861830881,170.51415051353644,-65.07475331439272,29.892249773607944,35.0,0.12102658953074982,12.331825984933484
22.253306038999984,105.34208323299987,SAT_10094,19.97244563851389,191.09500671664063,98.97014925538558,170.49867957067318,-65.0172544048463,29.917287119957837,35.0,0.12078853699057174,12.31507341714038
22.253306038999984,105.44208323299986,SAT_10094,20.02150436168479,191.37096203447695,98.97576645345765,170.48545494882364,-64.9681956816754,29.938618515504487,35.0,0.12058548716112402,12.30077376119512
22.253306038999984,105.54208323299986,SAT_10094,20.06208920426424,191.59925177398637,98.98037993828306,170.47449742088878,-64.92761083909595,29.95624391101159,35.0,0.12041755140246399,12.288939777816303
22.253306038999984,105.64208323299985,SAT_10094,20.094172077567023,191.7797179363145,98.98400573633945,170.46582431098645,-64.89552796579316,29.970163265798405,35.0,0.12028482249585032,12.279582098109275
22.253306038999984,105.74208323299985,SAT_10094,20.1177306386121,191.9122348421931,98.98665633298364,170.45944940406804,-64.87196940474809,29.980376547738985,35.0,0.12018737420936965,12.272709174209668
22.253306038999984,105.84208323299984,SAT_10094,20.132748402526687,191.99670976421262,98.98834079438383,170.4553828733998,-64.8569516408335,29.986883733261568,35.0,0.12012526095031702,12.268327239744949
22.253306038999984,105.94208323299983,SAT_10094,20.139214825994827,192.0330833962209,98.98906485535399,170.45363122670128,-64.85048521736536,29.98968480734812,35.0,0.12009851750752723,12.26644028050467
22.253306038999984,106.04208323299983,SAT_10094,20.137125360858434,192.0213301548287,98.98883097460578,170.45419727153816,-64.85257468250175,29.988779763534055,35.0,0.12010715888604592,12.267050015611595
22.253306038999984,106.14208323299982,SAT_10094,20.12648147729344,191.9614583097756,98.98763835836381,170.4570801003568,-64.86321856606675,29.984168603908124,35.0,0.12015118023568289,12.270155889382403
22.253306038999984,106.24208323299982,SAT_10094,20.107290656316053,191.8535099417778,98.98548295274664,170.46227509532264,-64.88240938704413,29.975851339112424,35.0,0.12023055687411528,12.275755073959802
22.253306038999984,106.34208323299981,SAT_10094,20.079566351693032,191.69756072827334,98.98235740478316,170.4697739529159,-64.91013369166716,29.963827988342633,35.0,0.12034524440432509,12.283842482689579
22.253306038999984,106.4420832329998,SAT_10094,20.04332792167277,191.49371955940933,98.97825099140006,170.47956472800226,-64.94637212168742,29.948098579348358,35.0,0.12049517892527303,12.294410794108241
22.253306038999984,106.5420832329998,SAT_10094,19.998600531263662,191.2421279883581,98.97314951516003,170.49163189689483,-64.99109951209653,29.92866314843366,35.0,0.12068027733384956,12.3074504863015
22.253306038999984,106.6420832329998,SAT_10094,19.945415026101003,190.94295952181812,98.96703516494215,170.5059564387091,-65.04428501725918,29.905521740457758,35.0,0.12090043771531277,12.322949881292535
22.353306038999982,102.24208323300005,SAT_10094,19.716565164436645,189.65567904995615,98.94011875328262,170.56728994385097,-65.27313487892354,29.80556895230862,35.0,0.12184848552749006,12.38956540185371
22.353306038999982,102.34208323300004,SAT_10094,19.685816628554946,189.4827185356216,98.93642385740618,170.57549349445625,-65.30388341480524,29.792092551076124,35.0,0.12197595578114877,12.398506515643962
22.353306038999982,102.44208323300003,SAT_10094,19.646619977978474,189.26223737612892,98.93168635013541,170.58593821026636,-65.34308006538171,29.77489757426635,35.0,0.12213847881656766,12.409900950565135
22.353306038999982,102.54208323300003,SAT_10094,19.59900153030945,188.99438360799067,98.92588913981629,170.5986078918477,-65.39069851305074,29.753984061530296,35.0,0.12233596747174535,12.423738715261592
22.353306038999982,102.64208323300002,SAT_10094,19.542993023865094,188.67933575924116,98.91901108490185,170.61348301068642,-65.4467070194951,29.729352061095533,35.0,0.1225683165800561,12.440007753324158
22.353306038999982,102.74208323300002,SAT_10094,19.478631463615997,188.31730198284,98.91102677688075,170.63054080821613,-65.51106857974419,29.701001629767124,35.0,0.12283540345296513,12.458693997842216
22.353306038999982,102.84208323300001,SAT_10094,19.405958943601192,187.90851905775673,98.90190627527711,170.64975540987103,-65.583741099759,29.66893283292874,35.0,0.12313708843806712,12.479781434378621
22.353306038999982,102.942083233,SAT_10094,19.325022447586434,187.4532512676737,98.89161478965801,170.6710979529895,-65.66467759577375,29.633145744543896,35.0,0.12347321554760256,12.503252171780545
22.353306038999982,103.042083233,SAT_10094,19.235873629919652,186.95178916829806,98.88011230241737,170.69453672726726,-65.75382641344054,29.593640447157366,35.0,0.12384361315209451,12.529086520178549
22.353306038999982,103.142083233,SAT_10094,19.138568578678473,186.40444825506643,98.8673531247334,170.7200373263696,-65.85113146468171,29.550417031896785,35.0,0.12424809473331394,12.557263075475582
22.353306038999982,103.24208323299999,SAT_10094,19.033167563323488,185.81156754369462,98.85328537646667,170.74756280923327,-65.9565324800367,29.503475598474374,35.0,0.12468645969043414,12.587758809587376
22.353306038999982,103.34208323299998,SAT_10094,18.919734769144128,185.17350807643575,98.83785037881411,170.77707386954484,-66.06996527421606,29.452816255188875,35.0,0.12515849419297342,12.620549165667127
22.353306038999982,103.44208323299998,SAT_10094,18.79833802083425,184.49065136719267,98.8209819461757,170.80852901185074,-66.19136202252594,29.398439118927612,35.0,0.12566397207395175,12.655608157528865
22.353306038999982,103.54208323299997,SAT_10094,18.775117336025687,184.3600350151445,98.8177131761568,170.81453073055582,-66.2145827073345,29.388018988015475,35.0,0.1257606949813617,12.662310269812803
22.353306038999982,103.64208323299997,SAT_10094,18.76641184412202,184.31106662318635,98.81648416483641,170.81677955130544,-66.22328819923817,29.38411089328811,35.0,0.1257969595629044,12.664822581657923
22.353306038999982,103.74208323299996,SAT_10094,18.74958329784134,184.21640605035756,98.8141028686892,170.82112482321693,-66.24011674551885,29.37655375998086,35.0,0.12586706697692535,12.66967861530585
22.353306038999982,103.84208323299995,SAT_10094,18.724641977257278,184.07611112207218,98.81056019018514,170.82756024696127,-66.26505806610291,29.365347605631495,35.0,0.12597098300367732,12.676874441769463
22.353306038999982,103.94208323299995,SAT_10094,18.691603065962468,183.8902672460389,98.80584251876463,170.83607652010807,-66.29809697739772,29.350492456246492,35.0,0.1261086570921261,12.686404256444012
22.353306038999982,104.04208323299994,SAT_10094,18.65048658134309,183.65898702005487,98.79993158802324,170.8466613817205,-66.3392134620171,29.331988346301515,35.0,0.12628002258225623,12.698260404015846
22.353306038999982,104.14208323299994,SAT_10094,18.71533813866938,184.02377703001525,98.80923455114356,170.82995943109506,-66.2743619046908,29.36116559676029,35.0,0.12600975005028267,12.679558320305745
22.353306038999982,104.24208323299993,SAT_10094,18.86186552764636,184.84799359301078,98.82985509522419,170.7920848258554,-66.12783451571383,29.42691566344651,35.0,0.12539941417006667,12.637265939134865
22.353306038999982,104.34208323299993,SAT_10094,19.000639802052277,185.62859888654407,98.8488909621901,170.7560371817653,-65.98906024130791,29.488963534905867,35.0,0.12482179132148996,12.597164803126986
22.353306038999982,104.44208323299992,SAT_10094,19.1315812540889,186.36514455425007,98.8664285584557,170.72186517755196,-65.85811878927129,29.5473090677615,35.0,0.12427714777918919,12.55928553170164
22.353306038999982,104.54208323299991,SAT_10094,19.254612955926603,187.05719787708713,98.88254486308684,170.68961584994557,-65.73508708743358,29.601952127207266,35.0,0.12376574025212793,12.523657624443162
22.353306038999982,104.64208323299991,SAT_10094,19.369661068201424,187.70434350863303,98.89730842692425,170.6593343980036,-65.62003897515876,29.652892587005173,35.0,0.12328781487178893,12.490309349288541
22.353306038999982,104.7420832329999,SAT_10094,19.476655145019663,188.30618519073562,98.91078023044325,170.6310639891986,-65.51304489834052,29.700130329483,35.0,0.1228436061996858,12.459267632425249
22.353306038999982,104.8420832329999,SAT_10094,19.575528433071355,188.8623474360264,98.9230144212206,170.60484556884393,-65.41417161028883,29.743665245532043,35.0,0.12243333626110536,12.430557950715844
22.353306038999982,104.94208323299989,SAT_10094,19.66621816239173,189.37247716345348,98.93405894820766,170.58071767447916,-65.32348188096846,29.783497234605058,35.0,0.12205721361209283,12.40420422748226
22.353306038999982,105.04208323299989,SAT_10094,19.748665826281922,189.8362452728358,98.94395610701856,170.5587162568574,-65.24103421707827,29.81962620471434,35.0,0.12171543244670861,12.380228732488497
22.353306038999982,105.14208323299988,SAT_10094,19.82281744790251,190.25334814445162,98.95274300799207,170.53887450918094,-65.16688259545768,29.852052072429988,35.0,0.1214081717515138,12.358651986955211
22.353306038999982,105.24208323299987,SAT_10094,19.88862383109243,190.62350904989492,98.96045197676615,170.5212227062087,-65.10107621226776,29.880774762878303,35.0,0.1211355945140786,12.339492674423278
22.353306038999982,105.34208323299987,SAT_10094,19.946040793046123,190.94647946088446,98.96711089542652,170.5057880548075,-65.04365925031406,29.905794209740396,35.0,0.12089784699205088,12.3227675582549
22.353306038999982,105.44208323299986,SAT_10094,19.995029376589954,191.2220402433185,98.97274349088609,170.49259455745124,-64.99467066677023,29.927110355250896,35.0,0.12069505804897175,12.308491406520918
22.353306038999982,105.54208323299986,SAT_10094,20.035556039953434,191.45000272473806,98.97736957596766,170.48166289007003,-64.95414400340675,29.944723150196875,35.0,0.120527338562582,12.296676924971026
22.353306038999982,105.64208323299985,SAT_10094,20.067592822112545,191.63020962438307,98.98100524765012,170.47301029553282,-64.92210722124764,29.958632553916907,35.0,0.12039478091083444,12.287334698720903
22.353306038999982,105.74208323299985,SAT_10094,20.091117482006965,191.76253583628917,98.98366304606732,170.46665049389645,-64.89858256135322,29.96883853430029,35.0,0.1202974585402145,12.280473143216845
22.353306038999982,105.84208323299984,SAT_10094,20.10611361017395,191.84688905722848,98.98535207708275,170.46259361039645,-64.88358643318624,29.97534106778645,35.0,0.120235425620288,12.276098464955945
22.353306038999982,105.94208323299983,SAT_10094,20.112570711621885,191.8832102528731,98.98607810058455,170.46084612196623,-64.8771293317383,29.978140139364484,35.0,0.12020871678764473,12.274214632348908
22.353306038999982,106.04208323299983,SAT_10094,20.11048425906077,191.87147395721684,98.98584358602615,170.4614108228755,-64.87921578429942,29.977235742572873,35.0,0.1202173469816075,12.274823357015173
22.353306038999982,106.14208323299982,SAT_10094,20.099855715920214,191.8116884020512,98.98464773616489,170.46428680986884,-64.88984432743997,29.972627879499374,35.0,0.12026131137323391,12.277924085697267
22.353306038999982,106.24208323299982,SAT_10094,20.080692528904592,191.70389547508833,98.982486479403,170.4694694869728,-64.9090075144556,29.96431656078104,35.0,0.12034058538827463,12.28351400287557
22.353306038999982,106.34208323299981,SAT_10094,20.053008090168802,191.5481705071995,98.97935243060068,170.47695058991474,-64.93669195319139,29.952301805604428,35.0,0.12045512482387323,12.291588044057205
22.353306038999982,106.4420832329998,SAT_10094,20.016821669519018,191.3446218910445,98.97523481969198,170.4867182298833,-64.97287837384117,29.936583641705983,35.0,0.12060486605791958,12.302138919605925
22.353306038999982,106.5420832329998,SAT_10094,19.972158317362926,191.09339053516644,98.97011938687474,170.4987569561453,-65.01754172599726,29.917162105372526,35.0,0.12078972634911445,12.315157148875386
22.453306038999983,102.34208323300004,SAT_10094,19.5920517798326,188.9552912615584,98.92504727724686,170.6004552312276,-65.39764826352759,29.750929604507142,35.0,0.12236479447148225,12.425757842335642
22.453306038999983,102.44208323300003,SAT_10094,19.552980110289624,188.73551312037915,98.92025090112703,170.61083269789276,-65.43671993307056,29.7337469479513,35.0,0.12252688046352782,12.437107302665575
22.453306038999983,102.54208323300003,SAT_10094,19.50551299583202,188.4685106015551,98.91438136672642,170.6234210200999,-65.48418704752817,29.712848419834046,35.0,0.122723839685342,12.45089060757697
22.453306038999983,102.64208323300002,SAT_10094,19.449681786697184,188.15446005017165,98.90741709399845,170.63820091766416,-65.540018256663,29.688234068361513,35.0,0.12295556819295622,12.46709583916739
22.453306038999983,102.74208323300002,SAT_10094,19.385523037705113,187.79356708709128,98.8993321445845,170.65514991989644,-65.60417700565507,29.659903950313524,35.0,0.12322194471873892,12.48570909135341
22.453306038999983,102.84208323300001,SAT_10094,19.313078333896527,187.38606562816796,98.89009594971203,170.67424247751842,-65.67662170946366,29.627858131044665,35.0,0.12352283122047794,12.506714531769424
22.453306038999983,102.942083233,SAT_10094,19.232394094780332,186.93221678313938,98.87967298358551,170.6954500881864,-65.75730594857986,29.592096684485554,35.0,0.123858073499898,12.530094471379115
22.453306038999983,103.142083233,SAT_10094,19.046515552111558,185.88664998062754,98.85509745505784,170.7440825321584,-65.94318449124863,29.50942724810784,35.0,0.12463093197316308,12.583898275224922
22.453306038999983,103.24208323299999,SAT_10094,18.941436237706725,185.29557883710032,98.84084521416794,170.7714368897572,-66.04826380565346,29.462519449044166,35.0,0.1250681654211806,12.614278199519237
22.453306038999983,103.34208323299998,SAT_10094,18.92552407883406,185.20607294344157,98.83866373001187,170.77557050349074,-66.06417596452613,29.455405300939635,35.0,0.1251343961711612,12.618876365803862
22.453306038999983,103.44208323299998,SAT_10094,18.933100180129017,185.24868851322574,98.83970315000307,170.77360268967269,-66.05659986323117,29.458792848081128,35.0,0.1251028616981268,12.616687159941486
22.453306038999983,103.54208323299997,SAT_10094,18.93252120082002,185.2454317546126,98.83962376516389,170.7737530917293,-66.05717884254017,29.458533988527883,35.0,0.12510527157634066,12.61685446776239
22.453306038999983,103.64208323299997,SAT_10094,18.92378750034861,185.19630468946093,98.83842527848553,170.77602148919752,-66.06591254301158,29.454628722880713,35.0,0.1251416246104656,12.619378152084307
22.453306038999983,103.74208323299996,SAT_10094,18.90690449658483,185.10133779328967,98.83610320044725,170.78040455916408,-66.08279554677536,29.447077060203853,35.0,0.1252119027824056,12.624256145032726
22.453306038999983,103.84208323299995,SAT_10094,18.88188264055883,184.96058985314343,98.83264880302825,170.7868958924518,-66.10781740280136,29.435879018025094,35.0,0.12531607133143602,12.631484457043209
22.453306038999983,103.94208323299995,SAT_10094,18.84873736784874,184.77414769414918,98.82804902991468,170.79548602475356,-66.14096267551145,29.421034622336137,35.0,0.1254540789084604,12.641057194185564
22.453306038999983,104.04208323299994,SAT_10094,18.807489027103486,184.54212577745713,98.82228636122343,170.80616248239505,-66.1822110162567,29.402543907593042,35.0,0.1256258578030816,12.652966583651617
22.453306038999983,104.14208323299994,SAT_10094,18.758162786396184,184.26466567347853,98.81533863018872,170.81890984226453,-66.231537256964,29.38040691671688,35.0,0.12583132424156848,12.667203007174786
22.453306038999983,104.24208323299993,SAT_10094,18.827344310206954,184.65381174491412,98.82506561671757,170.8010251643551,-66.16235573315323,29.411446981551705,35.0,0.1255431659065871,12.64723438444324
22.453306038999983,104.34208323299993,SAT_10094,18.965897657202916,185.43317432176642,98.84418673946138,170.7650779395459,-66.02380238615727,29.473450289861333,35.0,0.12496636081108949,12.607208375661607
22.453306038999983,104.44208323299992,SAT_10094,19.09662893980024,186.16853778637636,98.86180194965957,170.73100190007634,-65.89307110355995,29.531753918787487,35.0,0.12442249400212545,12.569400628268966
22.453306038999983,104.54208323299991,SAT_10094,19.219461629137882,186.8594716639006,98.877988786751,170.69884383100737,-65.7702384142223,29.586357733587917,35.0,0.12391182089166954,12.533840495911193
22.453306038999983,104.64208323299991,SAT_10094,19.33432227383173,187.5055627903035,98.89281629451723,170.6686486862756,-65.65537776952846,29.63726160808446,35.0,0.12343458635529056,12.500556104982028
22.453306038999983,104.7420832329999,SAT_10094,19.44114080268041,188.10641701507728,98.90634588701002,170.64045939628227,-65.54855924067978,29.684465424660633,35.0,0.12299102374644469,12.4695742453117
22.453306038999983,104.8420832329999,SAT_10094,19.539850821477586,188.66166087081143,98.91863209282955,170.6143166788259,-65.4498492218826,29.727969074259402,35.0,0.12258135393694408,12.440920263379155
22.453306038999983,104.94208323299989,SAT_10094,19.63038990149782,189.17094319592528,98.92972319515587,170.59025885498005,-65.35931014186237,29.767772456381117,35.0,0.12220578439054987,12.414617958872892
22.453306038999983,105.04208323299989,SAT_10094,19.712699857189136,189.6339366966889,98.93966178190753,170.56832167154514,-65.27700018617105,29.803875479081615,35.0,0.12186450827665067,12.390689485430874
22.453306038999983,105.14208323299988,SAT_10094,19.78672701061201,190.05033943469257,98.94848521792078,170.54853813170286,-65.20297303274818,29.83627805897047,35.0,0.12155770363091745,12.369155256384865
22.453306038999983,105.24208323299987,SAT_10094,19.852422440206368,190.41987622616082,98.95622604899805,170.5309383354759,-65.13727760315382,29.864980121209417,35.0,0.12128553256966162,12.350033856317678
22.453306038999983,105.34208323299987,SAT_10094,19.90974221153887,190.74229993990616,98.9629123459761,170.51554933155387,-65.07995783182132,29.889981599510914,35.0,0.121048140564368,12.333341959213998
22.453306038999983,105.44208323299986,SAT_10094,19.958647587802943,191.01739268139156,98.96856799554452,170.50239498196635,-65.03105245555724,29.91128243613692,35.0,0.12084565578252619,12.319094253945291
22.453306038999983,105.54208323299986,SAT_10094,19.999105217985644,191.24496685116927,98.97321294334523,170.49149584099365,-64.99059482537454,29.92888258189777,35.0,0.12067818850044575,12.307303377778211
22.453306038999983,105.64208323299985,SAT_10094,20.03108730080305,191.42486606701718,98.97686339386205,170.48286904958167,-64.95861274255714,29.94278199615126,35.0,0.12054583059321426,12.29797985853352
22.453306038999983,105.74208323299985,SAT_10094,20.054571722723452,191.55696594031943,98.97953197072654,170.4765282463822,-64.93512832063674,29.95298064680188,35.0,0.12044865510635375,12.291132065950054
22.453306038999983,105.84208323299984,SAT_10094,20.069542168638662,191.6411746985925,98.98122784029407,170.4724834963822,-64.92015787472153,29.959478510300183,35.0,0.12038671591305097,12.286766172726455
22.453306038999983,105.94208323299983,SAT_10094,20.075988204021,191.67743364761816,98.98195680065614,170.47074123789798,-64.91371183933919,29.96227557164236,35.0,0.12036004746009772,12.284886125623455
22.453306038999983,106.04208323299983,SAT_10094,20.073905327691463,191.6657174682645,98.98172133763086,170.47130424852065,-64.91579471566872,29.96137182436995,35.0,0.12036866460488388,12.285493626913137
22.453306038999983,106.14208323299982,SAT_10094,20.063294994637474,191.6060343448358,98.9805206486933,170.47417163038742,-64.92640504872271,29.956767270569724,35.0,0.12041256254495537,12.288588126360075
22.453306038999983,106.24208323299982,SAT_10094,20.044164608632883,191.49842592355995,98.97835063525466,170.47933881494578,-64.9455354347273,29.9484619208737,35.0,0.12049171684079263,12.294166823814434
22.453306038999983,106.34208323299981,SAT_10094,20.01652748474271,191.34296710167774,98.9752038631585,170.48679758715394,-64.97317255861748,29.93645579445938,35.0,0.12060608353159699,12.302224682391318
22.453306038999983,106.4420832329998,SAT_10094,19.9804027821108,191.13976564937326,98.9710694907175,170.49653612885203,-65.00929726124939,29.92074891905008,35.0,0.12075559934300968,12.312754452104432
22.453306038999983,106.5420832329998,SAT_10094,19.935815407749544,190.88896166859118,98.96593316305008,170.50853908082192,-65.05388463561064,29.901341330915482,35.0,0.12094018198484066,12.325746703719371
22.553306038999985,102.34208323300004,SAT_10094,19.488716845304054,188.3740322548353,98.91230267409097,170.62787039504258,-65.50098319805613,29.705447273116445,35.0,0.12279354522721715,12.455766530902787
22.553306038999985,102.44208323300003,SAT_10094,19.449779059308554,188.1550072086106,98.90743934462958,170.63817519216062,-65.53992098405163,29.68827698430946,35.0,0.12295516440159182,12.467067611798882
22.553306038999985,102.54208323300003,SAT_10094,19.402474056022697,187.88891656512766,98.90148754814743,170.65067559415183,-65.58722598733749,29.667393498577454,35.0,0.12315155813691406,12.480792333626198
22.553306038999985,102.64208323300002,SAT_10094,19.34683276896112,187.5759343254063,98.89442520228299,170.66535258741968,-65.64286727439907,29.642796864105225,35.0,0.12338262380419172,12.496928927280424
22.553306038999985,102.74208323300002,SAT_10094,19.282891269518657,187.21626339104245,98.88622576158481,170.68218401035335,-65.70680877384153,29.614487137647455,35.0,0.12364824166413545,12.515463659471498
22.553306038999985,102.84208323300001,SAT_10094,19.210690596049872,186.81013460278052,98.87685793719811,170.70114466295976,-65.77900944731032,29.582464384529796,35.0,0.1239482754066767,12.536380893473677
22.553306038999985,103.24208323299999,SAT_10094,19.058064231596845,185.95161130273226,98.85666366160855,170.74107009920414,-65.93163581176334,29.514574982467984,35.0,0.12458289246872169,12.580557802558472
22.553306038999985,103.34208323299998,SAT_10094,19.073838549143375,186.0403418389315,98.8587758820912,170.7369534772576,-65.91586149421681,29.521603813485797,35.0,0.12451728002143927,12.57599455042357
22.553306038999985,103.44208323299998,SAT_10094,19.081437723484996,186.0830871946031,98.85979134192898,170.7349695191577,-65.90826231987519,29.524988897266063,35.0,0.12448567355634714,12.573796024427233
22.553306038999985,103.54208323299997,SAT_10094,19.08085698024223,186.0798205138626,98.85971378640077,170.73512115539884,-65.90884306311796,29.52473022595065,35.0,0.12448808893837532,12.573964044731378
22.553306038999985,103.64208323299997,SAT_10094,19.072096684495136,186.03054385028514,98.85854292972391,170.73740816188976,-65.91760335886505,29.52082780014004,35.0,0.12452452495442846,12.576498472160905
22.553306038999985,103.74208323299996,SAT_10094,19.05516233906536,185.93528815724267,98.85627445216485,170.74182716105472,-65.93453770429483,29.513281628893324,35.0,0.12459496331881377,12.581397208814622
22.553306038999985,103.84208323299995,SAT_10094,19.03006455864697,185.79411314238922,98.85289995629722,170.74837163842108,-65.95963548471322,29.502091729728377,35.0,0.12469936875499608,12.588656207265517
22.553306038999985,104.04208323299994,SAT_10094,18.95544638899227,185.37438593808153,98.84277837586089,170.76779549178866,-66.03425365436792,29.468780860011243,35.0,0.1250098558009444,12.61022916678955
22.553306038999985,104.14208323299994,SAT_10094,18.905972224329247,185.09609376185202,98.83599312087203,170.78064651594772,-66.08372781903094,29.446659966792353,35.0,0.12521578368923056,12.624525486186348
22.553306038999985,104.24208323299993,SAT_10094,18.84842686036717,184.77240108956534,98.82802510932578,170.79556645131663,-66.14127318299302,29.420895500323226,35.0,0.12545537188398878,12.641146860115631
22.553306038999985,104.34208323299993,SAT_10094,18.921528627164264,185.18359852779898,98.8381330935658,170.77660807322943,-66.06817141619592,29.453618529592404,35.0,0.1251510271766175,12.620030845382281
22.553306038999985,104.44208323299992,SAT_10094,19.05201796188254,185.91760103558929,98.8558524955164,170.74264739782853,-65.93768208147765,29.511880093577062,35.0,0.12460804302301333,12.582306734203163
22.553306038999985,104.54208323299991,SAT_10094,19.17462144840205,186.60724564726155,98.87213398631883,170.71059903005244,-65.81507859495814,29.56644451294075,35.0,0.12409820488807939,12.546825872958372
22.553306038999985,104.64208323299991,SAT_10094,19.289266099701806,187.25212181082267,98.88704727973727,170.68050762998445,-65.70043394365838,29.617311661564845,35.0,0.12362175614592076,12.51361621909286
22.553306038999985,104.7420832329999,SAT_10094,19.395882292990947,187.85183789807408,98.9006543787786,170.65241584385763,-65.59381775036924,29.664481421888354,35.0,0.12317892870607682,12.482704399693898
22.553306038999985,104.8420832329999,SAT_10094,19.494404063777537,188.40602285874866,98.91301032932644,170.62636411678542,-65.49529597958265,29.70795368490568,35.0,0.12276994206197268,12.454115605640933
22.553306038999985,104.94208323299989,SAT_10094,19.58476939163566,188.9143278279506,98.92416386807858,170.60239051042603,-65.40493065172453,29.74772835016456,35.0,0.12239500237235222,12.42787348909071
22.553306038999985,105.04208323299989,SAT_10094,19.66692047523884,189.37642767321847,98.93415797939001,170.58053052718446,-65.32277956812135,29.783805325764174,35.0,0.12205430158257717,12.404000065118478
22.553306038999985,105.14208323299988,SAT_10094,19.740803994229992,189.79202246754372,98.94303037310134,170.56081694256034,-65.2488960491302,29.816184528353386,35.0,0.12174801659260198,12.382515618330652
22.553306038999985,105.24208323299987,SAT_10094,19.806371355537593,190.16083887489893,98.95081389335176,170.54327964722586,-65.1833286878226,29.844865883129188,35.0,0.12147630847827268,12.363438615247656
22.553306038999985,105.34208323299987,SAT_10094,19.863578921823645,190.482631435258,98.95753686665091,170.52794550037177,-65.12612112153654,29.869849323835275,35.0,0.12123932177234316,12.346785623227694
22.553306038999985,105.44208323299986,SAT_10094,19.912388219862947,190.75718373672908,98.96322339604066,170.51483819578405,-65.07731182349724,29.89113479276079,35.0,0.12103718381125794,12.332571236662728
22.553306038999985,105.54208323299986,SAT_10094,19.95276612679703,190.98430946323333,98.96789360695914,170.50397814202194,-65.03693391656316,29.90872224073924,35.0,0.12087000415331603,12.320808011127147
22.553306038999985,105.64208323299985,SAT_10094,19.9846850323906,191.16385330719712,98.97156384938204,170.49538235794589,-65.00501501096959,29.922611627147557,35.0,0.12073787407331077,12.311506406097953
22.553306038999985,105.74208323299985,SAT_10094,20.0081229756305,191.29569173792157,98.97424685991952,170.4890643847031,-64.98157706772969,29.932802919905328,35.0,0.12064086613814323,12.304674736793762
22.553306038999985,105.84208323299984,SAT_10094,20.02306375425016,191.37973361765717,98.97595188676385,170.485034215118,-64.96663628911003,29.9392960954742,35.0,0.1205790338672354,12.300319135599006
22.553306038999985,105.94208323299983,SAT_10094,20.029497006031207,191.41592065892556,98.97668477968458,170.4832982412545,-64.96020303732898,29.942091138857435,35.0,0.12055241148083859,12.298443523451095
22.553306038999985,106.04208323299983,SAT_10094,20.027418261020117,191.40422771823816,98.97644804663503,170.48385922072808,-64.96228178234007,29.941188043599603,35.0,0.12056101373855053,12.299049591473034
22.553306038999985,106.14208323299982,SAT_10094,20.016828964109024,191.34466292311325,98.97524087794555,170.48671626213422,-64.97287107925116,29.93658681178649,35.0,0.1206048358695326,12.302136793033904
22.553306038999985,106.24208323299982,SAT_10094,19.997736467730746,191.23726763098543,98.97305913851761,170.49186482976313,-64.99196357562944,29.928287454045122,35.0,0.12068385359507497,12.307702346316356
22.553306038999985,106.34208323299981,SAT_10094,19.97015399475741,191.08211622051041,98.96989532788638,170.49929676753794,-65.01954604860278,29.91628998954396,35.0,0.12079802324329979,12.315741247365496
22.553306038999985,106.4420832329998,SAT_10094,19.934100571987443,190.87931571742936,98.96573850746407,170.5090003419218,-65.05559947137274,29.900594445993274,35.0,0.12094728195494067,12.32624629348929
22.553306038999985,106.5420832329998,SAT_10094,19.889600934935146,190.6290052590102,98.9605741937074,170.52096030331373,-65.10009910842504,29.88120085964567,35.0,0.12113154797830109,12.33920811677869
22.653306038999983,102.44208323300003,SAT_10094,19.337093259200245,187.52114958300137,98.89319375054819,170.66791874738124,-65.65260678415994,29.63848778278169,35.0,0.12342307672725307,12.49975274283315
22.653306038999983,102.54208323300003,SAT_10094,19.289960709383948,187.2560289902847,98.8871491064199,170.68032494701598,-65.69973933397624,29.61761939717161,35.0,0.12361887030314737,12.513414913828726
22.653306038999983,102.64208323300002,SAT_10094,19.234521460623398,186.9441832160066,98.87997605720838,170.69489167817534,-65.75517858273679,29.593040547702678,35.0,0.12384923250331453,12.529478219760822
22.653306038999983,102.74208323300002,SAT_10094,19.170811069784364,186.58581226753705,98.87164736679368,170.71159710808845,-65.81888897357582,29.564751291104564,35.0,0.12411404521820549,12.547929111373719
22.653306038999983,103.24208323299999,SAT_10094,19.197167043259796,186.73406461833636,98.87510399045806,170.7046908128179,-65.79253300010039,29.576459730005617,35.0,0.12400448578894284,12.540297431499175
22.653306038999983,103.34208323299998,SAT_10094,19.21298612807381,186.82304697041516,98.87717109715791,170.7005425627982,-65.77671391528638,29.58348342670654,35.0,0.12393873446497271,12.53571604472974
22.653306038999983,103.44208323299998,SAT_10094,19.220606895696235,186.86591378829132,98.8781648929558,170.6985433511244,-65.76909314766395,29.586866037801315,35.0,0.1239070610121839,12.533508773328666
22.653306038999983,103.64208323299997,SAT_10094,19.21123931633447,186.81322115438138,98.87694311690159,170.7010007422641,-65.77846072702572,29.582707980211488,35.0,0.12394599474495477,12.536221970228146
22.653306038999983,103.74208323299996,SAT_10094,19.19425692341514,186.71769519421017,98.87472310147574,170.70545368789902,-65.79544311994505,29.575167321181006,35.0,0.12401658216137829,12.541140171065647
22.653306038999983,104.04208323299994,SAT_10094,19.094259807025523,186.15521141451856,98.8615169934664,170.7316208039758,-65.89544023633466,29.53069905860717,35.0,0.12443234678817022,12.570086144177857
22.653306038999983,104.14208323299994,SAT_10094,19.044647248700926,185.87614077394272,98.85487858673181,170.74456975949204,-65.94505279465926,29.508594323979416,35.0,0.12463870389779619,12.584438655248848
22.653306038999983,104.24208323299993,SAT_10094,18.986941830361175,185.5515477957816,98.84708392893121,170.75960302669571,-66.00275821299901,29.482848677634603,35.0,0.12487878843784968,12.601125075500057
22.653306038999983,104.34208323299993,SAT_10094,18.92117902703012,185.18163202704443,98.83810316266543,170.77669885327725,-66.06852101633007,29.45346217935861,35.0,0.1251524823978657,12.62013186001356
22.653306038999983,104.44208323299992,SAT_10094,18.997781249968114,185.61251953107066,98.84855415471526,170.75678145720786,-65.99191879339207,29.487687635599073,35.0,0.1248336853963519,12.597991286386923
22.653306038999983,104.54208323299991,SAT_10094,19.12012587686351,186.30070805735724,98.86495514355443,170.72486089317937,-65.86957416649668,29.542212508817187,35.0,0.1243247810991673,12.562601001035334
22.653306038999983,104.64208323299991,SAT_10094,19.234526517080965,186.94421165858043,98.87997671458018,170.694890350862,-65.75517352627922,29.593042791074723,35.0,0.12384921148959195,12.529476755002339
22.653306038999983,104.7420832329999,SAT_10094,19.3409140679519,187.54264163222945,98.89368162105298,170.66691214654668,-65.64878597540829,29.640178364865935,35.0,0.12340720680309405,12.49864498692444
22.653306038999983,104.8420832329999,SAT_10094,19.439223063358824,188.09562973139336,98.90612556752536,170.64096640878049,-65.55047698000136,29.683619121236426,35.0,0.12299898493530873,12.470130707521996
22.653306038999983,104.94208323299989,SAT_10094,19.529391956361223,188.60282975453188,98.91735786793565,170.61709089809636,-65.46030808699896,29.7233649597811,35.0,0.12262475053250319,12.443957398151191
22.653306038999983,105.04208323299989,SAT_10094,19.611363391154825,189.06391907524588,98.92742201103552,170.59532083324063,-65.37833665220536,29.759415788642283,35.0,0.12228469412165273,12.420146913485363
22.653306038999983,105.14208323299988,SAT_10094,19.685084461971854,189.4786000985917,98.93635614547019,170.57568872547986,-65.30461558138833,29.79177152450796,35.0,0.12197899128684637,12.39871938912958
22.653306038999983,105.24208323299987,SAT_10094,19.75050695656539,189.8466016306803,98.94419349470627,170.55822422255048,-65.2391930867948,29.820432092610233,35.0,0.12170780189857838,12.379693154955971
22.653306038999983,105.34208323299987,SAT_10094,19.807587582000423,190.1676801487524,98.9509627102407,170.54295396376222,-65.18211246135976,29.845397426723867,35.0,0.12147126940223027,12.363084654919176
22.653306038999983,105.44208323299986,SAT_10094,19.856288170583895,190.44162095953445,98.95668817005105,170.5299014476972,-65.13341187277629,29.866667469165083,35.0,0.12126952017170595,12.348908374072472
22.653306038999983,105.54208323299986,SAT_10094,19.89657586390838,190.66823923448464,98.96139022800521,170.51908691385367,-65.0931241794518,29.884242170790444,35.0,0.12110266293375367,12.337176773454832
22.653306038999983,105.64208323299985,SAT_10094,19.928423273169955,190.847380911581,98.96508541888993,170.51052723945975,-65.06127677019023,29.898121490995933,35.0,0.12097078826799607,12.327900233458415
22.653306038999983,105.74208323299985,SAT_10094,19.95180861412196,190.978923454436,98.967786622804,170.50423585255197,-65.03789142923823,29.90830539771618,35.0,0.12087396818709856,12.321087006215338
22.653306038999983,105.84208323299984,SAT_10094,19.96671581527579,191.06277646092633,98.96950319186433,170.50022266224454,-65.0229842280844,29.914793867423874,35.0,0.12081225580084662,12.316743177462884
22.653306038999983,105.94208323299983,SAT_10094,19.973134598213065,191.0988821149485,98.97024104146091,170.4984940069501,-65.01656544514712,29.917586885129296,35.0,0.12078568506718063,12.314872638259144
22.653306038999983,106.04208323299983,SAT_10094,19.97106052916945,191.08721547657814,98.97000270765301,170.49905262111133,-65.01863951419074,29.916684444380053,35.0,0.12079427063246657,12.315477066826992
22.653306038999983,106.14208323299982,SAT_10094,19.960495041335676,191.02778460751318,98.96878737169892,170.50189762081683,-65.02920500202451,29.912086547260948,35.0,0.12083800776247261,12.318555920706144
22.653306038999983,106.24208323299982,SAT_10094,19.941445427646414,190.9206305305111,98.96659085214192,170.50702450845208,-65.04825461571377,29.903793204394024,35.0,0.1209168723646886,12.324106439291029
22.653306038999983,106.34208323299981,SAT_10094,19.91392480412692,190.76582702321392,98.96340556431589,170.51442519634094,-65.07577523923327,29.89180443493876,35.0,0.12103082110178236,12.332123656729312
22.653306038999983,106.4420832329998,SAT_10094,19.87795204419234,190.56348024858195,98.95922044657274,170.52408804911184,-65.11174799916785,29.87612026659243,35.0,0.12117979159514652,12.342600425053302
22.653306038999983,106.5420832329998,SAT_10094,19.833551684590276,190.3137282258203,98.95402085195036,170.53599794432787,-65.15614835876991,29.856740735590638,35.0,0.12136370271666795,12.355527447316
22.653306038999983,106.6420832329998,SAT_10094,19.780753803975443,190.01674014736187,98.9477884033818,170.55013635071944,-65.20894623938474,29.833665886707998,35.0,0.12158245496605861,12.370893320407243
22.75330603899998,103.34208323299998,SAT_10094,19.342870609621485,187.55364717912087,98.89394291299477,170.66639663943562,-65.6468294337387,29.641044005219197,35.0,0.12339908033050961,12.498077719191782
22.75330603899998,103.64208323299997,SAT_10094,19.341119207707834,187.54379554335657,98.8937194205255,170.6668580982286,-65.64858083565235,29.640269127710997,35.0,0.12340635475364142,12.498585510381098
22.75330603899998,104.14208323299994,SAT_10094,19.174093353496872,186.6042751134199,98.87209281002127,170.71073736536235,-65.81560668986332,29.56620985276021,35.0,0.12410040024116416,12.546978777020009
22.75330603899998,104.24208323299993,SAT_10094,19.116239495962617,186.2788471647897,98.86445454559583,170.72587695740242,-65.87346054739757,29.54048309746428,35.0,0.1243409419430971,12.563725745516335
22.75330603899998,104.54208323299991,SAT_10094,19.056015247417037,185.94008576672084,98.85642073193598,170.74160465747326,-65.93368479594315,29.51366177421682,35.0,0.12459141550199686,12.581150497184707
22.75330603899998,104.64208323299991,SAT_10094,19.170144454793046,186.5820625582109,98.87157389634622,170.71177170547912,-65.81955558856714,29.56445504969026,35.0,0.12411681647144299,12.548122116306835
22.75330603899998,104.7420832329999,SAT_10094,19.27627762005021,187.17906161278245,98.8853976498345,170.6839228007419,-65.71342242330998,29.611556306740525,35.0,0.12367572033738276,12.517380208971229
22.75330603899998,104.8420832329999,SAT_10094,19.374349841845216,187.73071786037934,98.89794850359512,170.6580977128545,-65.61535020151497,29.654965436464195,35.0,0.12326834318463688,12.488949581940025
22.75330603899998,104.94208323299989,SAT_10094,19.464300109736655,188.2366881172687,98.90927647822566,170.63433386095184,-65.52539993362353,29.694682338503135,35.0,0.12289488794563908,12.462853523229187
22.75330603899998,105.04208323299989,SAT_10094,19.54607157267425,188.69665259629267,98.91942567974955,170.6126661422254,-65.44362847068594,29.73070692104262,35.0,0.12255554354039827,12.439113705962761
22.75330603899998,105.14208323299988,SAT_10094,19.619611794545662,189.11031634431933,98.92843479364367,170.59312676844445,-65.37008824881453,29.763039100809586,35.0,0.12225048406239883,12.41775009711726
22.75330603899998,105.24208323299987,SAT_10094,19.684872994467085,189.47741059387738,98.93633750730835,170.57574511201665,-65.3048270488931,29.791678803071065,35.0,0.1219798680168927,12.398780871930624
22.75330603899998,105.34208323299987,SAT_10094,19.741812269576712,189.797694016369,98.94316286961062,170.56054756307572,-65.24788777378348,29.816625961632777,35.0,0.12174383761778655,12.38222233472276
22.75330603899998,105.44208323299986,SAT_10094,19.790391798201,190.0709538648806,98.94893559462132,170.5475573990121,-65.19930824515919,29.837880518837892,35.0,0.1215425181489916,12.368088846835988
22.75330603899998,105.54208323299986,SAT_10094,19.830579021407743,190.29700699541854,98.95367631539467,170.53679466776856,-65.15912102195244,29.85544242556593,35.0,0.12137601739567744,12.35639276235413
22.75330603899998,105.64208323299985,SAT_10094,19.86234680113496,190.47570075638416,98.95740179255466,170.52827608610738,-65.12735324222523,29.86931164123183,35.0,0.12124442515036887,12.347144372199311
22.75330603899998,105.74208323299985,SAT_10094,19.88567355329276,190.60691373727178,98.96012508151759,170.52201495391856,-65.10402649006743,29.879488133785205,35.0,0.12114781279824142,12.340351857135834
22.75330603899998,105.84208323299984,SAT_10094,19.900543354468425,190.6905563688849,98.96185566136407,170.5180210854839,-65.08915668889176,29.885971879709725,35.0,0.12108623298532185,12.336021250132273
22.75330603899998,105.94208323299983,SAT_10094,19.906946021127823,190.72657136884402,98.9625995276461,170.51630075843545,-65.08275402223236,29.888762864022677,35.0,0.12105971937259126,12.33415640844701
22.75330603899998,106.04208323299983,SAT_10094,19.90487716047899,190.7149340276943,98.96235925075565,170.5168566809672,-65.0848228828812,29.887861080274675,35.0,0.1210682864782295,12.334758995710432
22.75330603899998,106.14208323299982,SAT_10094,19.89433819246635,190.65565233262322,98.96113400086935,170.51968797765392,-65.09536185089384,29.883266530549548,35.0,0.12111192960944603,12.337828474180027
22.75330603899998,106.24208323299982,SAT_10094,19.875336342656155,190.54876692744088,98.95891953990046,170.52479019403899,-65.11436370070403,29.874979225464383,35.0,0.12119062488452308,12.343362107244909
22.75330603899998,106.34208323299981,SAT_10094,19.847884606096713,190.39435090929402,98.9557081803195,170.53215531993328,-65.14181543726347,29.86299918416971,35.0,0.12130432934486854,12.351354972155033
22.75330603899998,106.4420832329998,SAT_10094,19.812001682527452,190.19250946421693,98.95148871012933,170.54177183117702,-65.17769836083274,29.84732643434987,35.0,0.12145298115605083,12.36179998284954
22.75330603899998,106.5420832329998,SAT_10094,19.76771188362318,189.9433793453804,98.94624628268666,170.5536247494044,-65.22198815973701,29.827961012223543,35.0,0.12163649989597869,12.374687922660163
22.75330603899998,106.6420832329998,SAT_10094,19.715045013242587,189.64712819948957,98.93996226942822,170.56769571916357,-65.2746550301176,29.804902962544432,35.0,0.12185478692761159,12.390007486570846
22.75330603899998,106.74208323299979,SAT_10094,19.654036221915646,189.30395374827552,98.93261407287046,170.58396310156823,-65.33566382144454,29.778152338602087,35.0,0.12210772585285017,12.407745332625542
22.853306038999982,104.7420832329999,SAT_10094,19.202021252561565,186.7613695456588,98.87576625636343,170.703418131975,-65.78767879079862,29.57861531010811,35.0,0.12398430890866866,12.53889166002304
22.853306038999982,104.8420832329999,SAT_10094,19.299833305153243,187.311562341487,98.88844373812165,170.6777279692257,-65.68986673820694,29.621992693250043,35.0,0.12357785450240767,12.510553607728859
22.853306038999982,104.94208323299989,SAT_10094,19.389543318412876,187.81618116607243,98.89988501933202,170.6540889804654,-65.60015672494731,29.661680549051248,35.0,0.12320525053318739,12.484543042999995
22.853306038999982,105.04208323299989,SAT_10094,19.471095002948573,188.27490939158574,98.91013494226921,170.63253570497622,-65.51860504041161,29.69767878573975,35.0,0.12286668413197883,12.46088143704317
22.853306038999982,105.14208323299988,SAT_10094,19.544436445185738,188.6874550041698,98.91923283251623,170.61310002121314,-65.44526359817445,29.729987320081264,35.0,0.12256232773301329,12.439588569309553
22.853306038999982,105.24208323299987,SAT_10094,19.60952034411895,189.0535519356691,98.9272129305004,170.59581099520437,-65.38017969924124,29.758606077377603,35.0,0.12229233832203211,12.420682443092442
22.853306038999982,105.34208323299987,SAT_10094,19.66630423078594,189.37296129817094,98.93410475864809,170.5806947398368,-65.32339581257425,29.783534991465302,35.0,0.12205685674247269,12.404179207460286
22.853306038999982,105.44208323299986,SAT_10094,19.714750668375103,189.64547250960993,98.93993343147325,170.56777428641408,-65.27494937498508,29.804774004714357,35.0,0.12185600706535034,12.390093086220023
22.853306038999982,105.54208323299986,SAT_10094,19.754827431020217,189.87090429948873,98.94471991460537,170.55706946978205,-65.23487261233997,29.82232306802713,35.0,0.12168989602817876,12.378436314556877
22.853306038999982,105.64208323299985,SAT_10094,19.786507659508175,190.0491055847335,98.94848123764791,170.54859682820364,-65.20319238385201,29.836182140837458,35.0,0.12155861254777532,12.369219083938045
22.853306038999982,105.74208323299985,SAT_10094,19.809769992329237,190.17995620685195,98.95123066479776,170.54236951903033,-65.17993005103095,29.846351191109854,35.0,0.12146222731122555,12.362449495799243
22.853306038999982,105.84208323299984,SAT_10094,19.82459867073068,190.26336752286008,98.95297782631746,170.5383972510634,-65.16510137262951,29.85283019533892,35.0,0.12140079244864244,12.358133524456388
22.853306038999982,105.94208323299983,SAT_10094,19.830983616683696,190.29928284384582,98.95372881320478,170.53668623433438,-65.15871642667649,29.855619138548917,35.0,0.12137434129066162,12.356274989600363
22.853306038999982,106.04208323299983,SAT_10094,19.828920482956804,190.28767771663203,98.95348623672872,170.53723914784138,-65.16077956040338,29.854718014293457,35.0,0.1213828882128678,12.356875538642598
22.853306038999982,106.14208323299982,SAT_10094,19.818410674763612,190.22856004554535,98.95224925387195,170.54005512559925,-65.17128936859658,29.8501268246554,35.0,0.12142642856856985,12.359934639084154
22.853306038999982,106.24208323299982,SAT_10094,19.799461342762143,190.12197005303705,98.95001355912235,170.54512976115097,-65.19023870059804,29.841845580246897,35.0,0.1215049387105385,12.365449580983425
22.853306038999982,106.34208323299981,SAT_10094,19.772085347476903,189.96798007955758,98.94677134247092,170.55245513049334,-65.21761469588328,29.829874300209568,35.0,0.1216183761015081,12.373415489498006
22.853306038999982,106.4420832329998,SAT_10094,19.736301195518493,189.76669422479154,98.9425112128844,170.56201983316623,-65.2533988478417,29.814213012214882,35.0,0.12176667951243392,12.383825347377911
22.853306038999982,106.5420832329998,SAT_10094,19.692132948267897,189.51824783400693,98.93721808591005,170.5738090510599,-65.29756709509229,29.794861752464666,35.0,0.12194976930670388,12.396670027190362
22.853306038999982,106.6420832329998,SAT_10094,19.63961010397496,189.22280683485914,98.93087303342118,170.58780462430545,-65.35008993938523,29.771820565691804,35.0,0.12216754780773985,12.411938332963842
22.953306038999983,104.94208323299989,SAT_10094,19.305177728448385,187.34162472252217,98.88914242341048,170.67632175193677,-65.6845223149118,29.624359663595932,35.0,0.12355565192415442,12.509004574646806
22.953306038999983,105.04208323299989,SAT_10094,19.38649040322325,187.7990085181308,98.89950949423829,170.6548946487217,-65.60320964013694,29.66033145495787,35.0,0.12321792770840771,12.48542851866471
22.953306038999983,105.14208323299988,SAT_10094,19.459615658546767,188.21033807932557,98.90871062721118,170.63557327590385,-65.53008438481342,29.692616254595382,35.0,0.12291433246007342,12.46421303104488
22.953306038999983,105.24208323299987,SAT_10094,19.524506719579506,188.5753502976347,98.9167807103285,170.61838636355873,-65.46519332378068,29.721213987844923,35.0,0.12264502149731046,12.445375926569557
22.953306038999983,105.34208323299987,SAT_10094,19.58112159305675,188.89380896094423,98.92374982038885,170.60335972060176,-65.40857845030344,29.74612458857369,35.0,0.1224101341597195,12.428933184115648
22.953306038999983,105.44208323299986,SAT_10094,19.629423264059668,189.16550586033566,98.92964354057533,170.59051610855784,-65.36027677930052,29.767347999178387,35.0,0.1222097931875275,12.414898876733536
22.953306038999983,105.54208323299986,SAT_10094,19.669379871803443,189.39026177889437,98.93448322567691,170.5798751286813,-65.32032017155674,29.78488417058414,35.0,0.12204410416886576,12.403285109290723
22.953306038999983,105.64208323299985,SAT_10094,19.70096486270468,189.56792735271387,98.93828621998682,170.57145312358404,-65.28873518065551,29.798733062243567,35.0,0.12191315505988747,12.394101964255155
22.953306038999983,105.74208323299985,SAT_10094,19.72415711919716,189.69838379548403,98.94106603192884,170.56526309439124,-65.26554292416303,29.80889464213603,35.0,0.12181701578191013,12.387357456125905
22.953306038999983,105.84208323299984,SAT_10094,19.73894106298141,189.78154347927043,98.94283246859571,170.56131463430285,-65.25075898037878,29.815368886767025,35.0,0.12175573789914367,12.383057494943827
22.953306038999983,106.04208323299983,SAT_10094,19.74324982790685,189.80578028197604,98.94334648306358,170.56016347627488,-65.24645021545334,29.81725531889478,35.0,0.1217378794433036,12.381804178629936
22.953306038999983,106.14208323299982,SAT_10094,19.73277174081521,189.74684104208555,98.94209586149223,170.56296256969807,-65.25692830254498,29.812667502030045,35.0,0.12178130849328307,12.384851926383678
23.053306038999985,104.8420832329999,SAT_10094,19.122098687404943,186.3118051166528,98.86527631490817,170.72434506478663,-65.86760135595524,29.543090329393376,35.0,0.124316577631338,12.562030042930656
23.053306038999985,104.94208323299989,SAT_10094,19.21126585998968,186.81337046244195,98.87700072021211,170.70099378021158,-65.7784341833705,29.58271976375962,35.0,0.1239458844209711,12.536214282497593
23.053306038999985,105.04208323299989,SAT_10094,19.292320922979002,187.2693051917569,98.88750226855232,170.67970417581563,-65.69737912038119,29.618665010372823,35.0,0.12360906457893919,12.512730890359439
23.053306038999985,105.14208323299988,SAT_10094,19.365213156697408,187.67932400642292,98.89682190233114,170.66050736848322,-65.62448688666278,29.65092598607572,35.0,0.12330628674243539,12.491599217512839
23.053306038999985,105.24208323299987,SAT_10094,19.429896356349417,188.04316700446546,98.90499525819872,170.64343172436142,-65.55980368701077,29.679502616239247,35.0,0.1230377044206755,12.472836874467921
23.053306038999985,105.34208323299987,SAT_10094,19.486329043971622,188.36060087234037,98.91205305367727,170.62850272312542,-65.50337099938857,29.704394834761143,35.0,0.12280345532214963,12.456459655702142
23.053306038999985,105.44208323299986,SAT_10094,19.53447466161252,188.63141997157044,98.91802141348697,170.61574283412781,-65.45522538174767,29.725602584064696,35.0,0.12260366074382868,12.442481470940717
23.053306038999985,105.54208323299986,SAT_10094,19.57430174388081,188.85544730932958,98.92292214198565,170.60517140566822,-65.41539829947938,29.743125815097684,35.0,0.1224384250274444,12.4309142838814
23.053306038999985,105.64208323299985,SAT_10094,19.605784068172653,189.03253538347118,98.9267729469403,170.5968045685065,-65.38391597518753,29.756964487331445,35.0,0.12230783508748186,12.421768058924988
23.15330603899998,104.94208323299989,SAT_10094,19.10787627322614,186.23180403689707,98.86340442188303,170.72806299353675,-65.88182377013405,29.536760940618944,35.0,0.12437572006097934,12.566145997155271
23.15330603899998,105.04208323299989,SAT_10094,19.188655801021127,186.68618888074386,98.87405883539047,170.70692178082024,-65.80104424233906,29.57267954311437,35.0,0.12403986462506641,12.542762140008119
23.15330603899998,105.14208323299988,SAT_10094,19.26129879576075,187.09480572615425,98.88351315525036,170.68785939880308,-65.72840124759944,29.604916605699714,35.0,0.12373795850375163,12.52172049599232
23.15330603899998,105.24208323299987,SAT_10094,19.32575966400597,187.4573981100336,98.89180387560184,170.67090382342766,-65.66394037935422,29.63347205378025,35.0,0.1234701532631121,12.503038456443688
23.15330603899998,105.34208323299987,SAT_10094,19.38199748036388,187.7737358270468,98.8989624476169,170.65608018140773,-65.60770256299631,29.65834582128411,35.0,0.12323658485975696,12.486731618012941
23.15330603899998,105.44208323299986,SAT_10094,19.429976176840327,188.04361599472688,98.90501561592863,170.64341062891316,-65.55972386651986,29.679537850661063,35.0,0.12303737304072164,12.47281371522704
23.15330603899998,105.54208323299986,SAT_10094,19.469664711938492,188.26686400465402,98.90998569941094,170.63291424312757,-65.5200353314217,29.69704809288144,35.0,0.12287262080934502,12.461296560366218
23.25330603899998,105.14208323299988,SAT_10094,19.147948196970958,186.45720860796166,98.86872295954956,170.71758296668173,-65.84175184638923,29.554588214100992,35.0,0.12420909626684111,12.554547997541643
23.25330603899998,105.24208323299987,SAT_10094,19.21217285304418,186.8184722983735,98.87714607135713,170.70075588398308,-65.77752719031601,29.583122401143555,35.0,0.12394211467473228,12.535951592801753
23.25330603899998,105.34208323299987,SAT_10094,19.26820363143335,187.13364542681262,98.88441831055773,170.68604498704246,-65.72149641192684,29.60797764885481,35.0,0.12370926777633584,12.519719805962854
23.25330603899998,105.44208323299986,SAT_10094,19.31600498490276,187.40252804007804,98.89056712657074,170.6734720992877,-65.67369505845743,29.62915389971088,35.0,0.12351067366817148,12.505866185212437
23.353306038999982,105.34208323299987,SAT_10094,19.145029659927474,186.44079183709204,98.86835247733539,170.71834674418392,-65.84467038343271,29.553290427644043,35.0,0.12422123072292185,12.555392836169919
